datetime,predicted_direction,action,buy_price,sell_price,balance,pnl,pnl_sum
2023-01-03 12:00:00+00:00,short,buy,16714.2,,999.5,-0.05,-0.05
2023-01-03 13:00:00+00:00,short,sell - direction_change,16714.2,16703.8,999.62,0.01,-0.04
2023-01-03 13:00:00+00:00,long,buy,16703.8,,999.12,-0.05,-0.09
2023-01-03 14:00:00+00:00,long,sell - direction_change,16703.8,16718.2,999.48,0.04,-0.05
2023-01-03 14:00:00+00:00,short,buy,16718.2,,998.98,-0.05,-0.1
2023-01-04 01:00:00+00:00,short,sell - direction_change,16718.2,16655.6,1002.23,0.32,0.22
2023-01-04 01:00:00+00:00,long,buy,16655.6,,1001.72,-0.05,0.17
2023-01-04 20:00:00+00:00,long,sell - direction_change,16655.6,16835.9,1012.07,1.03,1.21
2023-01-04 20:00:00+00:00,short,buy,16835.9,,1011.56,-0.05,1.16
2023-01-04 21:00:00+00:00,short,sell - direction_change,16835.9,16801.1,1013.15,0.16,1.31
2023-01-04 21:00:00+00:00,long,buy,16801.1,,1012.64,-0.05,1.26
2023-01-05 00:00:00+00:00,long,sell - direction_change,16801.1,16842.2,1014.61,0.19,1.46
2023-01-05 00:00:00+00:00,short,buy,16842.2,,1014.1,-0.05,1.41
2023-01-05 01:00:00+00:00,short,sell - direction_change,16842.2,16819.8,1014.95,0.08,1.49
2023-01-05 01:00:00+00:00,long,buy,16819.8,,1014.44,-0.05,1.44
2023-01-05 03:00:00+00:00,long,sell - direction_change,16819.8,16827.9,1014.42,-0.0,1.44
2023-01-05 03:00:00+00:00,short,buy,16827.9,,1013.91,-0.05,1.39
2023-01-05 04:00:00+00:00,short,sell - direction_change,16827.9,16819.0,1013.94,0.0,1.39
2023-01-05 04:00:00+00:00,long,buy,16819.0,,1013.43,-0.05,1.34
2023-01-05 06:00:00+00:00,long,sell - direction_change,16819.0,16836.2,1013.96,0.05,1.39
2023-01-05 06:00:00+00:00,short,buy,16836.2,,1013.46,-0.05,1.34
2023-01-05 11:00:00+00:00,short,sell - direction_change,16836.2,16816.4,1014.14,0.07,1.41
2023-01-05 11:00:00+00:00,long,buy,16816.4,,1013.63,-0.05,1.36
2023-01-05 12:00:00+00:00,long,sell - direction_change,16816.4,16827.0,1013.77,0.01,1.37
2023-01-05 12:00:00+00:00,short,buy,16827.0,,1013.26,-0.05,1.32
2023-01-05 15:00:00+00:00,short,sell - direction_change,16827.0,16822.6,1013.02,-0.02,1.3
2023-01-05 15:00:00+00:00,long,buy,16822.6,,1012.51,-0.05,1.25
2023-01-05 17:00:00+00:00,long,sell - direction_change,16822.6,16833.0,1012.63,0.01,1.26
2023-01-05 17:00:00+00:00,short,buy,16833.0,,1012.13,-0.05,1.21
2023-01-05 18:00:00+00:00,short,sell - direction_change,16833.0,16806.8,1013.19,0.11,1.32
2023-01-05 18:00:00+00:00,long,buy,16806.8,,1012.69,-0.05,1.27
2023-01-06 01:00:00+00:00,long,sell - direction_change,16806.8,16852.1,1014.91,0.22,1.49
2023-01-06 01:00:00+00:00,short,buy,16852.1,,1014.4,-0.05,1.44
2023-01-06 02:00:00+00:00,short,sell - direction_change,16852.1,16818.1,1015.94,0.15,1.59
2023-01-06 02:00:00+00:00,long,buy,16818.1,,1015.44,-0.05,1.54
2023-01-06 04:00:00+00:00,long,sell - direction_change,16818.1,16825.0,1015.34,-0.01,1.53
2023-01-06 04:00:00+00:00,short,buy,16825.0,,1014.84,-0.05,1.48
2023-01-06 15:00:00+00:00,short,sell - direction_change,16825.0,16743.0,1019.27,0.44,1.92
2023-01-06 15:00:00+00:00,long,buy,16743.0,,1018.77,-0.05,1.87
2023-01-07 08:00:00+00:00,long,sell - direction_change,16743.0,16939.8,1030.23,1.13,2.99
2023-01-07 08:00:00+00:00,short,buy,16939.8,,1029.72,-0.05,2.94
2023-01-07 09:00:00+00:00,short,sell - direction_change,16939.8,16922.1,1030.28,0.05,3.0
2023-01-07 09:00:00+00:00,long,buy,16922.1,,1029.76,-0.05,2.95
2023-01-07 10:00:00+00:00,long,sell - direction_change,16922.1,16924.0,1029.36,-0.04,2.91
2023-01-07 10:00:00+00:00,short,buy,16924.0,,1028.85,-0.05,2.86
2023-01-07 11:00:00+00:00,short,sell - direction_change,16924.0,16917.2,1028.75,-0.01,2.85
2023-01-07 11:00:00+00:00,long,buy,16917.2,,1028.23,-0.05,2.8
2023-01-07 16:00:00+00:00,long,sell - direction_change,16917.2,16934.5,1028.77,0.05,2.85
2023-01-07 16:00:00+00:00,short,buy,16934.5,,1028.26,-0.05,2.8
2023-01-07 17:00:00+00:00,short,sell - direction_change,16934.5,16916.4,1028.84,0.06,2.86
2023-01-07 17:00:00+00:00,long,buy,16916.4,,1028.33,-0.05,2.81
2023-01-08 00:00:00+00:00,long,sell - direction_change,16916.4,16936.5,1029.03,0.07,2.88
2023-01-08 00:00:00+00:00,short,buy,16936.5,,1028.52,-0.05,2.83
2023-01-08 02:00:00+00:00,short,sell - direction_change,16936.5,16924.9,1028.71,0.02,2.84
2023-01-08 02:00:00+00:00,long,buy,16924.9,,1028.19,-0.05,2.79
2023-01-08 04:00:00+00:00,long,sell - direction_change,16924.9,16938.9,1028.53,0.03,2.83
2023-01-08 04:00:00+00:00,short,buy,16938.9,,1028.02,-0.05,2.78
2023-01-08 05:00:00+00:00,short,sell - direction_change,16938.9,16930.8,1027.99,-0.0,2.78
2023-01-08 05:00:00+00:00,long,buy,16930.8,,1027.48,-0.05,2.73
2023-01-08 09:00:00+00:00,long,sell - direction_change,16930.8,16938.8,1027.45,-0.0,2.72
2023-01-08 09:00:00+00:00,short,buy,16938.8,,1026.94,-0.05,2.67
2023-01-08 10:00:00+00:00,short,sell - direction_change,16938.8,16927.4,1027.12,0.02,2.69
2023-01-08 10:00:00+00:00,long,buy,16927.4,,1026.6,-0.05,2.64
2023-01-08 11:00:00+00:00,long,sell - direction_change,16927.4,16930.8,1026.3,-0.03,2.61
2023-01-08 11:00:00+00:00,short,buy,16930.8,,1025.78,-0.05,2.56
2023-01-08 14:00:00+00:00,short,sell - direction_change,16930.8,16924.1,1025.68,-0.01,2.55
2023-01-08 14:00:00+00:00,long,buy,16924.1,,1025.16,-0.05,2.5
2023-01-08 16:00:00+00:00,long,sell - direction_change,16924.1,16990.9,1028.7,0.34,2.84
2023-01-08 16:00:00+00:00,short,buy,16990.9,,1028.18,-0.05,2.79
2023-01-08 20:00:00+00:00,short,sell - direction_change,16990.9,16920.3,1031.94,0.37,3.16
2023-01-08 20:00:00+00:00,long,buy,16920.3,,1031.42,-0.05,3.11
2023-01-09 20:00:00+00:00,long,sell - direction_change,16920.3,17285.6,1053.18,2.11,5.22
2023-01-09 20:00:00+00:00,short,buy,17285.6,,1052.65,-0.05,5.17
2023-01-09 22:00:00+00:00,short,sell - direction_change,17285.6,17172.5,1059.01,0.6,5.77
2023-01-09 22:00:00+00:00,long,buy,17172.5,,1058.48,-0.05,5.72
2023-01-09 23:00:00+00:00,long,sell - direction_change,17172.5,17197.9,1059.52,0.1,5.82
2023-01-09 23:00:00+00:00,short,buy,17197.9,,1058.99,-0.05,5.77
2023-01-10 00:00:00+00:00,short,sell - direction_change,17197.9,17169.6,1060.2,0.11,5.89
2023-01-10 00:00:00+00:00,long,buy,17169.6,,1059.67,-0.05,5.84
2023-01-10 01:00:00+00:00,long,sell - direction_change,17169.6,17211.0,1061.7,0.19,6.03
2023-01-10 01:00:00+00:00,short,buy,17211.0,,1061.17,-0.05,5.98
2023-01-10 04:00:00+00:00,short,sell - direction_change,17211.0,17199.9,1061.32,0.01,5.99
2023-01-10 04:00:00+00:00,long,buy,17199.9,,1060.79,-0.05,5.94
2023-01-10 06:00:00+00:00,long,sell - direction_change,17199.9,17222.4,1061.65,0.08,6.02
2023-01-10 06:00:00+00:00,short,buy,17222.4,,1061.11,-0.05,5.97
2023-01-10 08:00:00+00:00,short,sell - direction_change,17222.4,17194.6,1062.3,0.11,6.08
2023-01-10 08:00:00+00:00,long,buy,17194.6,,1061.77,-0.05,6.03
2023-01-10 12:00:00+00:00,long,sell - direction_change,17194.6,17244.3,1064.3,0.24,6.27
2023-01-10 12:00:00+00:00,short,buy,17244.3,,1063.77,-0.05,6.22
2023-01-10 13:00:00+00:00,short,sell - direction_change,17244.3,17216.2,1064.97,0.11,6.34
2023-01-10 13:00:00+00:00,long,buy,17216.2,,1064.44,-0.05,6.29
2023-01-11 13:00:00+00:00,long,sell - direction_change,17216.2,17408.6,1075.8,1.07,7.35
2023-01-11 13:00:00+00:00,short,buy,17408.6,,1075.27,-0.05,7.3
2023-01-11 14:00:00+00:00,short,sell - direction_change,17408.6,17404.7,1074.97,-0.03,7.28
2023-01-11 14:00:00+00:00,long,buy,17404.7,,1074.43,-0.05,7.23
2023-01-11 15:00:00+00:00,long,sell - direction_change,17404.7,17406.0,1073.98,-0.04,7.18
2023-01-11 15:00:00+00:00,short,buy,17406.0,,1073.44,-0.05,7.13
2023-01-11 18:00:00+00:00,short,sell - direction_change,17406.0,17373.4,1074.91,0.14,7.27
2023-01-11 18:00:00+00:00,long,buy,17373.4,,1074.37,-0.05,7.22
2023-01-11 23:33:00+00:00,long,sell - take_profit,17373.4,17894.602000000003,1106.07,2.95,10.17
2023-01-12 00:00:00+00:00,long,buy,17935.6,,1105.52,-0.05,10.12
2023-01-12 14:00:00+00:00,long,sell - direction_change,17935.6,18277.7,1126.05,1.86,11.98
2023-01-12 14:00:00+00:00,short,buy,18277.7,,1125.49,-0.05,11.93
2023-01-12 15:00:00+00:00,short,sell - direction_change,18277.7,17989.7,1142.66,1.53,13.45
2023-01-12 15:00:00+00:00,long,buy,17989.7,,1142.09,-0.05,13.4
2023-01-12 17:36:00+00:00,long,sell - take_profit,17989.7,18529.391,1175.78,2.95,16.35
2023-01-12 18:00:00+00:00,long,buy,18840.0,,1175.19,-0.05,16.3
2023-01-12 18:29:00+00:00,long,sell - stop_loss,18840.0,18651.6,1162.85,-1.05,15.25
2023-01-12 19:00:00+00:00,long,buy,18790.1,,1162.27,-0.05,15.2
2023-01-13 17:22:00+00:00,long,sell - take_profit,18790.1,19353.803,1196.56,2.95,18.15
2023-01-13 18:00:00+00:00,long,buy,19248.4,,1195.96,-0.05,18.1
2023-01-13 21:38:00+00:00,long,sell - take_profit,19248.4,19825.852000000003,1231.24,2.95,21.05
2023-01-13 22:00:00+00:00,long,buy,19808.9,,1230.62,-0.05,21.0
2023-01-14 00:25:00+00:00,long,sell - take_profit,19808.9,20403.167,1266.93,2.95,23.95
2023-01-14 01:00:00+00:00,long,buy,20901.8,,1266.29,-0.05,23.9
2023-01-14 09:17:00+00:00,long,sell - stop_loss,20901.8,20692.782,1253.0,-1.05,22.85
2023-01-14 10:00:00+00:00,long,buy,20542.4,,1252.37,-0.05,22.8
2023-01-14 10:23:00+00:00,long,sell - stop_loss,20542.4,20336.976000000002,1239.22,-1.05,21.75
2023-01-14 11:00:00+00:00,long,buy,20513.8,,1238.6,-0.05,21.7
2023-01-14 14:33:00+00:00,long,sell - take_profit,20513.8,21129.214,1275.14,2.95,24.65
2023-01-14 15:00:00+00:00,long,buy,20841.9,,1274.5,-0.05,24.6
2023-01-14 15:42:00+00:00,long,sell - stop_loss,20841.9,20633.481,1261.12,-1.05,23.55
2023-01-14 16:00:00+00:00,long,buy,20796.9,,1260.49,-0.05,23.5
2023-01-15 00:00:00+00:00,long,sell - direction_change,20796.9,20962.8,1269.91,0.75,24.25
2023-01-15 00:00:00+00:00,short,buy,20962.8,,1269.28,-0.05,24.2
2023-01-15 01:00:00+00:00,short,sell - direction_change,20962.8,20774.7,1280.03,0.85,25.05
2023-01-15 01:00:00+00:00,long,buy,20774.7,,1279.39,-0.05,25.0
2023-01-15 02:00:00+00:00,long,sell - direction_change,20774.7,20785.3,1279.41,0.0,25.0
2023-01-15 02:00:00+00:00,short,buy,20785.3,,1278.77,-0.05,24.95
2023-01-15 13:00:00+00:00,short,sell - direction_change,20785.3,20707.9,1282.89,0.32,25.27
2023-01-15 13:00:00+00:00,long,buy,20707.9,,1282.25,-0.05,25.22
2023-01-16 01:16:00+00:00,long,sell - take_profit,20707.9,21329.137000000002,1320.07,2.95,28.17
2023-01-16 02:00:00+00:00,long,buy,21193.0,,1319.41,-0.05,28.12
2023-01-16 08:00:00+00:00,long,sell - direction_change,21193.0,21116.0,1313.96,-0.41,27.71
2023-01-16 08:00:00+00:00,short,buy,21116.0,,1313.3,-0.05,27.66
2023-01-16 15:00:00+00:00,short,sell - direction_change,21116.0,20862.8,1328.4,1.15,28.81
2023-01-16 15:00:00+00:00,long,buy,20862.8,,1327.73,-0.05,28.76
2023-01-16 15:14:00+00:00,long,sell - stop_loss,20862.8,20654.172,1313.79,-1.05,27.71
2023-01-16 16:00:00+00:00,long,buy,21000.6,,1313.13,-0.05,27.66
2023-01-17 06:00:00+00:00,long,sell - direction_change,21000.6,21153.7,1322.05,0.68,28.34
2023-01-17 06:00:00+00:00,short,buy,21153.7,,1321.39,-0.05,28.29
2023-01-17 07:00:00+00:00,short,sell - direction_change,21153.7,21077.7,1325.47,0.31,28.6
2023-01-17 07:00:00+00:00,long,buy,21077.7,,1324.81,-0.05,28.55
2023-01-17 23:00:00+00:00,long,sell - direction_change,21077.7,21229.9,1333.72,0.67,29.22
2023-01-17 23:00:00+00:00,short,buy,21229.9,,1333.05,-0.05,29.17
2023-01-18 01:00:00+00:00,short,sell - direction_change,21229.9,21201.1,1334.19,0.09,29.25
2023-01-18 01:00:00+00:00,long,buy,21201.1,,1333.52,-0.05,29.2
2023-01-18 09:00:00+00:00,long,sell - direction_change,21201.1,21246.0,1335.68,0.16,29.37
2023-01-18 09:00:00+00:00,short,buy,21246.0,,1335.01,-0.05,29.32
2023-01-18 12:00:00+00:00,short,sell - direction_change,21246.0,21201.7,1337.13,0.16,29.47
2023-01-18 12:00:00+00:00,long,buy,21201.7,,1336.46,-0.05,29.42
2023-01-18 15:00:00+00:00,long,sell - direction_change,21201.7,21419.9,1349.55,0.98,30.4
2023-01-18 15:00:00+00:00,short,buy,21419.9,,1348.87,-0.05,30.35
2023-01-18 16:20:00+00:00,short,sell - take_profit,21419.9,20777.303,1388.66,2.95,33.3
2023-01-18 17:00:00+00:00,short,buy,20851.2,,1387.97,-0.05,33.25
2023-01-18 17:13:00+00:00,short,sell - stop_loss,20851.2,21059.712,1373.4,-1.05,32.2
2023-01-18 18:00:00+00:00,short,buy,20889.5,,1372.71,-0.05,32.15
2023-01-19 00:00:00+00:00,short,sell - direction_change,20889.5,20680.1,1385.78,0.95,33.11
2023-01-19 00:00:00+00:00,long,buy,20680.1,,1385.09,-0.05,33.06
2023-01-19 02:00:00+00:00,long,sell - direction_change,20680.1,20719.9,1387.06,0.14,33.2
2023-01-19 02:00:00+00:00,short,buy,20719.9,,1386.37,-0.05,33.15
2023-01-19 04:00:00+00:00,short,sell - direction_change,20719.9,20748.9,1383.74,-0.19,32.96
2023-01-19 04:00:00+00:00,long,buy,20748.9,,1383.04,-0.05,32.91
2023-01-19 08:00:00+00:00,long,sell - direction_change,20748.9,20818.2,1386.97,0.28,33.19
2023-01-19 08:00:00+00:00,short,buy,20818.2,,1386.28,-0.05,33.14
2023-01-19 09:00:00+00:00,short,sell - direction_change,20818.2,20770.0,1388.8,0.18,33.32
2023-01-19 09:00:00+00:00,long,buy,20770.0,,1388.1,-0.05,33.27
2023-01-19 11:00:00+00:00,long,sell - direction_change,20770.0,20797.6,1389.25,0.08,33.36
2023-01-19 11:00:00+00:00,short,buy,20797.6,,1388.56,-0.05,33.31
2023-01-19 15:00:00+00:00,short,sell - direction_change,20797.6,20800.8,1387.65,-0.07,33.24
2023-01-19 15:00:00+00:00,long,buy,20800.8,,1386.96,-0.05,33.19
2023-01-19 17:00:00+00:00,long,sell - direction_change,20800.8,20873.5,1391.11,0.3,33.49
2023-01-19 17:00:00+00:00,short,buy,20873.5,,1390.41,-0.05,33.44
2023-01-19 18:00:00+00:00,short,sell - direction_change,20873.5,20838.2,1392.07,0.12,33.56
2023-01-19 18:00:00+00:00,long,buy,20838.2,,1391.37,-0.05,33.51
2023-01-20 06:00:00+00:00,long,sell - direction_change,20838.2,20979.3,1400.1,0.63,34.14
2023-01-20 06:00:00+00:00,short,buy,20979.3,,1399.4,-0.05,34.09
2023-01-20 07:00:00+00:00,short,sell - direction_change,20979.3,20939.1,1401.38,0.14,34.23
2023-01-20 07:00:00+00:00,long,buy,20939.1,,1400.68,-0.05,34.18
2023-01-20 08:00:00+00:00,long,sell - direction_change,20939.1,20954.1,1400.98,0.02,34.2
2023-01-20 08:00:00+00:00,short,buy,20954.1,,1400.28,-0.05,34.15
2023-01-20 09:00:00+00:00,short,sell - direction_change,20954.1,20943.8,1400.27,-0.0,34.15
2023-01-20 09:00:00+00:00,long,buy,20943.8,,1399.57,-0.05,34.1
2023-01-20 11:00:00+00:00,long,sell - direction_change,20943.8,20958.8,1399.87,0.02,34.12
2023-01-20 11:00:00+00:00,short,buy,20958.8,,1399.17,-0.05,34.07
2023-01-20 12:00:00+00:00,short,sell - direction_change,20958.8,20957.5,1398.56,-0.04,34.03
2023-01-20 12:00:00+00:00,long,buy,20957.5,,1397.86,-0.05,33.98
2023-01-20 20:01:00+00:00,long,sell - take_profit,20957.5,21586.225000000002,1439.1,2.95,36.93
2023-01-20 21:00:00+00:00,long,buy,22287.2,,1438.38,-0.05,36.88
2023-01-21 09:42:00+00:00,long,sell - take_profit,22287.2,22955.816000000003,1480.81,2.95,39.83
2023-01-21 10:00:00+00:00,long,buy,23027.6,,1480.07,-0.05,39.78
2023-01-21 10:26:00+00:00,long,sell - stop_loss,23027.6,22797.323999999997,1464.53,-1.05,38.73
2023-01-21 11:00:00+00:00,long,buy,22776.8,,1463.8,-0.05,38.68
2023-01-22 01:00:00+00:00,long,sell - direction_change,22776.8,22878.0,1469.57,0.39,39.07
2023-01-22 01:00:00+00:00,short,buy,22878.0,,1468.83,-0.05,39.02
2023-01-22 03:00:00+00:00,short,sell - direction_change,22878.0,22711.7,1478.78,0.68,39.7
2023-01-22 03:00:00+00:00,long,buy,22711.7,,1478.04,-0.05,39.65
2023-01-22 07:00:00+00:00,long,sell - direction_change,22711.7,22921.3,1490.94,0.87,40.52
2023-01-22 07:00:00+00:00,short,buy,22921.3,,1490.19,-0.05,40.47
2023-01-22 08:00:00+00:00,short,sell - direction_change,22921.3,22893.2,1491.28,0.07,40.54
2023-01-22 08:00:00+00:00,long,buy,22893.2,,1490.53,-0.05,40.49
2023-01-22 10:00:00+00:00,long,sell - direction_change,22893.2,22855.9,1487.36,-0.21,40.28
2023-01-22 10:00:00+00:00,short,buy,22855.9,,1486.61,-0.05,40.23
2023-01-22 12:00:00+00:00,short,sell - direction_change,22855.9,22785.6,1490.44,0.26,40.49
2023-01-22 12:00:00+00:00,long,buy,22785.6,,1489.7,-0.05,40.44
2023-01-22 15:00:00+00:00,long,sell - direction_change,22785.6,22993.2,1502.52,0.86,41.3
2023-01-22 15:00:00+00:00,short,buy,22993.2,,1501.77,-0.05,41.25
2023-01-22 17:00:00+00:00,short,sell - direction_change,22993.2,22814.5,1512.69,0.73,41.98
2023-01-22 17:00:00+00:00,long,buy,22814.5,,1511.94,-0.05,41.93
2023-01-22 18:00:00+00:00,long,sell - direction_change,22814.5,22924.4,1518.46,0.43,42.36
2023-01-22 18:00:00+00:00,short,buy,22924.4,,1517.71,-0.05,42.31
2023-01-23 04:00:00+00:00,short,sell - direction_change,22924.4,22657.6,1534.61,1.11,43.42
2023-01-23 04:00:00+00:00,long,buy,22657.6,,1533.84,-0.05,43.37
2023-01-23 07:00:00+00:00,long,sell - direction_change,22657.6,22773.4,1540.92,0.46,43.83
2023-01-23 07:00:00+00:00,short,buy,22773.4,,1540.14,-0.05,43.78
2023-01-23 09:00:00+00:00,short,sell - direction_change,22773.4,22718.0,1543.12,0.19,43.98
2023-01-23 09:00:00+00:00,long,buy,22718.0,,1542.35,-0.05,43.93
2023-01-23 14:00:00+00:00,long,sell - direction_change,22718.0,22797.1,1546.95,0.3,44.22
2023-01-23 14:00:00+00:00,short,buy,22797.1,,1546.18,-0.05,44.17
2023-01-23 14:51:00+00:00,short,sell - stop_loss,22797.1,23025.071,1529.94,-1.05,43.12
2023-01-23 15:00:00+00:00,long,buy,22635.8,,1529.18,-0.05,43.07
2023-01-24 09:00:00+00:00,long,sell - direction_change,22635.8,23047.0,1556.19,1.77,44.84
2023-01-24 09:00:00+00:00,short,buy,23047.0,,1555.41,-0.05,44.79
2023-01-24 12:00:00+00:00,short,sell - direction_change,23047.0,22912.1,1563.74,0.54,45.33
2023-01-24 12:00:00+00:00,long,buy,22912.1,,1562.96,-0.05,45.28
2023-01-24 13:00:00+00:00,long,sell - direction_change,22912.1,22958.6,1565.35,0.15,45.43
2023-01-24 13:00:00+00:00,short,buy,22958.6,,1564.56,-0.05,45.38
2023-01-24 18:00:00+00:00,short,sell - direction_change,22958.6,22906.0,1567.37,0.18,45.56
2023-01-24 18:00:00+00:00,long,buy,22906.0,,1566.58,-0.05,45.51
2023-01-24 21:00:00+00:00,long,sell - direction_change,22906.0,23004.2,1572.52,0.38,45.89
2023-01-24 21:00:00+00:00,short,buy,23004.2,,1571.73,-0.05,45.84
2023-01-25 01:26:00+00:00,short,sell - take_profit,23004.2,22314.074,1618.1,2.95,48.79
2023-01-25 02:00:00+00:00,short,buy,22487.4,,1617.29,-0.05,48.74
2023-01-25 05:31:00+00:00,short,sell - stop_loss,22487.4,22712.274,1600.3,-1.05,47.69
2023-01-25 06:00:00+00:00,short,buy,22665.4,,1599.5,-0.05,47.64
2023-01-25 12:00:00+00:00,short,sell - direction_change,22665.4,22595.8,1603.62,0.26,47.89
2023-01-25 12:00:00+00:00,long,buy,22595.8,,1602.81,-0.05,47.84
2023-01-25 13:00:00+00:00,long,sell - direction_change,22595.8,22692.0,1608.84,0.38,48.22
2023-01-25 13:00:00+00:00,short,buy,22692.0,,1608.03,-0.05,48.17
2023-01-25 18:00:00+00:00,short,sell - direction_change,22692.0,22567.9,1616.02,0.5,48.67
2023-01-25 18:00:00+00:00,long,buy,22567.9,,1615.21,-0.05,48.62
2023-01-25 21:36:00+00:00,long,sell - take_profit,22567.9,23244.937,1662.86,2.95,51.57
2023-01-25 22:00:00+00:00,long,buy,23593.3,,1662.03,-0.05,51.52
2023-01-25 22:10:00+00:00,long,sell - stop_loss,23593.3,23357.367,1644.58,-1.05,50.47
2023-01-25 23:00:00+00:00,long,buy,22930.1,,1643.76,-0.05,50.42
2023-01-26 15:00:00+00:00,long,sell - direction_change,22930.1,23028.6,1650.0,0.38,50.8
2023-01-26 15:00:00+00:00,short,buy,23028.6,,1649.17,-0.05,50.75
2023-01-26 16:00:00+00:00,short,sell - direction_change,23028.6,22947.2,1654.18,0.3,51.05
2023-01-26 16:00:00+00:00,long,buy,22947.2,,1653.35,-0.05,51.0
2023-01-26 22:00:00+00:00,long,sell - direction_change,22947.2,23073.5,1661.62,0.5,51.5
2023-01-26 22:00:00+00:00,short,buy,23073.5,,1660.79,-0.05,51.45
2023-01-27 05:00:00+00:00,short,sell - direction_change,23073.5,22790.1,1680.36,1.18,52.63
2023-01-27 05:00:00+00:00,long,buy,22790.1,,1679.52,-0.05,52.58
2023-01-27 06:00:00+00:00,long,sell - direction_change,22790.1,23028.7,1696.26,1.0,53.58
2023-01-27 06:00:00+00:00,short,buy,23028.7,,1695.42,-0.05,53.53
2023-01-27 07:00:00+00:00,short,sell - direction_change,23028.7,22992.5,1697.23,0.11,53.63
2023-01-27 07:00:00+00:00,long,buy,22992.5,,1696.39,-0.05,53.58
2023-01-27 08:00:00+00:00,long,sell - direction_change,22992.5,23068.1,1701.12,0.28,53.86
2023-01-27 08:00:00+00:00,short,buy,23068.1,,1700.26,-0.05,53.81
2023-01-27 10:00:00+00:00,short,sell - direction_change,23068.1,22942.7,1708.66,0.49,54.3
2023-01-27 10:00:00+00:00,long,buy,22942.7,,1707.8,-0.05,54.25
2023-01-27 12:00:00+00:00,long,sell - direction_change,22942.7,22964.4,1708.56,0.04,54.3
2023-01-27 12:00:00+00:00,short,buy,22964.4,,1707.71,-0.05,54.25
2023-01-27 14:00:00+00:00,short,sell - direction_change,22964.4,22896.3,1711.92,0.25,54.5
2023-01-27 14:00:00+00:00,long,buy,22896.3,,1711.06,-0.05,54.45
2023-01-27 15:00:00+00:00,long,sell - direction_change,22896.3,22958.3,1714.84,0.22,54.67
2023-01-27 15:00:00+00:00,short,buy,22958.3,,1713.98,-0.05,54.62
2023-01-27 16:00:00+00:00,short,sell - direction_change,22958.3,22928.8,1715.33,0.08,54.7
2023-01-27 16:00:00+00:00,long,buy,22928.8,,1714.47,-0.05,54.65
2023-01-28 04:00:00+00:00,long,sell - direction_change,22928.8,23108.9,1727.08,0.74,55.38
2023-01-28 04:00:00+00:00,short,buy,23108.9,,1726.22,-0.05,55.33
2023-01-28 16:00:00+00:00,short,sell - direction_change,23108.9,23004.6,1733.15,0.4,55.73
2023-01-28 16:00:00+00:00,long,buy,23004.6,,1732.28,-0.05,55.68
2023-01-28 18:00:00+00:00,long,sell - direction_change,23004.6,23012.9,1732.04,-0.01,55.67
2023-01-28 18:00:00+00:00,short,buy,23012.9,,1731.17,-0.05,55.62
2023-01-28 19:00:00+00:00,short,sell - direction_change,23012.9,22991.2,1731.94,0.04,55.66
2023-01-28 19:00:00+00:00,long,buy,22991.2,,1731.07,-0.05,55.61
2023-01-28 20:00:00+00:00,long,sell - direction_change,22991.2,23033.2,1733.37,0.13,55.75
2023-01-28 20:00:00+00:00,short,buy,23033.2,,1732.5,-0.05,55.7
2023-01-28 21:00:00+00:00,short,sell - direction_change,23033.2,22959.1,1737.21,0.27,55.97
2023-01-28 21:00:00+00:00,long,buy,22959.1,,1736.34,-0.05,55.92
2023-01-28 22:00:00+00:00,long,sell - direction_change,22959.1,22993.9,1738.11,0.1,56.02
2023-01-28 22:00:00+00:00,short,buy,22993.9,,1737.24,-0.05,55.97
2023-01-28 23:00:00+00:00,short,sell - direction_change,22993.9,22969.9,1738.18,0.05,56.02
2023-01-28 23:00:00+00:00,long,buy,22969.9,,1737.31,-0.05,55.97
2023-01-29 11:04:00+00:00,long,sell - take_profit,22969.9,23658.997000000003,1788.56,2.95,58.92
2023-01-29 12:00:00+00:00,long,buy,23430.0,,1787.67,-0.05,58.87
2023-01-30 06:00:00+00:00,long,sell - direction_change,23430.0,23733.7,1809.95,1.25,60.12
2023-01-30 06:00:00+00:00,short,buy,23733.7,,1809.04,-0.05,60.07
2023-01-30 11:42:00+00:00,short,sell - take_profit,23733.7,23021.689,1862.41,2.95,63.02
2023-01-30 12:00:00+00:00,short,buy,23075.2,,1861.48,-0.05,62.97
2023-01-31 06:00:00+00:00,short,sell - direction_change,23075.2,22748.2,1886.93,1.37,64.34
2023-01-31 06:00:00+00:00,long,buy,22748.2,,1885.98,-0.05,64.29
2023-01-31 09:00:00+00:00,long,sell - direction_change,22748.2,22904.7,1898.01,0.64,64.92
2023-01-31 09:00:00+00:00,short,buy,22904.7,,1897.07,-0.05,64.87
2023-01-31 11:00:00+00:00,short,sell - direction_change,22904.7,22821.0,1903.05,0.32,65.19
2023-01-31 11:00:00+00:00,long,buy,22821.0,,1902.1,-0.05,65.14
2023-02-01 06:00:00+00:00,long,sell - direction_change,22821.0,23113.4,1925.52,1.23,66.37
2023-02-01 06:00:00+00:00,short,buy,23113.4,,1924.56,-0.05,66.32
2023-02-01 07:00:00+00:00,short,sell - direction_change,23113.4,23060.0,1928.04,0.18,66.5
2023-02-01 07:00:00+00:00,long,buy,23060.0,,1927.08,-0.05,66.45
2023-02-01 08:00:00+00:00,long,sell - direction_change,23060.0,23070.9,1927.02,-0.0,66.45
2023-02-01 08:00:00+00:00,short,buy,23070.9,,1926.06,-0.05,66.4
2023-02-01 11:00:00+00:00,short,sell - direction_change,23070.9,22994.0,1931.52,0.28,66.68
2023-02-01 11:00:00+00:00,long,buy,22994.0,,1930.55,-0.05,66.63
2023-02-01 12:00:00+00:00,long,sell - direction_change,22994.0,23076.1,1936.48,0.31,66.94
2023-02-01 12:00:00+00:00,short,buy,23076.1,,1935.51,-0.05,66.89
2023-02-01 13:00:00+00:00,short,sell - direction_change,23076.1,23058.3,1936.03,0.03,66.92
2023-02-01 13:00:00+00:00,long,buy,23058.3,,1935.07,-0.05,66.87
2023-02-01 15:00:00+00:00,long,sell - direction_change,23058.3,23098.1,1937.44,0.12,66.99
2023-02-01 15:00:00+00:00,short,buy,23098.1,,1936.47,-0.05,66.94
2023-02-01 18:00:00+00:00,short,sell - direction_change,23098.1,22989.2,1944.63,0.42,67.36
2023-02-01 18:00:00+00:00,long,buy,22989.2,,1943.66,-0.05,67.31
2023-02-01 19:32:00+00:00,long,sell - stop_loss,22989.2,22759.308,1923.25,-1.05,66.26
2023-02-01 20:00:00+00:00,long,buy,23379.8,,1922.29,-0.05,66.21
2023-02-02 00:44:00+00:00,long,sell - take_profit,23379.8,24081.194,1979.0,2.95,69.16
2023-02-02 01:00:00+00:00,long,buy,24194.4,,1978.01,-0.05,69.11
2023-02-02 01:59:00+00:00,long,sell - stop_loss,24194.4,23952.456000000002,1957.24,-1.05,68.06
2023-02-02 02:00:00+00:00,long,buy,23958.6,,1956.26,-0.05,68.01
2023-02-02 06:23:00+00:00,long,sell - stop_loss,23958.6,23719.014,1935.72,-1.05,66.96
2023-02-02 07:00:00+00:00,long,buy,23793.9,,1934.75,-0.05,66.91
2023-02-02 14:00:00+00:00,long,sell - direction_change,23793.9,23773.5,1932.13,-0.14,66.78
2023-02-02 14:00:00+00:00,short,buy,23773.5,,1931.16,-0.05,66.73
2023-02-02 15:00:00+00:00,short,sell - direction_change,23773.5,23612.1,1943.3,0.63,67.35
2023-02-02 15:00:00+00:00,long,buy,23612.1,,1942.33,-0.05,67.3
2023-02-02 21:00:00+00:00,long,sell - direction_change,23612.1,23875.0,1962.99,1.06,68.37
2023-02-02 21:00:00+00:00,short,buy,23875.0,,1962.01,-0.05,68.32
2023-02-03 14:00:00+00:00,short,sell - direction_change,23875.0,23348.8,2004.27,2.15,70.47
2023-02-03 14:00:00+00:00,long,buy,23348.8,,2003.27,-0.05,70.42
2023-02-03 16:00:00+00:00,long,sell - direction_change,23348.8,23601.1,2023.91,1.03,71.45
2023-02-03 16:00:00+00:00,short,buy,23601.1,,2022.9,-0.05,71.4
2023-02-03 17:00:00+00:00,short,sell - direction_change,23601.1,23514.3,2029.33,0.32,71.72
2023-02-03 17:00:00+00:00,long,buy,23514.3,,2028.31,-0.05,71.67
2023-02-03 18:00:00+00:00,long,sell - direction_change,23514.3,23504.1,2026.42,-0.09,71.58
2023-02-03 18:00:00+00:00,short,buy,23504.1,,2025.41,-0.05,71.53
2023-02-03 23:00:00+00:00,short,sell - direction_change,23504.1,23417.3,2031.87,0.32,71.85
2023-02-03 23:00:00+00:00,long,buy,23417.3,,2030.86,-0.05,71.8
2023-02-04 00:00:00+00:00,long,sell - direction_change,23417.3,23424.7,2030.48,-0.02,71.78
2023-02-04 00:00:00+00:00,short,buy,23424.7,,2029.47,-0.05,71.73
2023-02-04 12:00:00+00:00,short,sell - direction_change,23424.7,23359.2,2034.13,0.23,71.96
2023-02-04 12:00:00+00:00,long,buy,23359.2,,2033.11,-0.05,71.91
2023-02-04 22:00:00+00:00,long,sell - direction_change,23359.2,23414.7,2036.92,0.19,72.09
2023-02-04 22:00:00+00:00,short,buy,23414.7,,2035.91,-0.05,72.04
2023-02-05 05:00:00+00:00,short,sell - direction_change,23414.7,23364.1,2039.29,0.17,72.21
2023-02-05 05:00:00+00:00,long,buy,23364.1,,2038.27,-0.05,72.16
2023-02-05 07:00:00+00:00,long,sell - direction_change,23364.1,23390.8,2039.58,0.06,72.22
2023-02-05 07:00:00+00:00,short,buy,23390.8,,2038.56,-0.05,72.17
2023-02-05 08:00:00+00:00,short,sell - direction_change,23390.8,23377.0,2038.74,0.01,72.18
2023-02-05 08:00:00+00:00,long,buy,23377.0,,2037.72,-0.05,72.13
2023-02-05 09:00:00+00:00,long,sell - direction_change,23377.0,23391.7,2037.98,0.01,72.15
2023-02-05 09:00:00+00:00,short,buy,23391.7,,2036.97,-0.05,72.1
2023-02-05 10:00:00+00:00,short,sell - direction_change,23391.7,23361.5,2038.58,0.08,72.18
2023-02-05 10:00:00+00:00,long,buy,23361.5,,2037.56,-0.05,72.13
2023-02-05 11:00:00+00:00,long,sell - direction_change,23361.5,23395.0,2039.46,0.09,72.22
2023-02-05 11:00:00+00:00,short,buy,23395.0,,2038.44,-0.05,72.17
2023-02-06 03:00:00+00:00,short,sell - direction_change,23395.0,22874.4,2082.78,2.18,74.34
2023-02-06 03:00:00+00:00,long,buy,22874.4,,2081.74,-0.05,74.29
2023-02-06 04:00:00+00:00,long,sell - direction_change,22874.4,22892.0,2082.3,0.03,74.32
2023-02-06 04:00:00+00:00,short,buy,22892.0,,2081.26,-0.05,74.27
2023-02-06 12:00:00+00:00,short,sell - direction_change,22892.0,22876.1,2081.67,0.02,74.29
2023-02-06 12:00:00+00:00,long,buy,22876.1,,2080.63,-0.05,74.24
2023-02-06 13:00:00+00:00,long,sell - direction_change,22876.1,22882.4,2080.16,-0.02,74.22
2023-02-06 13:00:00+00:00,short,buy,22882.4,,2079.12,-0.05,74.17
2023-02-06 15:00:00+00:00,short,sell - direction_change,22882.4,22839.0,2082.02,0.14,74.31
2023-02-06 15:00:00+00:00,long,buy,22839.0,,2080.98,-0.05,74.26
2023-02-06 22:00:00+00:00,long,sell - direction_change,22839.0,22915.1,2086.87,0.28,74.54
2023-02-06 22:00:00+00:00,short,buy,22915.1,,2085.83,-0.05,74.49
2023-02-07 05:00:00+00:00,short,sell - direction_change,22915.1,22863.1,2089.52,0.18,74.67
2023-02-07 05:00:00+00:00,long,buy,22863.1,,2088.48,-0.05,74.62
2023-02-07 06:00:00+00:00,long,sell - direction_change,22863.1,22928.0,2093.36,0.23,74.85
2023-02-07 06:00:00+00:00,short,buy,22928.0,,2092.31,-0.05,74.8
2023-02-07 09:00:00+00:00,short,sell - direction_change,22928.0,22869.4,2096.61,0.21,75.01
2023-02-07 09:00:00+00:00,long,buy,22869.4,,2095.57,-0.05,74.96
2023-02-07 15:00:00+00:00,long,sell - direction_change,22869.4,22968.3,2103.58,0.38,75.34
2023-02-07 15:00:00+00:00,short,buy,22968.3,,2102.53,-0.05,75.29
2023-02-07 16:00:00+00:00,short,sell - direction_change,22968.3,22898.9,2107.83,0.25,75.54
2023-02-07 16:00:00+00:00,long,buy,22898.9,,2106.78,-0.05,75.49
2023-02-07 18:00:00+00:00,long,sell - direction_change,22898.9,23277.9,2140.59,1.61,77.1
2023-02-07 18:00:00+00:00,short,buy,23277.9,,2139.52,-0.05,77.05
2023-02-07 19:00:00+00:00,short,sell - direction_change,23277.9,22926.2,2170.78,1.46,78.51
2023-02-07 19:00:00+00:00,long,buy,22926.2,,2169.69,-0.05,78.46
2023-02-08 10:00:00+00:00,long,sell - direction_change,22926.2,23197.2,2194.26,1.13,79.59
2023-02-08 10:00:00+00:00,short,buy,23197.2,,2193.16,-0.05,79.54
2023-02-09 03:05:00+00:00,short,sell - take_profit,23197.2,22501.284,2257.86,2.95,82.49
2023-02-09 04:00:00+00:00,short,buy,22511.6,,2256.73,-0.05,82.44
2023-02-09 08:24:00+00:00,short,sell - stop_loss,22511.6,22736.716,2233.03,-1.05,81.39
2023-02-09 09:00:00+00:00,short,buy,22712.0,,2231.92,-0.05,81.34
2023-02-09 13:00:00+00:00,short,sell - direction_change,22712.0,22700.7,2231.91,-0.0,81.34
2023-02-09 13:00:00+00:00,long,buy,22700.7,,2230.79,-0.05,81.29
2023-02-09 15:00:00+00:00,long,sell - direction_change,22700.7,22685.9,2228.22,-0.12,81.17
2023-02-09 15:00:00+00:00,short,buy,22685.9,,2227.11,-0.05,81.12
2023-02-09 19:31:00+00:00,short,sell - take_profit,22685.9,22005.323,2292.81,2.95,84.07
2023-02-09 20:00:00+00:00,short,buy,22027.3,,2291.66,-0.05,84.02
2023-02-10 02:00:00+00:00,short,sell - direction_change,22027.3,21890.4,2304.76,0.57,84.6
2023-02-10 02:00:00+00:00,long,buy,21890.4,,2303.61,-0.05,84.55
2023-02-10 03:00:00+00:00,long,sell - direction_change,21890.4,21912.4,2304.77,0.05,84.6
2023-02-10 03:00:00+00:00,short,buy,21912.4,,2303.62,-0.05,84.55
2023-02-10 05:00:00+00:00,short,sell - direction_change,21912.4,21781.1,2316.27,0.55,85.1
2023-02-10 05:00:00+00:00,long,buy,21781.1,,2315.11,-0.05,85.05
2023-02-10 11:00:00+00:00,long,sell - direction_change,21781.1,21841.7,2320.4,0.23,85.27
2023-02-10 11:00:00+00:00,short,buy,21841.7,,2319.24,-0.05,85.22
2023-02-10 14:00:00+00:00,short,sell - direction_change,21841.7,21760.3,2326.72,0.32,85.55
2023-02-10 14:00:00+00:00,long,buy,21760.3,,2325.56,-0.05,85.5
2023-02-10 15:00:00+00:00,long,sell - direction_change,21760.3,21835.9,2332.47,0.3,85.79
2023-02-10 15:00:00+00:00,short,buy,21835.9,,2331.31,-0.05,85.74
2023-02-11 02:00:00+00:00,short,sell - direction_change,21835.9,21629.8,2352.14,0.89,86.64
2023-02-11 02:00:00+00:00,long,buy,21629.8,,2350.97,-0.05,86.59
2023-02-11 03:00:00+00:00,long,sell - direction_change,21629.8,21645.7,2351.52,0.02,86.61
2023-02-11 03:00:00+00:00,short,buy,21645.7,,2350.35,-0.05,86.56
2023-02-11 07:00:00+00:00,short,sell - direction_change,21645.7,21658.0,2347.84,-0.11,86.45
2023-02-11 07:00:00+00:00,long,buy,21658.0,,2346.66,-0.05,86.4
2023-02-11 10:00:00+00:00,long,sell - direction_change,21658.0,21693.7,2349.36,0.11,86.52
2023-02-11 10:00:00+00:00,short,buy,21693.7,,2348.18,-0.05,86.47
2023-02-11 11:00:00+00:00,short,sell - direction_change,21693.7,21661.9,2350.45,0.1,86.57
2023-02-11 11:00:00+00:00,long,buy,21661.9,,2349.27,-0.05,86.52
2023-02-11 18:00:00+00:00,long,sell - direction_change,21661.9,21690.6,2351.21,0.08,86.6
2023-02-11 18:00:00+00:00,short,buy,21690.6,,2350.04,-0.05,86.55
2023-02-11 21:00:00+00:00,short,sell - direction_change,21690.6,21661.4,2352.03,0.08,86.63
2023-02-11 21:00:00+00:00,long,buy,21661.4,,2350.85,-0.05,86.58
2023-02-12 07:00:00+00:00,long,sell - direction_change,21661.4,21803.0,2365.04,0.6,87.19
2023-02-12 07:00:00+00:00,short,buy,21803.0,,2363.86,-0.05,87.14
2023-02-12 08:00:00+00:00,short,sell - direction_change,21803.0,21788.2,2364.28,0.02,87.15
2023-02-12 08:00:00+00:00,long,buy,21788.2,,2363.1,-0.05,87.1
2023-02-12 21:00:00+00:00,long,sell - direction_change,21788.2,21955.1,2380.02,0.72,87.82
2023-02-12 21:00:00+00:00,short,buy,21955.1,,2378.83,-0.05,87.77
2023-02-13 07:00:00+00:00,short,sell - direction_change,21955.1,21814.6,2392.86,0.59,88.36
2023-02-13 07:00:00+00:00,long,buy,21814.6,,2391.67,-0.05,88.31
2023-02-13 08:00:00+00:00,long,sell - direction_change,21814.6,21857.1,2395.13,0.14,88.46
2023-02-13 08:00:00+00:00,short,buy,21857.1,,2393.93,-0.05,88.41
2023-02-13 20:00:00+00:00,short,sell - direction_change,21857.1,21597.9,2421.12,1.14,89.54
2023-02-13 20:00:00+00:00,long,buy,21597.9,,2419.91,-0.05,89.49
2023-02-13 21:00:00+00:00,long,sell - direction_change,21597.9,21655.0,2425.1,0.21,89.71
2023-02-13 21:00:00+00:00,short,buy,21655.0,,2423.89,-0.05,89.66
2023-02-13 23:00:00+00:00,short,sell - direction_change,21655.0,21628.6,2425.63,0.07,89.73
2023-02-13 23:00:00+00:00,long,buy,21628.6,,2424.42,-0.05,89.68
2023-02-14 15:00:00+00:00,long,sell - take_profit,21628.6,22277.458,2495.94,2.95,92.63
2023-02-14 16:00:00+00:00,long,buy,22033.4,,2494.69,-0.05,92.58
2023-02-15 12:12:00+00:00,long,sell - take_profit,22033.4,22694.402000000002,2568.29,2.95,95.53
2023-02-15 13:00:00+00:00,long,buy,22763.6,,2567.0,-0.05,95.48
2023-02-15 20:08:00+00:00,long,sell - take_profit,22763.6,23446.507999999998,2642.73,2.95,98.43
2023-02-15 21:00:00+00:00,long,buy,24144.8,,2641.41,-0.05,98.38
2023-02-16 00:22:00+00:00,long,sell - take_profit,24144.8,24869.144,2719.33,2.95,101.33
2023-02-16 01:00:00+00:00,long,buy,24609.9,,2717.97,-0.05,101.28
2023-02-16 13:59:00+00:00,long,sell - stop_loss,24609.9,24363.801,2689.43,-1.05,100.23
2023-02-16 14:00:00+00:00,long,buy,24465.1,,2688.09,-0.05,100.18
2023-02-16 16:03:00+00:00,long,sell - take_profit,24465.1,25199.053,2767.38,2.95,103.13
2023-02-16 17:00:00+00:00,long,buy,24905.4,,2766.0,-0.05,103.08
2023-02-16 20:24:00+00:00,long,sell - stop_loss,24905.4,24656.346,2736.96,-1.05,102.03
2023-02-16 21:00:00+00:00,long,buy,24581.5,,2735.59,-0.05,101.98
2023-02-16 22:00:00+00:00,long,sell - direction_change,24581.5,24554.0,2731.16,-0.16,101.82
2023-02-16 22:00:00+00:00,short,buy,24554.0,,2729.79,-0.05,101.77
2023-02-16 23:35:00+00:00,short,sell - take_profit,24554.0,23817.38,2810.32,2.95,104.72
2023-02-17 00:00:00+00:00,short,buy,23526.6,,2808.92,-0.05,104.67
2023-02-17 00:35:00+00:00,short,sell - stop_loss,23526.6,23761.865999999998,2779.42,-1.05,103.62
2023-02-17 01:00:00+00:00,short,buy,23718.5,,2778.04,-0.05,103.57
2023-02-17 09:00:00+00:00,short,sell - direction_change,23718.5,23804.7,2766.55,-0.41,103.15
2023-02-17 09:00:00+00:00,long,buy,23804.7,,2765.17,-0.05,103.1
2023-02-17 11:00:00+00:00,long,sell - direction_change,23804.7,23757.1,2758.25,-0.25,102.85
2023-02-17 11:00:00+00:00,short,buy,23757.1,,2756.88,-0.05,102.8
2023-02-17 12:00:00+00:00,short,sell - direction_change,23757.1,23792.6,2751.38,-0.2,102.6
2023-02-17 12:00:00+00:00,long,buy,23792.6,,2750.0,-0.05,102.55
2023-02-17 13:00:00+00:00,long,sell - direction_change,23792.6,23869.6,2757.53,0.27,102.83
2023-02-17 13:00:00+00:00,short,buy,23869.6,,2756.15,-0.05,102.78
2023-02-17 14:00:00+00:00,short,sell - direction_change,23869.6,23781.4,2764.95,0.32,103.1
2023-02-17 14:00:00+00:00,long,buy,23781.4,,2763.57,-0.05,103.05
2023-02-17 17:32:00+00:00,long,sell - take_profit,23781.4,24494.842,2845.1,2.95,106.0
2023-02-17 18:00:00+00:00,long,buy,24301.2,,2843.67,-0.05,105.95
2023-02-17 20:15:00+00:00,long,sell - take_profit,24301.2,25030.236,2927.56,2.95,108.9
2023-02-17 21:00:00+00:00,long,buy,24835.2,,2926.1,-0.05,108.85
2023-02-17 21:59:00+00:00,long,sell - stop_loss,24835.2,24586.848,2895.37,-1.05,107.8
2023-02-17 22:00:00+00:00,long,buy,24483.7,,2893.93,-0.05,107.75
2023-02-17 22:08:00+00:00,long,sell - stop_loss,24483.7,24238.863,2863.54,-1.05,106.7
2023-02-17 23:00:00+00:00,long,buy,24683.3,,2862.11,-0.05,106.65
2023-02-18 07:54:00+00:00,long,sell - stop_loss,24683.3,24436.467,2832.06,-1.05,105.6
2023-02-18 08:00:00+00:00,long,buy,24522.7,,2830.64,-0.05,105.55
2023-02-19 03:00:00+00:00,long,sell - direction_change,24522.7,24690.1,2848.55,0.63,106.18
2023-02-19 03:00:00+00:00,short,buy,24690.1,,2847.12,-0.05,106.13
2023-02-19 04:00:00+00:00,short,sell - direction_change,24690.1,24687.0,2846.06,-0.04,106.09
2023-02-19 04:00:00+00:00,long,buy,24687.0,,2844.64,-0.05,106.04
2023-02-19 06:00:00+00:00,long,sell - direction_change,24687.0,24766.2,2852.34,0.27,106.31
2023-02-19 06:00:00+00:00,short,buy,24766.2,,2850.91,-0.05,106.26
2023-02-19 10:00:00+00:00,short,sell - direction_change,24766.2,24598.2,2868.83,0.63,106.89
2023-02-19 10:00:00+00:00,long,buy,24598.2,,2867.39,-0.05,106.84
2023-02-19 13:00:00+00:00,long,sell - direction_change,24598.2,24700.4,2877.87,0.37,107.21
2023-02-19 13:00:00+00:00,short,buy,24700.4,,2876.43,-0.05,107.16
2023-02-19 14:00:00+00:00,short,sell - direction_change,24700.4,24666.1,2878.99,0.09,107.25
2023-02-19 14:00:00+00:00,long,buy,24666.1,,2877.55,-0.05,107.2
2023-02-19 17:00:00+00:00,long,sell - direction_change,24666.1,24781.1,2889.53,0.42,107.61
2023-02-19 17:00:00+00:00,short,buy,24781.1,,2888.08,-0.05,107.56
2023-02-20 01:10:00+00:00,short,sell - take_profit,24781.1,24037.666999999998,2973.28,2.95,110.51
2023-02-20 02:00:00+00:00,short,buy,24231.0,,2971.79,-0.05,110.46
2023-02-20 03:00:00+00:00,short,sell - direction_change,24231.0,24341.5,2956.76,-0.51,109.96
2023-02-20 03:00:00+00:00,long,buy,24341.5,,2955.28,-0.05,109.91
2023-02-20 05:00:00+00:00,long,sell - direction_change,24341.5,24482.3,2970.89,0.53,110.43
2023-02-20 05:00:00+00:00,short,buy,24482.3,,2969.41,-0.05,110.38
2023-02-20 06:00:00+00:00,short,sell - direction_change,24482.3,24491.8,2966.77,-0.09,110.29
2023-02-20 06:00:00+00:00,long,buy,24491.8,,2965.29,-0.05,110.24
2023-02-20 07:00:00+00:00,long,sell - direction_change,24491.8,24500.2,2964.82,-0.02,110.23
2023-02-20 07:00:00+00:00,short,buy,24500.2,,2963.34,-0.05,110.18
2023-02-20 09:00:00+00:00,short,sell - direction_change,24500.2,24455.6,2967.25,0.13,110.31
2023-02-20 09:00:00+00:00,long,buy,24455.6,,2965.77,-0.05,110.26
2023-02-20 22:00:00+00:00,long,sell - direction_change,24455.6,24770.0,3002.41,1.24,111.5
2023-02-20 22:00:00+00:00,short,buy,24770.0,,3000.91,-0.05,111.45
2023-02-20 23:00:00+00:00,short,sell - direction_change,24770.0,24704.7,3007.32,0.21,111.66
2023-02-20 23:00:00+00:00,long,buy,24704.7,,3005.82,-0.05,111.61
2023-02-21 08:00:00+00:00,long,sell - direction_change,24704.7,25004.6,3040.81,1.16,112.77
2023-02-21 08:00:00+00:00,short,buy,25004.6,,3039.29,-0.05,112.72
2023-02-21 08:29:00+00:00,short,sell - stop_loss,25004.6,25254.645999999997,3007.37,-1.05,111.67
2023-02-21 09:00:00+00:00,short,buy,24684.4,,3005.87,-0.05,111.62
2023-02-21 18:00:00+00:00,short,sell - direction_change,24684.4,24656.3,3007.79,0.06,111.69
2023-02-21 18:00:00+00:00,long,buy,24656.3,,3006.28,-0.05,111.64
2023-02-21 19:00:00+00:00,long,sell - direction_change,24656.3,24685.7,3008.37,0.07,111.71
2023-02-21 19:00:00+00:00,short,buy,24685.7,,3006.86,-0.05,111.66
2023-02-22 02:03:00+00:00,short,sell - take_profit,24685.7,23945.129,3095.56,2.95,114.61
2023-02-22 03:00:00+00:00,short,buy,24165.0,,3094.02,-0.05,114.56
2023-02-22 20:00:00+00:00,short,sell - direction_change,24165.0,23781.7,3141.55,1.54,116.09
2023-02-22 20:00:00+00:00,long,buy,23781.7,,3139.97,-0.05,116.04
2023-02-22 21:00:00+00:00,long,sell - direction_change,23781.7,23792.8,3139.87,-0.0,116.04
2023-02-22 21:00:00+00:00,short,buy,23792.8,,3138.3,-0.05,115.99
2023-02-22 22:00:00+00:00,short,sell - direction_change,23792.8,23795.4,3136.39,-0.06,115.93
2023-02-22 22:00:00+00:00,long,buy,23795.4,,3134.82,-0.05,115.88
2023-02-23 02:43:00+00:00,long,sell - take_profit,23795.4,24509.262000000002,3227.3,2.95,118.83
2023-02-23 03:00:00+00:00,long,buy,24520.0,,3225.68,-0.05,118.78
2023-02-23 09:57:00+00:00,long,sell - stop_loss,24520.0,24274.8,3191.81,-1.05,117.73
2023-02-23 10:00:00+00:00,long,buy,24274.6,,3190.22,-0.05,117.68
2023-02-23 11:00:00+00:00,long,sell - direction_change,24274.6,24245.1,3184.75,-0.17,117.51
2023-02-23 11:00:00+00:00,short,buy,24245.1,,3183.15,-0.05,117.46
2023-02-23 12:00:00+00:00,short,sell - direction_change,24245.1,23767.6,3244.25,1.92,119.38
2023-02-23 12:00:00+00:00,long,buy,23767.6,,3242.63,-0.05,119.33
2023-02-23 13:00:00+00:00,long,sell - direction_change,23767.6,23900.4,3259.13,0.51,119.84
2023-02-23 13:00:00+00:00,short,buy,23900.4,,3257.5,-0.05,119.79
2023-02-23 13:14:00+00:00,short,sell - stop_loss,23900.4,24139.404000000002,3223.29,-1.05,118.74
2023-02-23 14:00:00+00:00,short,buy,24001.3,,3221.68,-0.05,118.69
2023-02-23 17:00:00+00:00,short,sell - direction_change,24001.3,23749.2,3253.91,1.0,119.69
2023-02-23 17:00:00+00:00,long,buy,23749.2,,3252.28,-0.05,119.64
2023-02-23 18:00:00+00:00,long,sell - direction_change,23749.2,23827.6,3261.39,0.28,119.92
2023-02-23 18:00:00+00:00,short,buy,23827.6,,3259.76,-0.05,119.87
2023-02-24 00:00:00+00:00,short,sell - direction_change,23827.6,23928.7,3244.3,-0.47,119.39
2023-02-24 00:00:00+00:00,long,buy,23928.7,,3242.68,-0.05,119.34
2023-02-24 02:00:00+00:00,long,sell - direction_change,23928.7,23992.7,3249.73,0.22,119.56
2023-02-24 02:00:00+00:00,short,buy,23992.7,,3248.11,-0.05,119.51
2023-02-24 03:00:00+00:00,short,sell - direction_change,23992.7,23932.0,3254.7,0.2,119.71
2023-02-24 03:00:00+00:00,long,buy,23932.0,,3253.07,-0.05,119.66
2023-02-24 04:00:00+00:00,long,sell - direction_change,23932.0,23945.1,3253.23,0.0,119.67
2023-02-24 04:00:00+00:00,short,buy,23945.1,,3251.6,-0.05,119.62
2023-02-24 08:00:00+00:00,short,sell - direction_change,23945.1,23821.6,3266.75,0.47,120.08
2023-02-24 08:00:00+00:00,long,buy,23821.6,,3265.11,-0.05,120.03
2023-02-24 09:00:00+00:00,long,sell - direction_change,23821.6,23891.4,3273.05,0.24,120.28
2023-02-24 09:00:00+00:00,short,buy,23891.4,,3271.41,-0.05,120.23
2023-02-24 16:01:00+00:00,short,sell - take_profit,23891.4,23174.658,3367.92,2.95,123.18
2023-02-24 17:00:00+00:00,short,buy,23179.9,,3366.23,-0.05,123.13
2023-02-24 18:00:00+00:00,short,sell - direction_change,23179.9,23052.9,3382.99,0.5,123.62
2023-02-24 18:00:00+00:00,long,buy,23052.9,,3381.3,-0.05,123.57
2023-02-24 19:00:00+00:00,long,sell - direction_change,23052.9,23074.5,3382.78,0.04,123.62
2023-02-24 19:00:00+00:00,short,buy,23074.5,,3381.09,-0.05,123.57
2023-02-24 20:24:00+00:00,short,sell - stop_loss,23074.5,23305.245,3345.59,-1.05,122.52
2023-02-24 21:00:00+00:00,short,buy,23205.2,,3343.91,-0.05,122.47
2023-02-25 03:00:00+00:00,short,sell - direction_change,23205.2,23075.5,3360.93,0.51,122.98
2023-02-25 03:00:00+00:00,long,buy,23075.5,,3359.25,-0.05,122.93
2023-02-25 05:00:00+00:00,long,sell - direction_change,23075.5,23117.7,3363.72,0.13,123.06
2023-02-25 05:00:00+00:00,short,buy,23117.7,,3362.03,-0.05,123.01
2023-02-25 07:00:00+00:00,short,sell - direction_change,23117.7,23079.9,3365.85,0.11,123.12
2023-02-25 07:00:00+00:00,long,buy,23079.9,,3364.17,-0.05,123.07
2023-02-25 08:00:00+00:00,long,sell - direction_change,23079.9,23108.7,3366.68,0.07,123.15
2023-02-25 08:00:00+00:00,short,buy,23108.7,,3365.0,-0.05,123.1
2023-02-25 16:00:00+00:00,short,sell - direction_change,23108.7,22996.4,3379.67,0.44,123.53
2023-02-25 16:00:00+00:00,long,buy,22996.4,,3377.98,-0.05,123.48
2023-02-25 17:00:00+00:00,long,sell - direction_change,22996.4,23002.2,3377.14,-0.02,123.46
2023-02-25 17:00:00+00:00,short,buy,23002.2,,3375.45,-0.05,123.41
2023-02-25 22:00:00+00:00,short,sell - direction_change,23002.2,22927.2,3384.77,0.28,123.69
2023-02-25 22:00:00+00:00,long,buy,22927.2,,3383.08,-0.05,123.64
2023-02-26 12:00:00+00:00,long,sell - direction_change,22927.2,23244.2,3428.16,1.33,124.97
2023-02-26 12:00:00+00:00,short,buy,23244.2,,3426.45,-0.05,124.92
2023-02-26 13:00:00+00:00,short,sell - direction_change,23244.2,23152.0,3438.33,0.35,125.26
2023-02-26 13:00:00+00:00,long,buy,23152.0,,3436.61,-0.05,125.21
2023-02-27 04:00:00+00:00,long,sell - direction_change,23152.0,23541.0,3492.63,1.63,126.84
2023-02-27 04:00:00+00:00,short,buy,23541.0,,3490.89,-0.05,126.79
2023-02-27 07:00:00+00:00,short,sell - direction_change,23541.0,23393.2,3511.06,0.58,127.37
2023-02-27 07:00:00+00:00,long,buy,23393.2,,3509.3,-0.05,127.32
2023-02-27 08:00:00+00:00,long,sell - direction_change,23393.2,23411.1,3510.23,0.03,127.35
2023-02-27 08:00:00+00:00,short,buy,23411.1,,3508.48,-0.05,127.3
2023-02-27 09:00:00+00:00,short,sell - direction_change,23411.1,23348.4,3516.12,0.22,127.52
2023-02-27 09:00:00+00:00,long,buy,23348.4,,3514.36,-0.05,127.47
2023-02-27 12:00:00+00:00,long,sell - direction_change,23348.4,23419.9,3523.37,0.26,127.72
2023-02-27 12:00:00+00:00,short,buy,23419.9,,3521.61,-0.05,127.67
2023-02-27 13:00:00+00:00,short,sell - direction_change,23419.9,23394.5,3523.66,0.06,127.73
2023-02-27 13:00:00+00:00,long,buy,23394.5,,3521.9,-0.05,127.68
2023-02-27 16:00:00+00:00,long,sell - direction_change,23394.5,23546.5,3543.02,0.6,128.28
2023-02-27 16:00:00+00:00,short,buy,23546.5,,3541.25,-0.05,128.23
2023-02-27 22:00:00+00:00,short,sell - direction_change,23546.5,23371.5,3565.8,0.69,128.92
2023-02-27 22:00:00+00:00,long,buy,23371.5,,3564.02,-0.05,128.87
2023-02-28 00:00:00+00:00,long,sell - direction_change,23371.5,23480.0,3578.78,0.41,129.29
2023-02-28 00:00:00+00:00,short,buy,23480.0,,3576.99,-0.05,129.24
2023-02-28 02:00:00+00:00,short,sell - direction_change,23480.0,23420.9,3584.21,0.2,129.44
2023-02-28 02:00:00+00:00,long,buy,23420.9,,3582.41,-0.05,129.39
2023-02-28 04:00:00+00:00,long,sell - direction_change,23420.9,23454.3,3585.73,0.09,129.48
2023-02-28 04:00:00+00:00,short,buy,23454.3,,3583.94,-0.05,129.43
2023-02-28 12:00:00+00:00,short,sell - direction_change,23454.3,23381.5,3593.27,0.26,129.69
2023-02-28 12:00:00+00:00,long,buy,23381.5,,3591.47,-0.05,129.64
2023-02-28 13:00:00+00:00,long,sell - direction_change,23381.5,23445.6,3599.53,0.22,129.87
2023-02-28 13:00:00+00:00,short,buy,23445.6,,3597.73,-0.05,129.82
2023-02-28 14:00:00+00:00,short,sell - direction_change,23445.6,23394.6,3603.75,0.17,129.99
2023-02-28 14:00:00+00:00,long,buy,23394.6,,3601.95,-0.05,129.94
2023-02-28 19:00:00+00:00,long,sell - direction_change,23394.6,23470.0,3611.76,0.27,130.21
2023-02-28 19:00:00+00:00,short,buy,23470.0,,3609.95,-0.05,130.16
2023-03-01 02:00:00+00:00,short,sell - direction_change,23470.0,23236.3,3644.09,0.95,131.1
2023-03-01 02:00:00+00:00,long,buy,23236.3,,3642.27,-0.05,131.05
2023-03-01 08:54:00+00:00,long,sell - take_profit,23236.3,23933.389,3749.72,2.95,134.0
2023-03-01 09:00:00+00:00,long,buy,23862.4,,3747.84,-0.05,133.95
2023-03-01 13:33:00+00:00,long,sell - stop_loss,23862.4,23623.776,3708.49,-1.05,132.9
2023-03-01 14:00:00+00:00,long,buy,23686.4,,3706.64,-0.05,132.85
2023-03-01 19:00:00+00:00,long,sell - direction_change,23686.4,23687.3,3704.92,-0.05,132.81
2023-03-01 19:00:00+00:00,short,buy,23687.3,,3703.07,-0.05,132.76
2023-03-01 21:00:00+00:00,short,sell - direction_change,23687.3,23406.6,3745.1,1.14,133.89
2023-03-01 21:00:00+00:00,long,buy,23406.6,,3743.23,-0.05,133.84
2023-03-01 22:00:00+00:00,long,sell - direction_change,23406.6,23544.8,3763.46,0.54,134.38
2023-03-01 22:00:00+00:00,short,buy,23544.8,,3761.58,-0.05,134.33
2023-03-01 23:00:00+00:00,short,sell - direction_change,23544.8,23524.6,3762.92,0.04,134.37
2023-03-01 23:00:00+00:00,long,buy,23524.6,,3761.04,-0.05,134.32
2023-03-02 01:00:00+00:00,long,sell - direction_change,23524.6,23596.0,3770.58,0.25,134.57
2023-03-02 01:00:00+00:00,short,buy,23596.0,,3768.69,-0.05,134.52
2023-03-02 19:00:00+00:00,short,sell - direction_change,23596.0,23435.1,3792.51,0.63,135.15
2023-03-02 19:00:00+00:00,long,buy,23435.1,,3790.61,-0.05,135.1
2023-03-02 21:00:00+00:00,long,sell - direction_change,23435.1,23455.3,3791.98,0.04,135.14
2023-03-02 21:00:00+00:00,short,buy,23455.3,,3790.09,-0.05,135.09
2023-03-02 22:00:00+00:00,short,sell - direction_change,23455.3,23400.1,3797.11,0.19,135.28
2023-03-02 22:00:00+00:00,long,buy,23400.1,,3795.21,-0.05,135.23
2023-03-03 01:00:00+00:00,long,sell - direction_change,23400.1,23406.8,3794.4,-0.02,135.2
2023-03-03 01:00:00+00:00,short,buy,23406.8,,3792.5,-0.05,135.15
2023-03-03 01:31:00+00:00,short,sell - take_profit,23406.8,22704.595999999998,3904.38,2.95,138.1
2023-03-03 02:00:00+00:00,short,buy,22137.2,,3902.43,-0.05,138.05
2023-03-03 02:20:00+00:00,short,sell - stop_loss,22137.2,22358.572,3861.46,-1.05,137.0
2023-03-03 03:00:00+00:00,short,buy,22335.6,,3859.52,-0.05,136.95
2023-03-03 12:00:00+00:00,short,sell - direction_change,22335.6,22333.9,3857.89,-0.04,136.91
2023-03-03 12:00:00+00:00,long,buy,22333.9,,3855.96,-0.05,136.86
2023-03-03 14:00:00+00:00,long,sell - direction_change,22333.9,22391.4,3863.96,0.21,137.07
2023-03-03 14:00:00+00:00,short,buy,22391.4,,3862.03,-0.05,137.02
2023-03-03 16:00:00+00:00,short,sell - direction_change,22391.4,22324.0,3871.72,0.25,137.27
2023-03-03 16:00:00+00:00,long,buy,22324.0,,3869.79,-0.05,137.22
2023-03-03 18:00:00+00:00,long,sell - direction_change,22324.0,22402.0,3881.37,0.3,137.52
2023-03-03 18:00:00+00:00,short,buy,22402.0,,3879.43,-0.05,137.47
2023-03-03 19:00:00+00:00,short,sell - direction_change,22402.0,22303.5,3894.55,0.39,137.86
2023-03-03 19:00:00+00:00,long,buy,22303.5,,3892.6,-0.05,137.81
2023-03-03 20:00:00+00:00,long,sell - direction_change,22303.5,22348.3,3898.47,0.15,137.96
2023-03-03 20:00:00+00:00,short,buy,22348.3,,3896.52,-0.05,137.91
2023-03-04 01:00:00+00:00,short,sell - direction_change,22348.3,22356.5,3893.15,-0.09,137.82
2023-03-04 01:00:00+00:00,long,buy,22356.5,,3891.2,-0.05,137.77
2023-03-04 02:00:00+00:00,long,sell - direction_change,22356.5,22329.8,3884.61,-0.17,137.6
2023-03-04 02:00:00+00:00,short,buy,22329.8,,3882.67,-0.05,137.55
2023-03-04 04:00:00+00:00,short,sell - direction_change,22329.8,22339.4,3879.05,-0.09,137.46
2023-03-04 04:00:00+00:00,long,buy,22339.4,,3877.11,-0.05,137.41
2023-03-04 05:00:00+00:00,long,sell - direction_change,22339.4,22334.3,3874.29,-0.07,137.34
2023-03-04 05:00:00+00:00,short,buy,22334.3,,3872.35,-0.05,137.29
2023-03-04 06:00:00+00:00,short,sell - direction_change,22334.3,22316.0,3873.59,0.03,137.32
2023-03-04 06:00:00+00:00,long,buy,22316.0,,3871.65,-0.05,137.27
2023-03-04 08:00:00+00:00,long,sell - direction_change,22316.0,22346.6,3875.03,0.09,137.36
2023-03-04 08:00:00+00:00,short,buy,22346.6,,3873.09,-0.05,137.31
2023-03-04 11:00:00+00:00,short,sell - direction_change,22346.6,22321.7,3875.47,0.06,137.37
2023-03-04 11:00:00+00:00,long,buy,22321.7,,3873.53,-0.05,137.32
2023-03-04 14:00:00+00:00,long,sell - direction_change,22321.7,22344.5,3875.55,0.05,137.37
2023-03-04 14:00:00+00:00,short,buy,22344.5,,3873.61,-0.05,137.32
2023-03-04 23:00:00+00:00,short,sell - direction_change,22344.5,22295.0,3880.26,0.17,137.49
2023-03-04 23:00:00+00:00,long,buy,22295.0,,3878.32,-0.05,137.44
2023-03-05 08:00:00+00:00,long,sell - direction_change,22295.0,22365.2,3888.59,0.26,137.71
2023-03-05 08:00:00+00:00,short,buy,22365.2,,3886.65,-0.05,137.66
2023-03-05 09:00:00+00:00,short,sell - direction_change,22365.2,22331.2,3890.61,0.1,137.76
2023-03-05 09:00:00+00:00,long,buy,22331.2,,3888.67,-0.05,137.71
2023-03-05 11:00:00+00:00,long,sell - direction_change,22331.2,22401.0,3898.88,0.26,137.97
2023-03-05 11:00:00+00:00,short,buy,22401.0,,3896.93,-0.05,137.92
2023-03-05 12:00:00+00:00,short,sell - direction_change,22401.0,22380.1,3898.61,0.04,137.96
2023-03-05 12:00:00+00:00,long,buy,22380.1,,3896.66,-0.05,137.91
2023-03-05 14:00:00+00:00,long,sell - direction_change,22380.1,22454.9,3907.74,0.28,138.2
2023-03-05 14:00:00+00:00,short,buy,22454.9,,3905.79,-0.05,138.15
2023-03-05 15:00:00+00:00,short,sell - direction_change,22454.9,22419.9,3909.92,0.11,138.25
2023-03-05 15:00:00+00:00,long,buy,22419.9,,3907.97,-0.05,138.2
2023-03-05 23:00:00+00:00,long,sell - direction_change,22419.9,22422.3,3906.43,-0.04,138.17
2023-03-05 23:00:00+00:00,short,buy,22422.3,,3904.48,-0.05,138.12
2023-03-06 00:00:00+00:00,short,sell - direction_change,22422.3,22419.3,3903.05,-0.04,138.08
2023-03-06 00:00:00+00:00,long,buy,22419.3,,3901.1,-0.05,138.03
2023-03-06 01:00:00+00:00,long,sell - direction_change,22419.3,22434.9,3901.86,0.02,138.05
2023-03-06 01:00:00+00:00,short,buy,22434.9,,3899.91,-0.05,138.0
2023-03-06 06:00:00+00:00,short,sell - direction_change,22434.9,22358.6,3911.22,0.29,138.29
2023-03-06 06:00:00+00:00,long,buy,22358.6,,3909.27,-0.05,138.24
2023-03-06 07:00:00+00:00,long,sell - direction_change,22358.6,22397.8,3914.17,0.13,138.36
2023-03-06 07:00:00+00:00,short,buy,22397.8,,3912.21,-0.05,138.31
2023-03-06 08:00:00+00:00,short,sell - direction_change,22397.8,22380.9,3913.2,0.03,138.34
2023-03-06 08:00:00+00:00,long,buy,22380.9,,3911.25,-0.05,138.29
2023-03-06 09:00:00+00:00,long,sell - direction_change,22380.9,22406.1,3913.7,0.06,138.35
2023-03-06 09:00:00+00:00,short,buy,22406.1,,3911.74,-0.05,138.3
2023-03-06 12:00:00+00:00,short,sell - direction_change,22406.1,22369.9,3916.1,0.11,138.41
2023-03-06 12:00:00+00:00,long,buy,22369.9,,3914.15,-0.05,138.36
2023-03-06 19:00:00+00:00,long,sell - direction_change,22369.9,22494.1,3933.92,0.51,138.87
2023-03-06 19:00:00+00:00,short,buy,22494.1,,3931.95,-0.05,138.82
2023-03-06 21:00:00+00:00,short,sell - direction_change,22494.1,22340.9,3956.77,0.63,139.45
2023-03-06 21:00:00+00:00,long,buy,22340.9,,3954.79,-0.05,139.4
2023-03-06 23:00:00+00:00,long,sell - direction_change,22340.9,22425.9,3967.86,0.33,139.73
2023-03-06 23:00:00+00:00,short,buy,22425.9,,3965.87,-0.05,139.68
2023-03-07 01:00:00+00:00,short,sell - direction_change,22425.9,22402.9,3967.96,0.05,139.73
2023-03-07 01:00:00+00:00,long,buy,22402.9,,3965.97,-0.05,139.68
2023-03-07 06:00:00+00:00,long,sell - direction_change,22402.9,22448.5,3972.06,0.15,139.84
2023-03-07 06:00:00+00:00,short,buy,22448.5,,3970.08,-0.05,139.79
2023-03-08 02:00:00+00:00,short,sell - direction_change,22448.5,22162.6,4018.65,1.22,141.01
2023-03-08 02:00:00+00:00,long,buy,22162.6,,4016.64,-0.05,140.96
2023-03-08 03:00:00+00:00,long,sell - direction_change,22162.6,22165.0,4015.07,-0.04,140.92
2023-03-08 03:00:00+00:00,short,buy,22165.0,,4013.06,-0.05,140.87
2023-03-08 15:00:00+00:00,short,sell - direction_change,22165.0,21963.0,4047.63,0.86,141.73
2023-03-08 15:00:00+00:00,long,buy,21963.0,,4045.61,-0.05,141.68
2023-03-08 17:00:00+00:00,long,sell - direction_change,21963.0,22131.8,4074.68,0.72,142.4
2023-03-08 17:00:00+00:00,short,buy,22131.8,,4072.64,-0.05,142.35
2023-03-08 20:00:00+00:00,short,sell - direction_change,22131.8,21993.8,4096.0,0.57,142.92
2023-03-08 20:00:00+00:00,long,buy,21993.8,,4093.95,-0.05,142.87
2023-03-08 21:00:00+00:00,long,sell - direction_change,21993.8,22095.2,4110.78,0.41,143.29
2023-03-08 21:00:00+00:00,short,buy,22095.2,,4108.72,-0.05,143.24
2023-03-09 03:00:00+00:00,short,sell - direction_change,22095.2,21761.7,4168.68,1.46,144.69
2023-03-09 03:00:00+00:00,long,buy,21761.7,,4166.6,-0.05,144.64
2023-03-09 04:00:00+00:00,long,sell - direction_change,21761.7,21762.6,4164.69,-0.05,144.6
2023-03-09 04:00:00+00:00,short,buy,21762.6,,4162.61,-0.05,144.55
2023-03-09 14:00:00+00:00,short,sell - direction_change,21762.6,21698.7,4172.75,0.24,144.79
2023-03-09 14:00:00+00:00,long,buy,21698.7,,4170.66,-0.05,144.74
2023-03-09 15:00:00+00:00,long,sell - direction_change,21698.7,21716.0,4171.9,0.03,144.77
2023-03-09 15:00:00+00:00,short,buy,21716.0,,4169.81,-0.05,144.72
2023-03-09 18:30:00+00:00,short,sell - take_profit,21716.0,21064.52,4292.82,2.95,147.67
2023-03-09 19:00:00+00:00,short,buy,21001.3,,4290.68,-0.05,147.62
2023-03-09 20:55:00+00:00,short,sell - take_profit,21001.3,20371.261,4417.25,2.95,150.57
2023-03-09 21:00:00+00:00,long,buy,20098.0,,4415.04,-0.05,150.52
2023-03-10 00:00:00+00:00,long,sell - direction_change,20098.0,20348.4,4467.84,1.2,151.72
2023-03-10 00:00:00+00:00,short,buy,20348.4,,4465.61,-0.05,151.67
2023-03-10 03:00:00+00:00,short,sell - direction_change,20348.4,20028.6,4533.56,1.52,153.19
2023-03-10 03:00:00+00:00,long,buy,20028.6,,4531.29,-0.05,153.14
2023-03-10 04:00:00+00:00,long,sell - direction_change,20028.6,20042.1,4532.08,0.02,153.16
2023-03-10 04:00:00+00:00,short,buy,20042.1,,4529.82,-0.05,153.11
2023-03-10 11:00:00+00:00,short,sell - direction_change,20042.1,19614.1,4624.28,2.09,155.19
2023-03-10 11:00:00+00:00,long,buy,19614.1,,4621.97,-0.05,155.14
2023-03-10 12:00:00+00:00,long,sell - direction_change,19614.1,19749.9,4651.66,0.64,155.78
2023-03-10 12:00:00+00:00,short,buy,19749.9,,4649.34,-0.05,155.73
2023-03-10 12:46:00+00:00,short,sell - stop_loss,19749.9,19947.399,4600.52,-1.05,154.68
2023-03-10 13:00:00+00:00,long,buy,19920.6,,4598.22,-0.05,154.63
2023-03-10 14:00:00+00:00,long,sell - direction_change,19920.6,20173.0,4654.18,1.22,155.85
2023-03-10 14:00:00+00:00,short,buy,20173.0,,4651.85,-0.05,155.8
2023-03-10 15:00:00+00:00,short,sell - direction_change,20173.0,19806.7,4733.99,1.77,157.57
2023-03-10 15:00:00+00:00,long,buy,19806.7,,4731.63,-0.05,157.52
2023-03-10 17:00:00+00:00,long,sell - direction_change,19806.7,20005.7,4776.8,0.95,158.47
2023-03-10 17:00:00+00:00,short,buy,20005.7,,4774.41,-0.05,158.42
2023-03-10 19:00:00+00:00,short,sell - direction_change,20005.7,19838.5,4811.93,0.79,159.21
2023-03-10 19:00:00+00:00,long,buy,19838.5,,4809.52,-0.05,159.16
2023-03-11 01:32:00+00:00,long,sell - take_profit,19838.5,20433.655,4951.4,2.95,162.11
2023-03-11 02:00:00+00:00,long,buy,20571.7,,4948.93,-0.05,162.06
2023-03-11 02:34:00+00:00,long,sell - stop_loss,20571.7,20365.983,4896.96,-1.05,161.01
2023-03-11 03:00:00+00:00,long,buy,20479.9,,4894.52,-0.05,160.96
2023-03-11 04:10:00+00:00,long,sell - stop_loss,20479.9,20275.101000000002,4843.12,-1.05,159.91
2023-03-11 05:00:00+00:00,long,buy,20330.1,,4840.7,-0.05,159.86
2023-03-11 07:00:00+00:00,long,sell - direction_change,20330.1,20275.2,4825.21,-0.32,159.54
2023-03-11 07:00:00+00:00,short,buy,20275.2,,4822.8,-0.05,159.49
2023-03-11 08:00:00+00:00,short,sell - direction_change,20275.2,19844.4,4922.86,2.07,161.56
2023-03-11 08:00:00+00:00,long,buy,19844.4,,4920.4,-0.05,161.51
2023-03-11 10:00:00+00:00,long,sell - direction_change,19844.4,20080.6,4976.5,1.14,162.65
2023-03-11 10:00:00+00:00,short,buy,20080.6,,4974.01,-0.05,162.6
2023-03-11 11:00:00+00:00,short,sell - direction_change,20080.6,20022.6,4985.89,0.24,162.84
2023-03-11 11:00:00+00:00,long,buy,20022.6,,4983.4,-0.05,162.79
2023-03-11 12:00:00+00:00,long,sell - direction_change,20022.6,20077.5,4994.57,0.22,163.02
2023-03-11 12:00:00+00:00,short,buy,20077.5,,4992.08,-0.05,162.97
2023-03-11 13:00:00+00:00,short,sell - direction_change,20077.5,20020.2,5003.83,0.24,163.2
2023-03-11 13:00:00+00:00,long,buy,20020.2,,5001.32,-0.05,163.15
2023-03-11 15:00:00+00:00,long,sell - direction_change,20020.2,20102.0,5019.26,0.36,163.51
2023-03-11 15:00:00+00:00,short,buy,20102.0,,5016.75,-0.05,163.46
2023-03-11 17:00:00+00:00,short,sell - direction_change,20102.0,20081.5,5019.36,0.05,163.51
2023-03-11 17:00:00+00:00,long,buy,20081.5,,5016.85,-0.05,163.46
2023-03-12 14:00:00+00:00,long,sell - direction_change,20081.5,20371.6,5086.81,1.39,164.86
2023-03-12 14:00:00+00:00,short,buy,20371.6,,5084.27,-0.05,164.81
2023-03-12 15:00:00+00:00,short,sell - direction_change,20371.6,20331.3,5091.79,0.15,164.95
2023-03-12 15:00:00+00:00,long,buy,20331.3,,5089.24,-0.05,164.9
2023-03-12 18:27:00+00:00,long,sell - take_profit,20331.3,20941.239,5239.37,2.95,167.85
2023-03-12 19:00:00+00:00,long,buy,21068.1,,5236.75,-0.05,167.8
2023-03-12 19:20:00+00:00,long,sell - stop_loss,21068.1,20857.418999999998,5181.77,-1.05,166.75
2023-03-12 20:00:00+00:00,long,buy,20770.6,,5179.18,-0.05,166.7
2023-03-12 22:17:00+00:00,long,sell - take_profit,20770.6,21393.718,5331.96,2.95,169.65
2023-03-12 23:00:00+00:00,long,buy,21694.5,,5329.29,-0.05,169.6
2023-03-13 00:41:00+00:00,long,sell - take_profit,21694.5,22345.335,5486.51,2.95,172.55
2023-03-13 01:00:00+00:00,long,buy,22436.7,,5483.77,-0.05,172.5
2023-03-13 02:19:00+00:00,long,sell - stop_loss,22436.7,22212.333,5426.19,-1.05,171.45
2023-03-13 03:00:00+00:00,long,buy,22174.5,,5423.47,-0.05,171.4
2023-03-13 09:34:00+00:00,long,sell - stop_loss,22174.5,21952.755,5366.53,-1.05,170.35
2023-03-13 10:00:00+00:00,long,buy,21956.1,,5363.84,-0.05,170.3
2023-03-13 14:08:00+00:00,long,sell - take_profit,21956.1,22614.783,5522.08,2.95,173.25
2023-03-13 15:00:00+00:00,long,buy,23472.9,,5519.32,-0.05,173.2
2023-03-13 15:08:00+00:00,long,sell - take_profit,23472.9,24177.087000000003,5682.14,2.95,176.15
2023-03-13 16:00:00+00:00,long,buy,24009.0,,5679.29,-0.05,176.1
2023-03-14 05:11:00+00:00,long,sell - take_profit,24009.0,24729.27,5846.83,2.95,179.05
2023-03-14 06:00:00+00:00,long,buy,24324.1,,5843.91,-0.05,179.0
2023-03-14 12:30:00+00:00,long,sell - take_profit,24324.1,25053.823,6016.31,2.95,181.95
2023-03-14 13:00:00+00:00,long,buy,25870.0,,6013.3,-0.05,181.9
2023-03-14 13:54:00+00:00,long,sell - stop_loss,25870.0,25611.3,5950.16,-1.05,180.85
2023-03-14 14:00:00+00:00,long,buy,25794.3,,5947.18,-0.05,180.8
2023-03-14 18:01:00+00:00,long,sell - stop_loss,25794.3,25536.357,5884.74,-1.05,179.75
2023-03-14 19:00:00+00:00,long,buy,25007.2,,5881.8,-0.05,179.7
2023-03-14 19:13:00+00:00,long,sell - stop_loss,25007.2,24757.128,5820.04,-1.05,178.65
2023-03-14 20:00:00+00:00,long,buy,25066.4,,5817.13,-0.05,178.6
2023-03-14 20:21:00+00:00,long,sell - stop_loss,25066.4,24815.736,5756.05,-1.05,177.55
2023-03-14 21:00:00+00:00,short,buy,24583.1,,5753.17,-0.05,177.5
2023-03-14 22:00:00+00:00,short,sell - direction_change,24583.1,24544.9,5759.23,0.11,177.61
2023-03-14 22:00:00+00:00,long,buy,24544.9,,5756.35,-0.05,177.56
2023-03-14 23:00:00+00:00,long,sell - direction_change,24544.9,24725.7,5795.88,0.69,178.25
2023-03-14 23:00:00+00:00,short,buy,24725.7,,5792.98,-0.05,178.2
2023-03-15 00:00:00+00:00,short,sell - direction_change,24725.7,24682.5,5800.2,0.12,178.32
2023-03-15 00:00:00+00:00,long,buy,24682.5,,5797.3,-0.05,178.27
2023-03-15 00:29:00+00:00,long,sell - stop_loss,24682.5,24435.675,5736.43,-1.05,177.22
2023-03-15 01:00:00+00:00,long,buy,24742.6,,5733.56,-0.05,177.17
2023-03-15 03:00:00+00:00,long,sell - direction_change,24742.6,24841.5,5753.61,0.35,177.52
2023-03-15 03:00:00+00:00,short,buy,24841.5,,5750.74,-0.05,177.47
2023-03-15 04:00:00+00:00,short,sell - direction_change,24841.5,24741.6,5770.99,0.35,177.82
2023-03-15 04:00:00+00:00,long,buy,24741.6,,5768.1,-0.05,177.77
2023-03-15 05:00:00+00:00,long,sell - direction_change,24741.6,24814.9,5782.31,0.25,178.02
2023-03-15 05:00:00+00:00,short,buy,24814.9,,5779.42,-0.05,177.97
2023-03-15 06:00:00+00:00,short,sell - direction_change,24814.9,24715.6,5799.65,0.35,178.32
2023-03-15 06:00:00+00:00,long,buy,24715.6,,5796.75,-0.05,178.27
2023-03-15 08:00:00+00:00,long,sell - direction_change,24715.6,24892.0,5835.23,0.66,178.93
2023-03-15 08:00:00+00:00,short,buy,24892.0,,5832.31,-0.05,178.88
2023-03-15 12:00:00+00:00,short,sell - direction_change,24892.0,24782.6,5855.03,0.39,179.27
2023-03-15 12:00:00+00:00,long,buy,24782.6,,5852.1,-0.05,179.22
2023-03-15 12:23:00+00:00,long,sell - stop_loss,24782.6,24534.773999999998,5790.65,-1.05,178.17
2023-03-15 13:00:00+00:00,long,buy,24831.9,,5787.76,-0.05,178.12
2023-03-15 14:00:00+00:00,long,sell - direction_change,24831.9,24799.9,5777.4,-0.18,177.94
2023-03-15 14:00:00+00:00,short,buy,24799.9,,5774.52,-0.05,177.89
2023-03-15 17:02:00+00:00,short,sell - take_profit,24799.9,24055.903000000002,5944.86,2.95,180.84
2023-03-15 18:00:00+00:00,short,buy,24290.3,,5941.89,-0.05,180.79
2023-03-15 18:31:00+00:00,short,sell - stop_loss,24290.3,24533.202999999998,5879.5,-1.05,179.74
2023-03-15 19:00:00+00:00,short,buy,24418.5,,5876.56,-0.05,179.69
2023-03-16 02:00:00+00:00,short,sell - direction_change,24418.5,24328.4,5895.31,0.32,180.01
2023-03-16 02:00:00+00:00,long,buy,24328.4,,5892.36,-0.05,179.96
2023-03-16 03:00:00+00:00,long,sell - direction_change,24328.4,24365.5,5898.4,0.1,180.07
2023-03-16 03:00:00+00:00,short,buy,24365.5,,5895.45,-0.05,180.02
2023-03-16 06:00:00+00:00,short,sell - direction_change,24365.5,24345.1,5897.44,0.03,180.05
2023-03-16 06:00:00+00:00,long,buy,24345.1,,5894.49,-0.05,180.0
2023-03-16 19:24:00+00:00,long,sell - take_profit,24345.1,25075.452999999998,6068.38,2.95,182.95
2023-03-16 20:00:00+00:00,long,buy,24945.9,,6065.34,-0.05,182.9
2023-03-16 20:54:00+00:00,long,sell - stop_loss,24945.9,24696.441000000003,6001.66,-1.05,181.85
2023-03-16 21:00:00+00:00,long,buy,24680.5,,5998.66,-0.05,181.8
2023-03-17 01:29:00+00:00,long,sell - take_profit,24680.5,25420.915,6175.62,2.95,184.75
2023-03-17 02:00:00+00:00,long,buy,25654.5,,6172.53,-0.05,184.7
2023-03-17 10:05:00+00:00,long,sell - take_profit,25654.5,26424.135000000002,6354.62,2.95,187.65
2023-03-17 11:00:00+00:00,long,buy,26694.8,,6351.44,-0.05,187.6
2023-03-17 12:37:00+00:00,long,sell - stop_loss,26694.8,26427.852,6284.75,-1.05,186.55
2023-03-17 13:00:00+00:00,long,buy,26631.0,,6281.61,-0.05,186.5
2023-03-17 14:35:00+00:00,long,sell - stop_loss,26631.0,26364.69,6215.65,-1.05,185.45
2023-03-17 15:00:00+00:00,long,buy,26280.0,,6212.54,-0.05,185.4
2023-03-17 21:42:00+00:00,long,sell - take_profit,26280.0,27068.4,6395.81,2.95,188.35
2023-03-17 22:00:00+00:00,long,buy,27089.5,,6392.62,-0.05,188.3
2023-03-18 15:00:00+00:00,long,sell - direction_change,27089.5,27522.8,6491.67,1.55,189.85
2023-03-18 15:00:00+00:00,short,buy,27522.8,,6488.42,-0.05,189.8
2023-03-18 16:00:00+00:00,short,sell - direction_change,27522.8,27218.9,6556.82,1.05,190.85
2023-03-18 16:00:00+00:00,long,buy,27218.9,,6553.55,-0.05,190.8
2023-03-18 16:30:00+00:00,long,sell - stop_loss,27218.9,26946.711000000003,6484.73,-1.05,189.75
2023-03-18 17:00:00+00:00,short,buy,27343.0,,6481.49,-0.05,189.7
2023-03-18 18:00:00+00:00,short,sell - direction_change,27343.0,27305.8,6487.07,0.09,189.79
2023-03-18 18:00:00+00:00,long,buy,27305.8,,6483.82,-0.05,189.74
2023-03-18 21:00:00+00:00,long,sell - direction_change,27305.8,27313.0,6482.29,-0.02,189.72
2023-03-18 21:00:00+00:00,short,buy,27313.0,,6479.05,-0.05,189.67
2023-03-18 23:00:00+00:00,short,sell - direction_change,27313.0,26902.0,6573.31,1.45,191.12
2023-03-18 23:00:00+00:00,long,buy,26902.0,,6570.02,-0.05,191.07
2023-03-19 00:00:00+00:00,long,sell - direction_change,26902.0,26907.0,6567.96,-0.03,191.04
2023-03-19 00:00:00+00:00,short,buy,26907.0,,6564.67,-0.05,190.99
2023-03-19 01:00:00+00:00,short,sell - direction_change,26907.0,27074.7,6520.48,-0.67,190.32
2023-03-19 01:00:00+00:00,long,buy,27074.7,,6517.21,-0.05,190.27
2023-03-19 04:00:00+00:00,long,sell - direction_change,27074.7,27194.8,6542.87,0.39,190.66
2023-03-19 04:00:00+00:00,short,buy,27194.8,,6539.59,-0.05,190.61
2023-03-19 08:00:00+00:00,short,sell - direction_change,27194.8,26963.4,6591.97,0.8,191.41
2023-03-19 08:00:00+00:00,long,buy,26963.4,,6588.67,-0.05,191.36
2023-03-19 10:00:00+00:00,long,sell - direction_change,26963.4,27039.9,6604.07,0.23,191.59
2023-03-19 10:00:00+00:00,short,buy,27039.9,,6600.77,-0.05,191.54
2023-03-19 11:00:00+00:00,short,sell - direction_change,27039.9,27044.8,6596.27,-0.07,191.48
2023-03-19 11:00:00+00:00,long,buy,27044.8,,6592.98,-0.05,191.43
2023-03-19 13:00:00+00:00,long,sell - direction_change,27044.8,27232.0,6635.32,0.64,192.07
2023-03-19 13:00:00+00:00,short,buy,27232.0,,6632.0,-0.05,192.02
2023-03-19 14:00:00+00:00,short,sell - direction_change,27232.0,27166.8,6644.56,0.19,192.21
2023-03-19 14:00:00+00:00,long,buy,27166.8,,6641.24,-0.05,192.16
2023-03-19 16:34:00+00:00,long,sell - take_profit,27166.8,27981.804,6837.15,2.95,195.11
2023-03-19 17:00:00+00:00,long,buy,27915.0,,6833.74,-0.05,195.06
2023-03-20 01:02:00+00:00,long,sell - stop_loss,27915.0,27635.85,6761.98,-1.05,194.01
2023-03-20 02:00:00+00:00,short,buy,27667.4,,6758.6,-0.05,193.96
2023-03-20 06:00:00+00:00,short,sell - direction_change,27667.4,27510.1,6793.65,0.52,194.48
2023-03-20 06:00:00+00:00,long,buy,27510.1,,6790.25,-0.05,194.43
2023-03-20 08:36:00+00:00,long,sell - take_profit,27510.1,28335.403,6990.56,2.95,197.38
2023-03-20 09:00:00+00:00,long,buy,28303.3,,6987.07,-0.05,197.33
2023-03-20 09:37:00+00:00,long,sell - stop_loss,28303.3,28020.267,6913.7,-1.05,196.28
2023-03-20 10:00:00+00:00,long,buy,28190.6,,6910.25,-0.05,196.23
2023-03-20 10:14:00+00:00,long,sell - stop_loss,28190.6,27908.694,6837.69,-1.05,195.18
2023-03-20 11:00:00+00:00,long,buy,28092.6,,6834.27,-0.05,195.13
2023-03-20 13:36:00+00:00,long,sell - stop_loss,28092.6,27811.674,6762.51,-1.05,194.08
2023-03-20 14:00:00+00:00,long,buy,27807.8,,6759.13,-0.05,194.03
2023-03-20 16:00:00+00:00,long,sell - direction_change,27807.8,27679.7,6724.61,-0.51,193.51
2023-03-20 16:00:00+00:00,short,buy,27679.7,,6721.25,-0.05,193.46
2023-03-20 18:00:00+00:00,short,sell - direction_change,27679.7,27609.5,6734.94,0.2,193.67
2023-03-20 18:00:00+00:00,long,buy,27609.5,,6731.57,-0.05,193.62
2023-03-20 19:00:00+00:00,long,sell - direction_change,27609.5,27968.4,6815.71,1.25,194.87
2023-03-20 19:00:00+00:00,short,buy,27968.4,,6812.3,-0.05,194.82
2023-03-20 20:00:00+00:00,short,sell - direction_change,27968.4,27769.6,6857.31,0.66,195.48
2023-03-20 20:00:00+00:00,long,buy,27769.6,,6853.89,-0.05,195.43
2023-03-20 23:00:00+00:00,long,sell - direction_change,27769.6,27937.1,6891.8,0.55,195.98
2023-03-20 23:00:00+00:00,short,buy,27937.1,,6888.35,-0.05,195.93
2023-03-21 01:00:00+00:00,short,sell - direction_change,27937.1,27834.0,6910.33,0.32,196.25
2023-03-21 01:00:00+00:00,long,buy,27834.0,,6906.88,-0.05,196.2
2023-03-21 02:00:00+00:00,long,sell - direction_change,27834.0,27863.2,6910.67,0.05,196.26
2023-03-21 02:00:00+00:00,short,buy,27863.2,,6907.21,-0.05,196.21
2023-03-21 03:00:00+00:00,short,sell - direction_change,27863.2,27766.9,6927.63,0.3,196.5
2023-03-21 03:00:00+00:00,long,buy,27766.9,,6924.17,-0.05,196.45
2023-03-21 05:00:00+00:00,long,sell - direction_change,27766.9,27894.6,6952.55,0.41,196.86
2023-03-21 05:00:00+00:00,short,buy,27894.6,,6949.07,-0.05,196.81
2023-03-21 09:00:00+00:00,short,sell - direction_change,27894.6,27633.2,7010.72,0.89,197.7
2023-03-21 09:00:00+00:00,long,buy,27633.2,,7007.21,-0.05,197.65
2023-03-21 14:00:00+00:00,long,sell - direction_change,27633.2,28019.2,7101.59,1.35,199.0
2023-03-21 14:00:00+00:00,short,buy,28019.2,,7098.04,-0.05,198.95
2023-03-21 15:00:00+00:00,short,sell - direction_change,28019.2,27870.5,7132.16,0.48,199.43
2023-03-21 15:00:00+00:00,long,buy,27870.5,,7128.6,-0.05,199.38
2023-03-22 14:45:00+00:00,long,sell - take_profit,27870.5,28706.615,7338.89,2.95,202.33
2023-03-22 15:00:00+00:00,long,buy,28545.9,,7335.22,-0.05,202.28
2023-03-22 18:00:00+00:00,long,sell - direction_change,28545.9,28500.4,7319.86,-0.21,202.07
2023-03-22 18:00:00+00:00,short,buy,28500.4,,7316.2,-0.05,202.02
2023-03-22 18:00:00+00:00,short,sell - stop_loss,28500.4,28785.404000000002,7239.38,-1.05,200.97
2023-03-22 19:00:00+00:00,short,buy,28018.9,,7235.76,-0.05,200.92
2023-03-22 19:09:00+00:00,short,sell - take_profit,28018.9,27178.333000000002,7449.22,2.95,203.87
2023-03-22 20:00:00+00:00,short,buy,26653.3,,7445.49,-0.05,203.82
2023-03-22 20:08:00+00:00,short,sell - stop_loss,26653.3,26919.833,7367.31,-1.05,202.77
2023-03-22 21:00:00+00:00,short,buy,27294.9,,7363.63,-0.05,202.72
2023-03-22 23:00:00+00:00,short,sell - direction_change,27294.9,27189.2,7388.46,0.34,203.05
2023-03-22 23:00:00+00:00,long,buy,27189.2,,7384.77,-0.05,203.0
2023-03-23 00:00:00+00:00,long,sell - direction_change,27189.2,27233.8,7393.19,0.11,203.12
2023-03-23 00:00:00+00:00,short,buy,27233.8,,7389.49,-0.05,203.07
2023-03-23 03:00:00+00:00,short,sell - direction_change,27233.8,27336.6,7357.91,-0.43,202.64
2023-03-23 03:00:00+00:00,long,buy,27336.6,,7354.23,-0.05,202.59
2023-03-23 04:00:00+00:00,long,sell - direction_change,27336.6,27343.7,7352.46,-0.02,202.57
2023-03-23 04:00:00+00:00,short,buy,27343.7,,7348.78,-0.05,202.52
2023-03-23 05:00:00+00:00,short,sell - direction_change,27343.7,27262.5,7366.93,0.25,202.76
2023-03-23 05:00:00+00:00,long,buy,27262.5,,7363.25,-0.05,202.71
2023-03-23 07:00:00+00:00,long,sell - direction_change,27262.5,27633.0,7459.63,1.31,204.02
2023-03-23 07:00:00+00:00,short,buy,27633.0,,7455.9,-0.05,203.97
2023-03-23 08:00:00+00:00,short,sell - direction_change,27633.0,27616.3,7456.68,0.01,203.98
2023-03-23 08:00:00+00:00,long,buy,27616.3,,7452.95,-0.05,203.93
2023-03-23 09:00:00+00:00,long,sell - direction_change,27616.3,27621.4,7450.6,-0.03,203.9
2023-03-23 09:00:00+00:00,short,buy,27621.4,,7446.88,-0.05,203.85
2023-03-23 14:00:00+00:00,short,sell - direction_change,27621.4,27354.7,7515.06,0.92,204.77
2023-03-23 14:00:00+00:00,long,buy,27354.7,,7511.3,-0.05,204.72
2023-03-23 15:00:00+00:00,long,sell - take_profit,27354.7,28175.341,7732.89,2.95,207.67
2023-03-23 16:00:00+00:00,long,buy,28574.6,,7729.02,-0.05,207.62
2023-03-23 17:12:00+00:00,long,sell - stop_loss,28574.6,28288.854,7647.86,-1.05,206.57
2023-03-23 18:00:00+00:00,long,buy,28291.7,,7644.04,-0.05,206.52
2023-03-23 18:48:00+00:00,long,sell - stop_loss,28291.7,28008.783,7563.78,-1.05,205.47
2023-03-23 19:00:00+00:00,long,buy,27893.2,,7560.0,-0.05,205.42
2023-03-24 08:00:00+00:00,long,sell - direction_change,27893.2,28270.0,7658.34,1.3,206.72
2023-03-24 08:00:00+00:00,short,buy,28270.0,,7654.51,-0.05,206.67
2023-03-24 09:00:00+00:00,short,sell - direction_change,28270.0,28022.4,7717.73,0.83,207.49
2023-03-24 09:00:00+00:00,long,buy,28022.4,,7713.87,-0.05,207.44
2023-03-24 10:00:00+00:00,long,sell - direction_change,28022.4,28028.6,7711.72,-0.03,207.42
2023-03-24 10:00:00+00:00,short,buy,28028.6,,7707.86,-0.05,207.37
2023-03-24 14:00:00+00:00,short,sell - direction_change,28028.6,27963.9,7721.8,0.18,207.55
2023-03-24 14:00:00+00:00,long,buy,27963.9,,7717.94,-0.05,207.5
2023-03-24 16:00:00+00:00,long,sell - direction_change,27963.9,27997.2,7723.27,0.07,207.57
2023-03-24 16:00:00+00:00,short,buy,27997.2,,7719.41,-0.05,207.52
2023-03-24 21:21:00+00:00,short,sell - take_profit,27997.2,27157.284,7947.13,2.95,210.47
2023-03-24 22:00:00+00:00,short,buy,27315.0,,7943.16,-0.05,210.42
2023-03-25 02:25:00+00:00,short,sell - stop_loss,27315.0,27588.15,7859.75,-1.05,209.37
2023-03-25 03:00:00+00:00,short,buy,27585.6,,7855.83,-0.05,209.32
2023-03-25 07:00:00+00:00,short,sell - direction_change,27585.6,27480.9,7881.71,0.33,209.65
2023-03-25 07:00:00+00:00,long,buy,27480.9,,7877.77,-0.05,209.6
2023-03-25 08:00:00+00:00,long,sell - direction_change,27480.9,27473.5,7871.71,-0.08,209.52
2023-03-25 08:00:00+00:00,short,buy,27473.5,,7867.78,-0.05,209.47
2023-03-25 09:00:00+00:00,short,sell - direction_change,27473.5,27412.8,7881.23,0.17,209.64
2023-03-25 09:00:00+00:00,long,buy,27412.8,,7877.29,-0.05,209.59
2023-03-25 10:00:00+00:00,long,sell - direction_change,27412.8,27469.9,7889.75,0.16,209.75
2023-03-25 10:00:00+00:00,short,buy,27469.9,,7885.81,-0.05,209.7
2023-03-25 15:00:00+00:00,short,sell - direction_change,27469.9,27511.7,7869.87,-0.2,209.5
2023-03-25 15:00:00+00:00,long,buy,27511.7,,7865.93,-0.05,209.45
2023-03-25 17:00:00+00:00,long,sell - direction_change,27511.7,27611.7,7890.59,0.31,209.76
2023-03-25 17:00:00+00:00,short,buy,27611.7,,7886.65,-0.05,209.71
2023-03-26 00:00:00+00:00,short,sell - direction_change,27611.7,27447.2,7929.69,0.55,210.26
2023-03-26 00:00:00+00:00,long,buy,27447.2,,7925.72,-0.05,210.21
2023-03-26 02:00:00+00:00,long,sell - direction_change,27447.2,27581.0,7960.4,0.44,210.64
2023-03-26 02:00:00+00:00,short,buy,27581.0,,7956.42,-0.05,210.59
2023-03-26 03:00:00+00:00,short,sell - direction_change,27581.0,27576.8,7953.65,-0.03,210.56
2023-03-26 03:00:00+00:00,long,buy,27576.8,,7949.67,-0.05,210.51
2023-03-26 06:00:00+00:00,long,sell - direction_change,27576.8,27531.7,7932.7,-0.21,210.29
2023-03-26 06:00:00+00:00,short,buy,27531.7,,7928.73,-0.05,210.24
2023-03-26 07:00:00+00:00,short,sell - direction_change,27531.7,27482.9,7938.82,0.13,210.37
2023-03-26 07:00:00+00:00,long,buy,27482.9,,7934.85,-0.05,210.32
2023-03-27 05:00:00+00:00,long,sell - direction_change,27482.9,27894.1,8049.6,1.45,211.77
2023-03-27 05:00:00+00:00,short,buy,27894.1,,8045.58,-0.05,211.72
2023-03-27 06:00:00+00:00,short,sell - direction_change,27894.1,27707.1,8095.49,0.62,212.34
2023-03-27 06:00:00+00:00,long,buy,27707.1,,8091.45,-0.05,212.29
2023-03-27 07:00:00+00:00,long,sell - direction_change,27707.1,27770.9,8106.03,0.18,212.47
2023-03-27 07:00:00+00:00,short,buy,27770.9,,8101.98,-0.05,212.42
2023-03-27 08:00:00+00:00,short,sell - direction_change,27770.9,27794.5,8091.04,-0.13,212.28
2023-03-27 08:00:00+00:00,long,buy,27794.5,,8087.0,-0.05,212.23
2023-03-27 10:00:00+00:00,long,sell - direction_change,27794.5,27912.3,8117.23,0.37,212.61
2023-03-27 10:00:00+00:00,short,buy,27912.3,,8113.17,-0.05,212.56
2023-03-27 11:00:00+00:00,short,sell - direction_change,27912.3,27900.3,8112.6,-0.01,212.55
2023-03-27 11:00:00+00:00,long,buy,27900.3,,8108.55,-0.05,212.5
2023-03-27 12:00:00+00:00,long,sell - direction_change,27900.3,27879.9,8098.56,-0.12,212.38
2023-03-27 12:00:00+00:00,short,buy,27879.9,,8094.51,-0.05,212.33
2023-03-27 14:58:00+00:00,short,sell - take_profit,27879.9,27043.503,8333.3,2.95,215.28
2023-03-27 15:00:00+00:00,short,buy,26933.0,,8329.13,-0.05,215.23
2023-03-27 16:16:00+00:00,short,sell - stop_loss,26933.0,27202.33,8241.68,-1.05,214.18
2023-03-27 17:00:00+00:00,short,buy,27133.2,,8237.56,-0.05,214.13
2023-03-28 01:00:00+00:00,short,sell - direction_change,27133.2,26952.6,8288.27,0.62,214.74
2023-03-28 01:00:00+00:00,long,buy,26952.6,,8284.12,-0.05,214.69
2023-03-28 02:00:00+00:00,long,sell - direction_change,26952.6,27057.7,8312.29,0.34,215.03
2023-03-28 02:00:00+00:00,short,buy,27057.7,,8308.13,-0.05,214.98
2023-03-28 05:00:00+00:00,short,sell - direction_change,27057.7,26953.4,8336.0,0.34,215.32
2023-03-28 05:00:00+00:00,long,buy,26953.4,,8331.83,-0.05,215.27
2023-03-28 07:00:00+00:00,long,sell - direction_change,26953.4,27055.6,8359.26,0.33,215.6
2023-03-28 07:00:00+00:00,short,buy,27055.6,,8355.08,-0.05,215.55
2023-03-28 11:00:00+00:00,short,sell - direction_change,27055.6,26733.6,8450.34,1.14,216.69
2023-03-28 11:00:00+00:00,long,buy,26733.6,,8446.11,-0.05,216.64
2023-03-28 12:00:00+00:00,long,sell - direction_change,26733.6,27046.8,8540.84,1.12,217.76
2023-03-28 12:00:00+00:00,short,buy,27046.8,,8536.57,-0.05,217.71
2023-03-28 15:00:00+00:00,short,sell - direction_change,27046.8,26930.0,8569.17,0.38,218.09
2023-03-28 15:00:00+00:00,long,buy,26930.0,,8564.88,-0.05,218.04
2023-03-28 16:00:00+00:00,long,sell - direction_change,26930.0,26984.8,8578.03,0.15,218.19
2023-03-28 16:00:00+00:00,short,buy,26984.8,,8573.74,-0.05,218.14
2023-03-28 18:00:00+00:00,short,sell - direction_change,26984.8,26851.1,8611.93,0.45,218.59
2023-03-28 18:00:00+00:00,long,buy,26851.1,,8607.63,-0.05,218.54
2023-03-29 04:32:00+00:00,long,sell - take_profit,26851.1,27656.632999999998,8861.55,2.95,221.49
2023-03-29 05:00:00+00:00,long,buy,27552.5,,8857.12,-0.05,221.44
2023-03-29 08:11:00+00:00,long,sell - take_profit,27552.5,28379.075,9118.41,2.95,224.39
2023-03-29 09:00:00+00:00,long,buy,28498.1,,9113.85,-0.05,224.34
2023-03-29 12:22:00+00:00,long,sell - stop_loss,28498.1,28213.119,9018.15,-1.05,223.29
2023-03-29 13:00:00+00:00,long,buy,28430.1,,9013.64,-0.05,223.24
2023-03-29 16:58:00+00:00,long,sell - stop_loss,28430.1,28145.799,8919.0,-1.05,222.19
2023-03-29 17:00:00+00:00,long,buy,28137.7,,8914.54,-0.05,222.14
2023-03-30 02:31:00+00:00,long,sell - take_profit,28137.7,28981.831000000002,9177.52,2.95,225.09
2023-03-30 03:00:00+00:00,long,buy,28952.1,,9172.93,-0.05,225.04
2023-03-30 03:06:00+00:00,long,sell - stop_loss,28952.1,28662.578999999998,9076.62,-1.05,223.99
2023-03-30 04:00:00+00:00,long,buy,28470.4,,9072.08,-0.05,223.94
2023-03-30 14:00:00+00:00,long,sell - direction_change,28470.4,28504.9,9078.53,0.07,224.01
2023-03-30 14:00:00+00:00,short,buy,28504.9,,9074.0,-0.05,223.96
2023-03-31 03:00:00+00:00,short,sell - direction_change,28504.9,28130.8,9188.55,1.26,225.22
2023-03-31 03:00:00+00:00,long,buy,28130.8,,9183.95,-0.05,225.17
2023-03-31 05:00:00+00:00,long,sell - direction_change,28130.8,28165.4,9190.66,0.07,225.25
2023-03-31 05:00:00+00:00,short,buy,28165.4,,9186.06,-0.05,225.2
2023-03-31 13:00:00+00:00,short,sell - direction_change,28165.4,28098.0,9203.45,0.19,225.39
2023-03-31 13:00:00+00:00,long,buy,28098.0,,9198.85,-0.05,225.34
2023-04-01 11:00:00+00:00,long,sell - direction_change,28098.0,28454.9,9311.09,1.22,226.56
2023-04-01 11:00:00+00:00,short,buy,28454.9,,9306.44,-0.05,226.51
2023-04-01 12:00:00+00:00,short,sell - direction_change,28454.9,28365.4,9331.05,0.26,226.77
2023-04-01 12:00:00+00:00,long,buy,28365.4,,9326.39,-0.05,226.72
2023-04-01 14:00:00+00:00,long,sell - direction_change,28365.4,28407.5,9335.57,0.1,226.82
2023-04-01 14:00:00+00:00,short,buy,28407.5,,9330.9,-0.05,226.77
2023-04-01 20:00:00+00:00,short,sell - direction_change,28407.5,28368.4,9339.08,0.09,226.86
2023-04-01 20:00:00+00:00,long,buy,28368.4,,9334.41,-0.05,226.81
2023-04-02 00:00:00+00:00,long,sell - direction_change,28368.4,28443.7,9354.52,0.22,227.02
2023-04-02 00:00:00+00:00,short,buy,28443.7,,9349.84,-0.05,226.97
2023-04-02 02:00:00+00:00,short,sell - direction_change,28443.7,28373.6,9368.21,0.2,227.17
2023-04-02 02:00:00+00:00,long,buy,28373.6,,9363.52,-0.05,227.12
2023-04-02 04:00:00+00:00,long,sell - direction_change,28373.6,28463.0,9388.35,0.27,227.38
2023-04-02 04:00:00+00:00,short,buy,28463.0,,9383.65,-0.05,227.33
2023-04-02 05:00:00+00:00,short,sell - direction_change,28463.0,28370.0,9409.62,0.28,227.61
2023-04-02 05:00:00+00:00,long,buy,28370.0,,9404.92,-0.05,227.56
2023-04-02 07:00:00+00:00,long,sell - direction_change,28370.0,28445.1,9425.11,0.21,227.77
2023-04-02 07:00:00+00:00,short,buy,28445.1,,9420.4,-0.05,227.72
2023-04-03 01:43:00+00:00,short,sell - take_profit,28445.1,27591.747,9698.3,2.95,230.67
2023-04-03 02:00:00+00:00,short,buy,27696.7,,9693.45,-0.05,230.62
2023-04-03 08:00:00+00:00,short,sell - direction_change,27696.7,27946.5,9601.18,-0.95,229.67
2023-04-03 08:00:00+00:00,long,buy,27946.5,,9596.38,-0.05,229.62
2023-04-03 14:00:00+00:00,long,sell - direction_change,27946.5,28247.9,9695.07,1.03,230.65
2023-04-03 14:00:00+00:00,short,buy,28247.9,,9690.23,-0.05,230.6
2023-04-03 17:00:00+00:00,short,sell - direction_change,28247.9,27917.3,9798.79,1.12,231.72
2023-04-03 17:00:00+00:00,long,buy,27917.3,,9793.89,-0.05,231.67
2023-04-03 20:00:00+00:00,long,sell - direction_change,27917.3,28071.8,9843.2,0.5,232.18
2023-04-03 20:00:00+00:00,short,buy,28071.8,,9838.27,-0.05,232.13
2023-04-03 21:01:00+00:00,short,sell - take_profit,28071.8,27229.645999999997,10128.5,2.95,235.08
2023-04-03 22:00:00+00:00,short,buy,27699.1,,10123.44,-0.05,235.03
2023-04-03 23:05:00+00:00,short,sell - stop_loss,27699.1,27976.091,10017.14,-1.05,233.98
2023-04-04 00:00:00+00:00,short,buy,27786.1,,10012.13,-0.05,233.93
2023-04-04 03:00:00+00:00,short,sell - direction_change,27786.1,27840.0,9987.71,-0.24,233.68
2023-04-04 03:00:00+00:00,long,buy,27840.0,,9982.71,-0.05,233.63
2023-04-04 04:00:00+00:00,long,sell - direction_change,27840.0,27843.6,9979.01,-0.04,233.59
2023-04-04 04:00:00+00:00,short,buy,27843.6,,9974.02,-0.05,233.54
2023-04-04 05:00:00+00:00,short,sell - direction_change,27843.6,27797.7,9985.48,0.11,233.66
2023-04-04 05:00:00+00:00,long,buy,27797.7,,9980.48,-0.05,233.61
2023-04-05 00:55:00+00:00,long,sell - take_profit,27797.7,28631.631,10274.91,2.95,236.56
2023-04-05 01:00:00+00:00,long,buy,28655.7,,10269.77,-0.05,236.51
2023-04-05 12:34:00+00:00,long,sell - stop_loss,28655.7,28369.143,10161.94,-1.05,235.46
2023-04-05 13:00:00+00:00,short,buy,28556.4,,10156.86,-0.05,235.41
2023-04-06 01:00:00+00:00,short,sell - direction_change,28556.4,27982.4,10355.94,1.96,237.37
2023-04-06 01:00:00+00:00,long,buy,27982.4,,10350.76,-0.05,237.32
2023-04-06 02:00:00+00:00,long,sell - direction_change,27982.4,28046.9,10369.44,0.18,237.5
2023-04-06 02:00:00+00:00,short,buy,28046.9,,10364.26,-0.05,237.45
2023-04-06 03:00:00+00:00,short,sell - direction_change,28046.9,28027.3,10366.32,0.02,237.47
2023-04-06 03:00:00+00:00,long,buy,28027.3,,10361.14,-0.05,237.42
2023-04-06 04:00:00+00:00,long,sell - direction_change,28027.3,28117.4,10389.26,0.27,237.69
2023-04-06 04:00:00+00:00,short,buy,28117.4,,10384.07,-0.05,237.64
2023-04-06 15:00:00+00:00,short,sell - direction_change,28117.4,27935.4,10446.09,0.6,238.24
2023-04-06 15:00:00+00:00,long,buy,27935.4,,10440.87,-0.05,238.19
2023-04-06 16:00:00+00:00,long,sell - direction_change,27935.4,28079.3,10489.43,0.47,238.65
2023-04-06 16:00:00+00:00,short,buy,28079.3,,10484.19,-0.05,238.6
2023-04-06 19:00:00+00:00,short,sell - direction_change,28079.3,27950.6,10527.0,0.41,239.01
2023-04-06 19:00:00+00:00,long,buy,27950.6,,10521.73,-0.05,238.96
2023-04-06 20:00:00+00:00,long,sell - direction_change,27950.6,28005.0,10536.95,0.14,239.11
2023-04-06 20:00:00+00:00,short,buy,28005.0,,10531.68,-0.05,239.06
2023-04-06 21:00:00+00:00,short,sell - direction_change,28005.0,27965.0,10541.46,0.09,239.15
2023-04-06 21:00:00+00:00,long,buy,27965.0,,10536.19,-0.05,239.1
2023-04-07 01:00:00+00:00,long,sell - direction_change,27965.0,28086.2,10576.59,0.38,239.48
2023-04-07 01:00:00+00:00,short,buy,28086.2,,10571.3,-0.05,239.43
2023-04-07 17:00:00+00:00,short,sell - direction_change,28086.2,27869.8,10647.46,0.72,240.15
2023-04-07 17:00:00+00:00,long,buy,27869.8,,10642.14,-0.05,240.1
2023-04-07 18:00:00+00:00,long,sell - direction_change,27869.8,27900.9,10648.69,0.06,240.16
2023-04-07 18:00:00+00:00,short,buy,27900.9,,10643.37,-0.05,240.11
2023-04-07 19:00:00+00:00,short,sell - direction_change,27900.9,27877.8,10646.86,0.03,240.15
2023-04-07 19:00:00+00:00,long,buy,27877.8,,10641.53,-0.05,240.1
2023-04-07 20:00:00+00:00,long,sell - direction_change,27877.8,27886.3,10639.46,-0.02,240.08
2023-04-07 20:00:00+00:00,short,buy,27886.3,,10634.14,-0.05,240.03
2023-04-07 22:00:00+00:00,short,sell - direction_change,27886.3,27881.2,10630.77,-0.03,240.0
2023-04-07 22:00:00+00:00,long,buy,27881.2,,10625.45,-0.05,239.95
2023-04-07 23:00:00+00:00,long,sell - direction_change,27881.2,27943.7,10643.96,0.17,240.12
2023-04-07 23:00:00+00:00,short,buy,27943.7,,10638.64,-0.05,240.07
2023-04-08 02:00:00+00:00,short,sell - direction_change,27943.7,27892.0,10653.0,0.14,240.21
2023-04-08 02:00:00+00:00,long,buy,27892.0,,10647.67,-0.05,240.16
2023-04-08 15:00:00+00:00,long,sell - direction_change,27892.0,28010.2,10687.47,0.37,240.53
2023-04-08 15:00:00+00:00,short,buy,28010.2,,10682.13,-0.05,240.48
2023-04-09 00:00:00+00:00,short,sell - direction_change,28010.2,27924.9,10709.32,0.25,240.73
2023-04-09 00:00:00+00:00,long,buy,27924.9,,10703.96,-0.05,240.68
2023-04-09 06:00:00+00:00,long,sell - direction_change,27924.9,27987.8,10722.72,0.18,240.86
2023-04-09 06:00:00+00:00,short,buy,27987.8,,10717.36,-0.05,240.81
2023-04-09 17:00:00+00:00,short,sell - direction_change,27987.8,27884.8,10751.44,0.32,241.13
2023-04-09 17:00:00+00:00,long,buy,27884.8,,10746.07,-0.05,241.08
2023-04-10 12:00:00+00:00,long,sell - direction_change,27884.8,28294.3,10898.5,1.42,242.5
2023-04-10 12:00:00+00:00,short,buy,28294.3,,10893.05,-0.05,242.45
2023-04-10 14:00:00+00:00,short,sell - direction_change,28294.3,28207.7,10920.95,0.26,242.7
2023-04-10 14:00:00+00:00,long,buy,28207.7,,10915.49,-0.05,242.65
2023-04-10 16:56:00+00:00,long,sell - take_profit,28207.7,29053.931,11237.49,2.95,245.6
2023-04-10 17:00:00+00:00,long,buy,29033.1,,11231.88,-0.05,245.55
2023-04-11 00:40:00+00:00,long,sell - take_profit,29033.1,29904.093,11563.22,2.95,248.5
2023-04-11 01:00:00+00:00,long,buy,29920.7,,11557.43,-0.05,248.45
2023-04-12 01:00:00+00:00,long,sell - direction_change,29920.7,30213.0,11664.56,0.93,249.38
2023-04-12 01:00:00+00:00,short,buy,30213.0,,11658.73,-0.05,249.33
2023-04-12 03:00:00+00:00,short,sell - direction_change,30213.0,29909.5,11770.02,0.95,250.28
2023-04-12 03:00:00+00:00,long,buy,29909.5,,11764.13,-0.05,250.23
2023-04-12 05:00:00+00:00,long,sell - direction_change,29909.5,29962.1,11778.94,0.13,250.36
2023-04-12 05:00:00+00:00,short,buy,29962.1,,11773.05,-0.05,250.31
2023-04-12 06:00:00+00:00,short,sell - direction_change,29962.1,29908.1,11788.38,0.13,250.44
2023-04-12 06:00:00+00:00,long,buy,29908.1,,11782.49,-0.05,250.39
2023-04-12 08:00:00+00:00,long,sell - direction_change,29908.1,29979.5,11804.72,0.19,250.58
2023-04-12 08:00:00+00:00,short,buy,29979.5,,11798.82,-0.05,250.53
2023-04-12 12:00:00+00:00,short,sell - direction_change,29979.5,30003.7,11783.4,-0.13,250.4
2023-04-12 12:00:00+00:00,long,buy,30003.7,,11777.51,-0.05,250.35
2023-04-12 13:00:00+00:00,long,sell - direction_change,30003.7,30132.6,11822.22,0.38,250.73
2023-04-12 13:00:00+00:00,short,buy,30132.6,,11816.3,-0.05,250.68
2023-04-12 17:00:00+00:00,short,sell - direction_change,30132.6,29922.2,11892.9,0.65,251.33
2023-04-12 17:00:00+00:00,long,buy,29922.2,,11886.96,-0.05,251.28
2023-04-12 18:00:00+00:00,long,sell - direction_change,29922.2,30007.9,11915.06,0.24,251.51
2023-04-12 18:00:00+00:00,short,buy,30007.9,,11909.1,-0.05,251.46
2023-04-13 01:00:00+00:00,short,sell - direction_change,30007.9,29972.9,11917.04,0.07,251.53
2023-04-13 01:00:00+00:00,long,buy,29972.9,,11911.08,-0.05,251.48
2023-04-14 01:47:00+00:00,long,sell - take_profit,29972.9,30872.087000000003,12262.45,2.95,254.43
2023-04-14 02:00:00+00:00,long,buy,30776.3,,12256.32,-0.05,254.38
2023-04-14 14:00:00+00:00,long,sell - direction_change,30776.3,30701.6,12220.45,-0.29,254.09
2023-04-14 14:00:00+00:00,short,buy,30701.6,,12214.34,-0.05,254.04
2023-04-14 17:00:00+00:00,short,sell - direction_change,30701.6,30132.6,12434.6,1.8,255.84
2023-04-14 17:00:00+00:00,long,buy,30132.6,,12428.38,-0.05,255.79
2023-04-14 19:00:00+00:00,long,sell - direction_change,30132.6,30260.9,12475.09,0.38,256.16
2023-04-14 19:00:00+00:00,short,buy,30260.9,,12468.85,-0.05,256.11
2023-04-14 21:00:00+00:00,short,sell - direction_change,30260.9,30429.8,12393.02,-0.61,255.51
2023-04-14 21:00:00+00:00,long,buy,30429.8,,12386.82,-0.05,255.46
2023-04-14 22:00:00+00:00,long,sell - direction_change,30429.8,30431.8,12381.45,-0.04,255.41
2023-04-14 22:00:00+00:00,short,buy,30431.8,,12375.25,-0.05,255.36
2023-04-15 02:00:00+00:00,short,sell - direction_change,30431.8,30355.8,12399.97,0.2,255.56
2023-04-15 02:00:00+00:00,long,buy,30355.8,,12393.77,-0.05,255.51
2023-04-15 04:00:00+00:00,long,sell - direction_change,30355.8,30367.0,12392.15,-0.01,255.5
2023-04-15 04:00:00+00:00,short,buy,30367.0,,12385.95,-0.05,255.45
2023-04-15 05:00:00+00:00,short,sell - direction_change,30367.0,30348.1,12387.47,0.01,255.46
2023-04-15 05:00:00+00:00,long,buy,30348.1,,12381.27,-0.05,255.41
2023-04-15 06:00:00+00:00,long,sell - direction_change,30348.1,30410.0,12400.34,0.15,255.57
2023-04-15 06:00:00+00:00,short,buy,30410.0,,12394.14,-0.05,255.52
2023-04-15 12:00:00+00:00,short,sell - direction_change,30410.0,30370.9,12403.88,0.08,255.59
2023-04-15 12:00:00+00:00,long,buy,30370.9,,12397.67,-0.05,255.54
2023-04-15 13:00:00+00:00,long,sell - direction_change,30370.9,30407.4,12406.38,0.07,255.61
2023-04-15 13:00:00+00:00,short,buy,30407.4,,12400.17,-0.05,255.56
2023-04-16 04:00:00+00:00,short,sell - direction_change,30407.4,30249.0,12458.57,0.47,256.04
2023-04-16 04:00:00+00:00,long,buy,30249.0,,12452.34,-0.05,255.99
2023-04-16 08:00:00+00:00,long,sell - direction_change,30249.0,30330.8,12479.79,0.22,256.21
2023-04-16 08:00:00+00:00,short,buy,30330.8,,12473.55,-0.05,256.16
2023-04-16 10:00:00+00:00,short,sell - direction_change,30330.8,30268.6,12492.89,0.16,256.31
2023-04-16 10:00:00+00:00,long,buy,30268.6,,12486.64,-0.05,256.26
2023-04-16 11:00:00+00:00,long,sell - direction_change,30268.6,30280.0,12485.1,-0.01,256.25
2023-04-16 11:00:00+00:00,short,buy,30280.0,,12478.86,-0.05,256.2
2023-04-16 14:00:00+00:00,short,sell - direction_change,30280.0,30241.0,12488.69,0.08,256.28
2023-04-16 14:00:00+00:00,long,buy,30241.0,,12482.45,-0.05,256.23
2023-04-16 17:00:00+00:00,long,sell - direction_change,30241.0,30335.0,12515.01,0.26,256.49
2023-04-16 17:00:00+00:00,short,buy,30335.0,,12508.75,-0.05,256.44
2023-04-16 18:00:00+00:00,short,sell - direction_change,30335.0,30292.0,12520.23,0.09,256.53
2023-04-16 18:00:00+00:00,long,buy,30292.0,,12513.97,-0.05,256.48
2023-04-16 23:00:00+00:00,long,sell - direction_change,30292.0,30314.7,12517.09,0.02,256.5
2023-04-16 23:00:00+00:00,short,buy,30314.7,,12510.83,-0.05,256.45
2023-04-17 10:00:00+00:00,short,sell - direction_change,30314.7,29870.9,12687.73,1.41,257.87
2023-04-17 10:00:00+00:00,long,buy,29870.9,,12681.38,-0.05,257.82
2023-04-17 11:00:00+00:00,long,sell - direction_change,29870.9,29880.7,12679.2,-0.02,257.8
2023-04-17 11:00:00+00:00,short,buy,29880.7,,12672.86,-0.05,257.75
2023-04-18 01:00:00+00:00,short,sell - direction_change,29880.7,29356.0,12889.06,1.71,259.46
2023-04-18 01:00:00+00:00,long,buy,29356.0,,12882.62,-0.05,259.41
2023-04-18 03:00:00+00:00,long,sell - direction_change,29356.0,29453.3,12918.88,0.28,259.69
2023-04-18 03:00:00+00:00,short,buy,29453.3,,12912.42,-0.05,259.64
2023-04-18 05:00:00+00:00,short,sell - direction_change,29453.3,29480.3,12894.12,-0.14,259.5
2023-04-18 05:00:00+00:00,long,buy,29480.3,,12887.68,-0.05,259.45
2023-04-18 11:45:00+00:00,long,sell - take_profit,29480.3,30364.709,13267.86,2.95,262.4
2023-04-18 12:00:00+00:00,long,buy,30369.7,,13261.23,-0.05,262.35
2023-04-18 17:54:00+00:00,long,sell - stop_loss,30369.7,30066.003,13121.99,-1.05,261.3
2023-04-18 18:00:00+00:00,long,buy,30013.4,,13115.42,-0.05,261.25
2023-04-18 21:00:00+00:00,long,sell - direction_change,30013.4,30416.6,13285.06,1.29,262.54
2023-04-18 21:00:00+00:00,short,buy,30416.6,,13278.42,-0.05,262.49
2023-04-18 22:00:00+00:00,short,sell - direction_change,30416.6,30365.1,13294.26,0.12,262.61
2023-04-18 22:00:00+00:00,long,buy,30365.1,,13287.61,-0.05,262.56
2023-04-19 02:00:00+00:00,long,sell - direction_change,30365.1,30222.6,13218.61,-0.52,262.04
2023-04-19 02:00:00+00:00,short,buy,30222.6,,13212.0,-0.05,261.99
2023-04-19 03:00:00+00:00,short,sell - direction_change,30222.6,30191.0,13219.21,0.05,262.05
2023-04-19 03:00:00+00:00,long,buy,30191.0,,13212.6,-0.05,262.0
2023-04-19 06:00:00+00:00,long,sell - direction_change,30191.0,30254.0,13233.57,0.16,262.15
2023-04-19 06:00:00+00:00,short,buy,30254.0,,13226.95,-0.05,262.1
2023-04-19 08:10:00+00:00,short,sell - take_profit,30254.0,29346.379999999997,13617.14,2.95,265.05
2023-04-19 09:00:00+00:00,short,buy,29148.1,,13610.33,-0.05,265.0
2023-04-19 11:00:00+00:00,short,sell - direction_change,29148.1,29240.0,13560.62,-0.37,264.64
2023-04-19 11:00:00+00:00,long,buy,29240.0,,13553.84,-0.05,264.59
2023-04-19 12:00:00+00:00,long,sell - direction_change,29240.0,29300.0,13574.87,0.16,264.74
2023-04-19 12:00:00+00:00,short,buy,29300.0,,13568.09,-0.05,264.69
2023-04-19 20:00:00+00:00,short,sell - direction_change,29300.0,29210.5,13602.75,0.26,264.95
2023-04-19 20:00:00+00:00,long,buy,29210.5,,13595.95,-0.05,264.9
2023-04-19 21:00:00+00:00,long,sell - direction_change,29210.5,29223.0,13594.97,-0.01,264.89
2023-04-19 21:00:00+00:00,short,buy,29223.0,,13588.17,-0.05,264.84
2023-04-20 06:00:00+00:00,short,sell - direction_change,29223.0,28884.6,13738.72,1.11,265.95
2023-04-20 06:00:00+00:00,long,buy,28884.6,,13731.85,-0.05,265.9
2023-04-20 07:00:00+00:00,long,sell - direction_change,28884.6,28911.1,13737.59,0.04,265.94
2023-04-20 07:00:00+00:00,short,buy,28911.1,,13730.72,-0.05,265.89
2023-04-20 09:00:00+00:00,short,sell - direction_change,28911.1,28819.0,13767.59,0.27,266.16
2023-04-20 09:00:00+00:00,long,buy,28819.0,,13760.71,-0.05,266.11
2023-04-20 10:00:00+00:00,long,sell - direction_change,28819.0,28852.2,13769.68,0.07,266.18
2023-04-20 10:00:00+00:00,short,buy,28852.2,,13762.8,-0.05,266.13
2023-04-20 12:00:00+00:00,short,sell - direction_change,28852.2,28601.5,13875.5,0.82,266.94
2023-04-20 12:00:00+00:00,long,buy,28601.5,,13868.56,-0.05,266.89
2023-04-20 12:17:00+00:00,long,sell - stop_loss,28601.5,28315.485,13722.94,-1.05,265.84
2023-04-20 13:00:00+00:00,short,buy,28876.3,,13716.08,-0.05,265.79
2023-04-20 19:27:00+00:00,short,sell - take_profit,28876.3,28010.011,14120.71,2.95,268.74
2023-04-20 20:00:00+00:00,short,buy,28091.2,,14113.65,-0.05,268.69
2023-04-20 21:00:00+00:00,short,sell - direction_change,28091.2,28192.5,14055.7,-0.41,268.28
2023-04-20 21:00:00+00:00,long,buy,28192.5,,14048.67,-0.05,268.23
2023-04-20 23:00:00+00:00,long,sell - direction_change,28192.5,28239.0,14064.81,0.11,268.35
2023-04-20 23:00:00+00:00,short,buy,28239.0,,14057.78,-0.05,268.3
2023-04-21 16:00:00+00:00,short,sell - direction_change,28239.0,28032.8,14153.4,0.68,268.98
2023-04-21 16:00:00+00:00,long,buy,28032.8,,14146.33,-0.05,268.93
2023-04-21 17:00:00+00:00,long,sell - direction_change,28032.8,28035.0,14140.36,-0.04,268.89
2023-04-21 17:00:00+00:00,short,buy,28035.0,,14133.29,-0.05,268.84
2023-04-21 19:39:00+00:00,short,sell - take_profit,28035.0,27193.95,14550.22,2.95,271.79
2023-04-21 20:00:00+00:00,short,buy,27273.6,,14542.95,-0.05,271.74
2023-04-22 03:00:00+00:00,short,sell - direction_change,27273.6,27229.5,14559.19,0.11,271.85
2023-04-22 03:00:00+00:00,long,buy,27229.5,,14551.91,-0.05,271.8
2023-04-22 04:00:00+00:00,long,sell - direction_change,27229.5,27309.9,14587.61,0.25,272.04
2023-04-22 04:00:00+00:00,short,buy,27309.9,,14580.31,-0.05,271.99
2023-04-22 05:00:00+00:00,short,sell - direction_change,27309.9,27334.0,14560.15,-0.14,271.86
2023-04-22 05:00:00+00:00,long,buy,27334.0,,14552.87,-0.05,271.81
2023-04-22 06:00:00+00:00,long,sell - direction_change,27334.0,27384.0,14572.22,0.13,271.94
2023-04-22 06:00:00+00:00,short,buy,27384.0,,14564.93,-0.05,271.89
2023-04-22 10:00:00+00:00,short,sell - direction_change,27384.0,27229.3,14639.93,0.51,272.4
2023-04-22 10:00:00+00:00,long,buy,27229.3,,14632.61,-0.05,272.35
2023-04-22 11:00:00+00:00,long,sell - direction_change,27229.3,27238.6,14630.29,-0.02,272.34
2023-04-22 11:00:00+00:00,short,buy,27238.6,,14622.98,-0.05,272.29
2023-04-22 12:00:00+00:00,short,sell - direction_change,27238.6,27276.1,14595.53,-0.19,272.1
2023-04-22 12:00:00+00:00,long,buy,27276.1,,14588.24,-0.05,272.05
2023-04-22 13:00:00+00:00,long,sell - direction_change,27276.1,27325.2,14607.2,0.13,272.18
2023-04-22 13:00:00+00:00,short,buy,27325.2,,14599.9,-0.05,272.13
2023-04-22 14:00:00+00:00,short,sell - direction_change,27325.2,27241.9,14637.11,0.25,272.38
2023-04-22 14:00:00+00:00,long,buy,27241.9,,14629.79,-0.05,272.33
2023-04-23 05:00:00+00:00,long,sell - direction_change,27241.9,27592.0,14810.49,1.24,273.57
2023-04-23 05:00:00+00:00,short,buy,27592.0,,14803.08,-0.05,273.52
2023-04-23 06:00:00+00:00,short,sell - direction_change,27592.0,27573.7,14805.5,0.02,273.54
2023-04-23 06:00:00+00:00,long,buy,27573.7,,14798.1,-0.05,273.49
2023-04-23 10:00:00+00:00,long,sell - direction_change,27573.7,27618.1,14814.53,0.11,273.6
2023-04-23 10:00:00+00:00,short,buy,27618.1,,14807.12,-0.05,273.55
2023-04-23 11:00:00+00:00,short,sell - direction_change,27618.1,27517.1,14853.87,0.32,273.86
2023-04-23 11:00:00+00:00,long,buy,27517.1,,14846.44,-0.05,273.81
2023-04-23 14:00:00+00:00,long,sell - direction_change,27517.1,27614.6,14891.62,0.3,274.12
2023-04-23 14:00:00+00:00,short,buy,27614.6,,14884.17,-0.05,274.07
2023-04-24 00:00:00+00:00,short,sell - direction_change,27614.6,27575.9,14897.59,0.09,274.16
2023-04-24 00:00:00+00:00,long,buy,27575.9,,14890.14,-0.05,274.11
2023-04-24 06:00:00+00:00,long,sell - direction_change,27575.9,27643.4,14919.15,0.19,274.3
2023-04-24 06:00:00+00:00,short,buy,27643.4,,14911.69,-0.05,274.25
2023-04-24 11:00:00+00:00,short,sell - direction_change,27643.4,27406.8,15031.86,0.81,275.06
2023-04-24 11:00:00+00:00,long,buy,27406.8,,15024.34,-0.05,275.01
2023-04-24 12:00:00+00:00,long,sell - direction_change,27406.8,27539.9,15089.8,0.44,275.44
2023-04-24 12:00:00+00:00,short,buy,27539.9,,15082.25,-0.05,275.39
2023-04-24 13:00:00+00:00,short,sell - direction_change,27539.9,27431.3,15134.18,0.34,275.74
2023-04-24 13:00:00+00:00,long,buy,27431.3,,15126.62,-0.05,275.69
2023-04-24 14:00:00+00:00,long,sell - direction_change,27431.3,27611.9,15218.64,0.61,276.3
2023-04-24 14:00:00+00:00,short,buy,27611.9,,15211.03,-0.05,276.25
2023-04-24 18:00:00+00:00,short,sell - direction_change,27611.9,27365.2,15339.33,0.84,277.09
2023-04-24 18:00:00+00:00,long,buy,27365.2,,15331.66,-0.05,277.04
2023-04-24 21:00:00+00:00,long,sell - direction_change,27365.2,27446.7,15369.66,0.25,277.29
2023-04-24 21:00:00+00:00,short,buy,27446.7,,15361.97,-0.05,277.24
2023-04-24 22:00:00+00:00,short,sell - direction_change,27446.7,27400.0,15380.43,0.12,277.36
2023-04-24 22:00:00+00:00,long,buy,27400.0,,15372.74,-0.05,277.31
2023-04-25 01:00:00+00:00,long,sell - direction_change,27400.0,27447.8,15391.87,0.12,277.43
2023-04-25 01:00:00+00:00,short,buy,27447.8,,15384.18,-0.05,277.38
2023-04-25 02:00:00+00:00,short,sell - direction_change,27447.8,27386.5,15410.84,0.17,277.56
2023-04-25 02:00:00+00:00,long,buy,27386.5,,15403.14,-0.05,277.51
2023-04-25 03:00:00+00:00,long,sell - direction_change,27386.5,27391.6,15398.3,-0.03,277.47
2023-04-25 03:00:00+00:00,short,buy,27391.6,,15390.6,-0.05,277.42
2023-04-25 04:00:00+00:00,short,sell - direction_change,27391.6,27337.6,15413.25,0.15,277.57
2023-04-25 04:00:00+00:00,long,buy,27337.6,,15405.54,-0.05,277.52
2023-04-25 06:00:00+00:00,long,sell - direction_change,27337.6,27400.8,15433.46,0.18,277.7
2023-04-25 06:00:00+00:00,short,buy,27400.8,,15425.74,-0.05,277.65
2023-04-25 12:00:00+00:00,short,sell - direction_change,27400.8,27382.2,15428.5,0.02,277.67
2023-04-25 12:00:00+00:00,long,buy,27382.2,,15420.78,-0.05,277.62
2023-04-25 13:00:00+00:00,long,sell - direction_change,27382.2,27383.5,15413.81,-0.05,277.58
2023-04-25 13:00:00+00:00,short,buy,27383.5,,15406.1,-0.05,277.53
2023-04-25 16:00:00+00:00,short,sell - direction_change,27383.5,27329.5,15428.78,0.15,277.67
2023-04-25 16:00:00+00:00,long,buy,27329.5,,15421.06,-0.05,277.62
2023-04-25 21:02:00+00:00,long,sell - take_profit,27329.5,28149.385000000002,15875.98,2.95,280.57
2023-04-25 22:00:00+00:00,long,buy,28249.4,,15868.04,-0.05,280.52
2023-04-26 10:52:00+00:00,long,sell - take_profit,28249.4,29096.882,16336.15,2.95,283.47
2023-04-26 11:00:00+00:00,long,buy,28982.8,,16327.98,-0.05,283.42
2023-04-26 12:29:00+00:00,long,sell - take_profit,28982.8,29852.284,16809.66,2.95,286.37
2023-04-26 13:00:00+00:00,long,buy,29955.1,,16801.25,-0.05,286.32
2023-04-26 13:40:00+00:00,long,sell - stop_loss,29955.1,29655.549,16624.84,-1.05,285.27
2023-04-26 14:00:00+00:00,long,buy,29837.4,,16616.53,-0.05,285.22
2023-04-26 14:22:00+00:00,long,sell - stop_loss,29837.4,29539.026,16442.06,-1.05,284.17
2023-04-26 15:00:00+00:00,long,buy,29687.9,,16433.83,-0.05,284.12
2023-04-26 19:00:00+00:00,long,sell - direction_change,29687.9,29732.8,16450.47,0.1,284.22
2023-04-26 19:00:00+00:00,short,buy,29732.8,,16442.25,-0.05,284.17
2023-04-26 19:32:00+00:00,short,sell - take_profit,29732.8,28840.816,16927.29,2.95,287.12
2023-04-26 20:00:00+00:00,long,buy,27871.9,,16918.83,-0.05,287.07
2023-04-26 20:00:00+00:00,long,sell - stop_loss,27871.9,27593.181,16741.18,-1.05,286.02
2023-04-26 21:00:00+00:00,long,buy,28405.4,,16732.81,-0.05,285.97
2023-04-26 21:17:00+00:00,long,sell - stop_loss,28405.4,28121.346,16557.12,-1.05,284.92
2023-04-26 22:00:00+00:00,short,buy,28669.9,,16548.84,-0.05,284.87
2023-04-26 23:00:00+00:00,short,sell - direction_change,28669.9,28282.3,16764.29,1.3,286.18
2023-04-26 23:00:00+00:00,long,buy,28282.3,,16755.91,-0.05,286.13
2023-04-27 00:23:00+00:00,long,sell - take_profit,28282.3,29130.769,17250.21,2.95,289.08
2023-04-27 01:00:00+00:00,long,buy,29215.2,,17241.59,-0.05,289.03
2023-04-27 01:22:00+00:00,long,sell - stop_loss,29215.2,28923.048,17060.55,-1.05,287.98
2023-04-27 02:00:00+00:00,long,buy,28730.3,,17052.02,-0.05,287.93
2023-04-27 06:00:00+00:00,long,sell - direction_change,28730.3,29071.9,17246.24,1.14,289.06
2023-04-27 06:00:00+00:00,short,buy,29071.9,,17237.62,-0.05,289.01
2023-04-27 07:00:00+00:00,short,sell - direction_change,29071.9,28778.6,17402.9,0.96,289.97
2023-04-27 07:00:00+00:00,long,buy,28778.6,,17394.2,-0.05,289.92
2023-04-27 11:00:00+00:00,long,sell - direction_change,28778.6,28981.9,17508.38,0.66,290.58
2023-04-27 11:00:00+00:00,short,buy,28981.9,,17499.63,-0.05,290.53
2023-04-27 13:00:00+00:00,short,sell - direction_change,28981.9,28846.6,17572.58,0.42,290.95
2023-04-27 13:00:00+00:00,long,buy,28846.6,,17563.79,-0.05,290.9
2023-04-27 18:26:00+00:00,long,sell - take_profit,28846.6,29711.998,18081.92,2.95,293.85
2023-04-27 19:00:00+00:00,long,buy,29758.8,,18072.88,-0.05,293.8
2023-04-27 19:12:00+00:00,long,sell - stop_loss,29758.8,29461.212,17883.11,-1.05,292.75
2023-04-27 20:00:00+00:00,long,buy,29659.9,,17874.17,-0.05,292.7
2023-04-27 22:53:00+00:00,long,sell - stop_loss,29659.9,29363.301,17686.49,-1.05,291.65
2023-04-27 23:00:00+00:00,long,buy,29375.5,,17677.65,-0.05,291.6
2023-04-28 08:00:00+00:00,long,sell - direction_change,29375.5,29473.8,17727.97,0.28,291.88
2023-04-28 08:00:00+00:00,short,buy,29473.8,,17719.1,-0.05,291.83
2023-04-28 19:00:00+00:00,short,sell - direction_change,29473.8,29226.7,17858.8,0.79,292.62
2023-04-28 19:00:00+00:00,long,buy,29226.7,,17849.87,-0.05,292.57
2023-04-29 00:00:00+00:00,long,sell - direction_change,29226.7,29300.0,17885.71,0.2,292.77
2023-04-29 00:00:00+00:00,short,buy,29300.0,,17876.77,-0.05,292.72
2023-04-29 01:00:00+00:00,short,sell - direction_change,29300.0,29251.9,17897.17,0.11,292.83
2023-04-29 01:00:00+00:00,long,buy,29251.9,,17888.23,-0.05,292.78
2023-04-29 06:00:00+00:00,long,sell - direction_change,29251.9,29345.9,17936.76,0.27,293.06
2023-04-29 06:00:00+00:00,short,buy,29345.9,,17927.8,-0.05,293.01
2023-04-29 07:00:00+00:00,short,sell - direction_change,29345.9,29316.0,17937.1,0.05,293.06
2023-04-29 07:00:00+00:00,long,buy,29316.0,,17928.13,-0.05,293.01
2023-04-29 08:00:00+00:00,long,sell - direction_change,29316.0,29333.8,17930.05,0.01,293.02
2023-04-29 08:00:00+00:00,short,buy,29333.8,,17921.09,-0.05,292.97
2023-04-29 11:00:00+00:00,short,sell - direction_change,29333.8,29257.3,17958.86,0.21,293.18
2023-04-29 11:00:00+00:00,long,buy,29257.3,,17949.88,-0.05,293.13
2023-04-29 12:00:00+00:00,long,sell - direction_change,29257.3,29323.4,17981.46,0.18,293.31
2023-04-29 12:00:00+00:00,short,buy,29323.4,,17972.47,-0.05,293.26
2023-04-29 13:00:00+00:00,short,sell - direction_change,29323.4,29269.1,17996.77,0.14,293.39
2023-04-29 13:00:00+00:00,long,buy,29269.1,,17987.77,-0.05,293.34
2023-04-29 14:00:00+00:00,long,sell - direction_change,29269.1,29371.9,18041.95,0.3,293.64
2023-04-29 14:00:00+00:00,short,buy,29371.9,,18032.93,-0.05,293.59
2023-04-30 03:00:00+00:00,short,sell - direction_change,29371.9,29162.5,18152.47,0.66,294.25
2023-04-30 03:00:00+00:00,long,buy,29162.5,,18143.4,-0.05,294.2
2023-04-30 09:00:00+00:00,long,sell - direction_change,29162.5,29260.7,18195.42,0.29,294.49
2023-04-30 09:00:00+00:00,short,buy,29260.7,,18186.32,-0.05,294.44
2023-04-30 12:00:00+00:00,short,sell - direction_change,29260.7,29184.6,18224.53,0.21,294.65
2023-04-30 12:00:00+00:00,long,buy,29184.6,,18215.42,-0.05,294.6
2023-04-30 23:00:00+00:00,long,sell - direction_change,29184.6,29363.2,18317.78,0.56,295.16
2023-04-30 23:00:00+00:00,short,buy,29363.2,,18308.62,-0.05,295.11
2023-05-01 01:51:00+00:00,short,sell - take_profit,29363.2,28482.304,18848.73,2.95,298.06
2023-05-01 02:00:00+00:00,short,buy,28488.2,,18839.3,-0.05,298.01
2023-05-01 03:00:00+00:00,short,sell - direction_change,28488.2,28535.0,18798.93,-0.21,297.8
2023-05-01 03:00:00+00:00,long,buy,28535.0,,18789.53,-0.05,297.75
2023-05-01 04:00:00+00:00,long,sell - direction_change,28535.0,28545.6,18787.12,-0.01,297.74
2023-05-01 04:00:00+00:00,short,buy,28545.6,,18777.73,-0.05,297.69
2023-05-01 10:00:00+00:00,short,sell - direction_change,28545.6,28511.7,18790.64,0.07,297.76
2023-05-01 10:00:00+00:00,long,buy,28511.7,,18781.24,-0.05,297.71
2023-05-01 11:00:00+00:00,long,sell - direction_change,28511.7,28537.8,18789.04,0.04,297.75
2023-05-01 11:00:00+00:00,short,buy,28537.8,,18779.65,-0.05,297.7
2023-05-01 12:00:00+00:00,short,sell - direction_change,28537.8,28510.6,18788.16,0.05,297.74
2023-05-01 12:00:00+00:00,long,buy,28510.6,,18778.76,-0.05,297.69
2023-05-01 13:00:00+00:00,long,sell - direction_change,28510.6,28581.4,18816.01,0.2,297.89
2023-05-01 13:00:00+00:00,short,buy,28581.4,,18806.6,-0.05,297.84
2023-05-01 20:50:00+00:00,short,sell - take_profit,28581.4,27723.958000000002,19361.4,2.95,300.79
2023-05-01 21:00:00+00:00,short,buy,27663.7,,19351.71,-0.05,300.74
2023-05-01 21:33:00+00:00,short,sell - stop_loss,27663.7,27940.337,19148.52,-1.05,299.69
2023-05-01 22:00:00+00:00,short,buy,27975.2,,19138.95,-0.05,299.64
2023-05-02 05:00:00+00:00,short,sell - direction_change,27975.2,27916.9,19169.26,0.16,299.8
2023-05-02 05:00:00+00:00,long,buy,27916.9,,19159.68,-0.05,299.75
2023-05-02 08:00:00+00:00,long,sell - direction_change,27916.9,28045.1,19238.08,0.41,300.16
2023-05-02 08:00:00+00:00,short,buy,28045.1,,19228.46,-0.05,300.11
2023-05-02 11:00:00+00:00,short,sell - direction_change,28045.1,28001.1,19249.02,0.11,300.22
2023-05-02 11:00:00+00:00,long,buy,28001.1,,19239.39,-0.05,300.17
2023-05-02 13:00:00+00:00,long,sell - direction_change,28001.1,28095.7,19294.77,0.29,300.45
2023-05-02 13:00:00+00:00,short,buy,28095.7,,19285.13,-0.05,300.4
2023-05-02 14:00:00+00:00,short,sell - direction_change,28095.7,27994.9,19344.67,0.31,300.71
2023-05-02 14:00:00+00:00,long,buy,27994.9,,19335.0,-0.05,300.66
2023-05-02 19:09:00+00:00,long,sell - take_profit,27994.9,28834.747000000003,19905.38,2.95,303.61
2023-05-02 20:00:00+00:00,long,buy,28676.5,,19895.43,-0.05,303.56
2023-05-03 02:05:00+00:00,long,sell - stop_loss,28676.5,28389.735,19686.53,-1.05,302.51
2023-05-03 03:00:00+00:00,long,buy,28497.8,,19676.69,-0.05,302.46
2023-05-03 04:00:00+00:00,long,sell - direction_change,28497.8,28505.5,19672.16,-0.02,302.44
2023-05-03 04:00:00+00:00,short,buy,28505.5,,19662.33,-0.05,302.39
2023-05-03 06:00:00+00:00,short,sell - direction_change,28505.5,28467.9,19678.43,0.08,302.47
2023-05-03 06:00:00+00:00,long,buy,28467.9,,19668.59,-0.05,302.42
2023-05-03 12:00:00+00:00,long,sell - direction_change,28467.9,28535.0,19705.12,0.19,302.61
2023-05-03 12:00:00+00:00,short,buy,28535.0,,19695.27,-0.05,302.56
2023-05-03 17:00:00+00:00,short,sell - direction_change,28535.0,28464.8,19733.87,0.2,302.75
2023-05-03 17:00:00+00:00,long,buy,28464.8,,19724.0,-0.05,302.7
2023-05-03 18:00:00+00:00,long,sell - direction_change,28464.8,28559.2,19779.55,0.28,302.98
2023-05-03 18:00:00+00:00,short,buy,28559.2,,19769.66,-0.05,302.93
2023-05-03 21:00:00+00:00,short,sell - direction_change,28559.2,28503.5,19798.34,0.15,303.08
2023-05-03 21:00:00+00:00,long,buy,28503.5,,19788.44,-0.05,303.03
2023-05-04 10:35:00+00:00,long,sell - take_profit,28503.5,29358.605,20372.2,2.95,305.98
2023-05-04 11:00:00+00:00,long,buy,29234.6,,20362.01,-0.05,305.93
2023-05-04 13:00:00+00:00,long,sell - direction_change,29234.6,29045.0,20219.77,-0.7,305.23
2023-05-04 13:00:00+00:00,short,buy,29045.0,,20209.66,-0.05,305.18
2023-05-04 14:00:00+00:00,short,sell - direction_change,29045.0,28745.6,20407.88,0.98,306.16
2023-05-04 14:00:00+00:00,long,buy,28745.6,,20397.68,-0.05,306.11
2023-05-04 18:00:00+00:00,long,sell - direction_change,28745.6,28830.9,20448.01,0.25,306.36
2023-05-04 18:00:00+00:00,short,buy,28830.9,,20437.78,-0.05,306.31
2023-05-04 19:00:00+00:00,short,sell - direction_change,28830.9,28786.1,20459.32,0.11,306.41
2023-05-04 19:00:00+00:00,long,buy,28786.1,,20449.09,-0.05,306.36
2023-05-04 20:00:00+00:00,long,sell - direction_change,28786.1,28883.2,20507.85,0.29,306.65
2023-05-04 20:00:00+00:00,short,buy,28883.2,,20497.59,-0.05,306.6
2023-05-05 00:00:00+00:00,short,sell - direction_change,28883.2,28826.0,20527.94,0.15,306.75
2023-05-05 00:00:00+00:00,long,buy,28826.0,,20517.67,-0.05,306.7
2023-05-05 12:00:00+00:00,long,sell - direction_change,28826.0,29137.6,20729.2,1.03,307.73
2023-05-05 12:00:00+00:00,short,buy,29137.6,,20718.84,-0.05,307.68
2023-05-05 13:00:00+00:00,short,sell - direction_change,29137.6,28939.2,20849.56,0.63,308.31
2023-05-05 13:00:00+00:00,long,buy,28939.2,,20839.13,-0.05,308.26
2023-05-06 00:36:00+00:00,long,sell - take_profit,28939.2,29807.376,21453.88,2.95,311.21
2023-05-06 01:00:00+00:00,long,buy,29657.3,,21443.16,-0.05,311.16
2023-05-06 03:00:00+00:00,long,sell - direction_change,29657.3,29457.7,21288.12,-0.72,310.44
2023-05-06 03:00:00+00:00,short,buy,29457.7,,21277.48,-0.05,310.39
2023-05-06 05:00:00+00:00,short,sell - direction_change,29457.7,29342.6,21349.97,0.34,310.73
2023-05-06 05:00:00+00:00,long,buy,29342.6,,21339.3,-0.05,310.68
2023-05-06 07:00:00+00:00,long,sell - direction_change,29342.6,29376.1,21352.99,0.06,310.74
2023-05-06 07:00:00+00:00,short,buy,29376.1,,21342.32,-0.05,310.69
2023-05-06 15:01:00+00:00,short,sell - take_profit,29376.1,28494.817,21971.91,2.95,313.64
2023-05-06 16:00:00+00:00,short,buy,28557.9,,21960.93,-0.05,313.59
2023-05-06 18:13:00+00:00,short,sell - stop_loss,28557.9,28843.479000000003,21730.34,-1.05,312.54
2023-05-06 19:00:00+00:00,short,buy,28901.3,,21719.47,-0.05,312.49
2023-05-07 00:00:00+00:00,short,sell - direction_change,28901.3,28837.9,21756.26,0.17,312.66
2023-05-07 00:00:00+00:00,long,buy,28837.9,,21745.38,-0.05,312.61
2023-05-07 01:00:00+00:00,long,sell - direction_change,28837.9,28929.5,21803.58,0.27,312.88
2023-05-07 01:00:00+00:00,short,buy,28929.5,,21792.68,-0.05,312.83
2023-05-07 05:00:00+00:00,short,sell - direction_change,28929.5,28828.9,21857.56,0.3,313.13
2023-05-07 05:00:00+00:00,long,buy,28828.9,,21846.63,-0.05,313.08
2023-05-07 07:00:00+00:00,long,sell - direction_change,28828.9,28899.4,21889.14,0.19,313.27
2023-05-07 07:00:00+00:00,short,buy,28899.4,,21878.19,-0.05,313.22
2023-05-07 12:00:00+00:00,short,sell - direction_change,28899.4,28826.5,21922.44,0.2,313.42
2023-05-07 12:00:00+00:00,long,buy,28826.5,,21911.48,-0.05,313.37
2023-05-07 17:00:00+00:00,long,sell - direction_change,28826.5,28940.9,21987.48,0.35,313.72
2023-05-07 17:00:00+00:00,short,buy,28940.9,,21976.49,-0.05,313.67
2023-05-07 19:00:00+00:00,short,sell - direction_change,28940.9,28843.5,22039.46,0.29,313.96
2023-05-07 19:00:00+00:00,long,buy,28843.5,,22028.44,-0.05,313.91
2023-05-07 21:00:00+00:00,long,sell - direction_change,28843.5,28901.6,22061.8,0.15,314.06
2023-05-07 21:00:00+00:00,short,buy,28901.6,,22050.77,-0.05,314.01
2023-05-08 03:45:00+00:00,short,sell - take_profit,28901.6,28034.551999999996,22701.27,2.95,316.96
2023-05-08 04:00:00+00:00,short,buy,28188.1,,22689.92,-0.05,316.91
2023-05-08 05:00:00+00:00,short,sell - direction_change,28188.1,28110.2,22741.28,0.23,317.14
2023-05-08 05:00:00+00:00,long,buy,28110.2,,22729.91,-0.05,317.09
2023-05-08 06:00:00+00:00,long,sell - direction_change,28110.2,28243.8,22826.57,0.43,317.51
2023-05-08 06:00:00+00:00,short,buy,28243.8,,22815.16,-0.05,317.46
2023-05-08 09:00:00+00:00,short,sell - direction_change,28243.8,27691.0,23250.3,1.91,319.37
2023-05-08 09:00:00+00:00,long,buy,27691.0,,23238.67,-0.05,319.32
2023-05-08 11:00:00+00:00,long,sell - direction_change,27691.0,27923.4,23422.09,0.79,320.11
2023-05-08 11:00:00+00:00,short,buy,27923.4,,23410.37,-0.05,320.06
2023-05-09 07:00:00+00:00,short,sell - direction_change,27923.4,27535.1,23724.21,1.34,321.4
2023-05-09 07:00:00+00:00,long,buy,27535.1,,23712.35,-0.05,321.35
2023-05-09 08:00:00+00:00,long,sell - direction_change,27535.1,27649.3,23798.84,0.36,321.71
2023-05-09 08:00:00+00:00,short,buy,27649.3,,23786.94,-0.05,321.66
2023-05-09 10:00:00+00:00,short,sell - direction_change,27649.3,27569.4,23843.78,0.24,321.9
2023-05-09 10:00:00+00:00,long,buy,27569.4,,23831.86,-0.05,321.85
2023-05-09 11:00:00+00:00,long,sell - direction_change,27569.4,27573.7,23823.66,-0.03,321.82
2023-05-09 11:00:00+00:00,short,buy,27573.7,,23811.75,-0.05,321.77
2023-05-09 12:00:00+00:00,short,sell - direction_change,27573.7,27663.9,23721.95,-0.38,321.39
2023-05-09 12:00:00+00:00,long,buy,27663.9,,23710.09,-0.05,321.34
2023-05-09 13:00:00+00:00,long,sell - direction_change,27663.9,27744.9,23767.66,0.24,321.58
2023-05-09 13:00:00+00:00,short,buy,27744.9,,23755.78,-0.05,321.53
2023-05-09 16:00:00+00:00,short,sell - direction_change,27744.9,27385.8,24051.37,1.24,322.78
2023-05-09 16:00:00+00:00,long,buy,27385.8,,24039.34,-0.05,322.73
2023-05-09 18:00:00+00:00,long,sell - direction_change,27385.8,27605.4,24220.09,0.75,323.48
2023-05-09 18:00:00+00:00,short,buy,27605.4,,24207.98,-0.05,323.43
2023-05-09 19:00:00+00:00,short,sell - direction_change,27605.4,27545.9,24248.05,0.17,323.59
2023-05-09 19:00:00+00:00,long,buy,27545.9,,24235.93,-0.05,323.54
2023-05-09 21:00:00+00:00,long,sell - direction_change,27545.9,27636.0,24303.08,0.28,323.82
2023-05-09 21:00:00+00:00,short,buy,27636.0,,24290.93,-0.05,323.77
2023-05-09 23:00:00+00:00,short,sell - direction_change,27636.0,27564.0,24342.07,0.21,323.98
2023-05-09 23:00:00+00:00,long,buy,27564.0,,24329.9,-0.05,323.93
2023-05-10 02:00:00+00:00,long,sell - direction_change,27564.0,27685.1,24424.63,0.39,324.32
2023-05-10 02:00:00+00:00,short,buy,27685.1,,24412.41,-0.05,324.27
2023-05-10 03:00:00+00:00,short,sell - direction_change,27685.1,27662.6,24420.05,0.03,324.3
2023-05-10 03:00:00+00:00,long,buy,27662.6,,24407.84,-0.05,324.25
2023-05-10 05:00:00+00:00,long,sell - direction_change,27662.6,27673.6,24405.34,-0.01,324.24
2023-05-10 05:00:00+00:00,short,buy,27673.6,,24393.14,-0.05,324.19
2023-05-10 11:00:00+00:00,short,sell - direction_change,27673.6,27579.2,24464.15,0.29,324.48
2023-05-10 11:00:00+00:00,long,buy,27579.2,,24451.92,-0.05,324.43
2023-05-10 17:00:00+00:00,long,sell - direction_change,27579.2,28166.6,24960.48,2.08,326.51
2023-05-10 17:00:00+00:00,short,buy,28166.6,,24948.0,-0.05,326.46
2023-05-10 17:15:00+00:00,short,sell - take_profit,28166.6,27321.602,25683.97,2.95,329.41
2023-05-10 18:00:00+00:00,short,buy,27481.1,,25671.13,-0.05,329.36
2023-05-10 19:00:00+00:00,short,sell - direction_change,27481.1,27417.0,25718.17,0.18,329.55
2023-05-10 19:00:00+00:00,long,buy,27417.0,,25705.31,-0.05,329.5
2023-05-10 21:00:00+00:00,long,sell - direction_change,27417.0,27848.4,26096.93,1.52,331.02
2023-05-10 21:00:00+00:00,short,buy,27848.4,,26083.88,-0.05,330.97
2023-05-11 01:00:00+00:00,short,sell - direction_change,27848.4,27500.0,26397.16,1.2,332.17
2023-05-11 01:00:00+00:00,long,buy,27500.0,,26383.96,-0.05,332.12
2023-05-11 02:00:00+00:00,long,sell - direction_change,27500.0,27543.5,26412.5,0.11,332.23
2023-05-11 02:00:00+00:00,short,buy,27543.5,,26399.3,-0.05,332.18
2023-05-11 04:00:00+00:00,short,sell - direction_change,27543.5,27435.1,26490.0,0.34,332.52
2023-05-11 04:00:00+00:00,long,buy,27435.1,,26476.75,-0.05,332.47
2023-05-11 05:00:00+00:00,long,sell - direction_change,27435.1,27484.0,26510.7,0.13,332.6
2023-05-11 05:00:00+00:00,short,buy,27484.0,,26497.45,-0.05,332.55
2023-05-12 02:55:00+00:00,short,sell - take_profit,27484.0,26659.48,27279.12,2.95,335.5
2023-05-12 03:00:00+00:00,short,buy,26632.0,,27265.48,-0.05,335.45
2023-05-12 15:00:00+00:00,short,sell - direction_change,26632.0,26302.1,27589.6,1.19,336.64
2023-05-12 15:00:00+00:00,long,buy,26302.1,,27575.8,-0.05,336.59
2023-05-12 16:00:00+00:00,long,sell - direction_change,26302.1,26307.6,27567.78,-0.03,336.56
2023-05-12 16:00:00+00:00,short,buy,26307.6,,27554.0,-0.05,336.51
2023-05-12 17:00:00+00:00,short,sell - direction_change,26307.6,26281.5,27567.56,0.05,336.56
2023-05-12 17:00:00+00:00,long,buy,26281.5,,27553.77,-0.05,336.51
2023-05-12 19:25:00+00:00,long,sell - stop_loss,26281.5,26018.685,27264.46,-1.05,335.46
2023-05-12 20:00:00+00:00,long,buy,26445.1,,27250.83,-0.05,335.41
2023-05-13 14:00:00+00:00,long,sell - direction_change,26445.1,26810.7,27613.94,1.33,336.74
2023-05-13 14:00:00+00:00,short,buy,26810.7,,27600.13,-0.05,336.69
2023-05-13 15:00:00+00:00,short,sell - direction_change,26810.7,26780.8,27617.11,0.06,336.75
2023-05-13 15:00:00+00:00,long,buy,26780.8,,27603.31,-0.05,336.7
2023-05-13 18:00:00+00:00,long,sell - direction_change,26780.8,26801.3,27610.63,0.03,336.73
2023-05-13 18:00:00+00:00,short,buy,26801.3,,27596.83,-0.05,336.68
2023-05-13 19:00:00+00:00,short,sell - direction_change,26801.3,26772.9,27612.27,0.06,336.74
2023-05-13 19:00:00+00:00,long,buy,26772.9,,27598.47,-0.05,336.69
2023-05-13 23:00:00+00:00,long,sell - direction_change,26772.9,26879.2,27694.25,0.35,337.03
2023-05-13 23:00:00+00:00,short,buy,26879.2,,27680.4,-0.05,336.98
2023-05-14 02:00:00+00:00,short,sell - direction_change,26879.2,26720.9,27829.58,0.54,337.52
2023-05-14 02:00:00+00:00,long,buy,26720.9,,27815.66,-0.05,337.47
2023-05-14 11:00:00+00:00,long,sell - direction_change,26720.9,26817.6,27902.42,0.31,337.78
2023-05-14 11:00:00+00:00,short,buy,26817.6,,27888.46,-0.05,337.73
2023-05-14 12:00:00+00:00,short,sell - direction_change,26817.6,26794.8,27898.23,0.04,337.77
2023-05-14 12:00:00+00:00,long,buy,26794.8,,27884.28,-0.05,337.72
2023-05-14 17:00:00+00:00,long,sell - direction_change,26794.8,26942.0,28023.52,0.5,338.22
2023-05-14 17:00:00+00:00,short,buy,26942.0,,28009.51,-0.05,338.17
2023-05-14 18:00:00+00:00,short,sell - direction_change,26942.0,26929.1,28008.92,-0.0,338.17
2023-05-14 18:00:00+00:00,long,buy,26929.1,,27994.91,-0.05,338.12
2023-05-15 00:00:00+00:00,long,sell - direction_change,26929.1,26901.9,27952.64,-0.15,337.97
2023-05-15 00:00:00+00:00,short,buy,26901.9,,27938.66,-0.05,337.92
2023-05-15 01:00:00+00:00,short,sell - direction_change,26901.9,26787.7,28043.3,0.37,338.29
2023-05-15 01:00:00+00:00,long,buy,26787.7,,28029.27,-0.05,338.24
2023-05-15 16:39:00+00:00,long,sell - take_profit,26787.7,27591.331000000002,28856.14,2.95,341.19
2023-05-15 17:00:00+00:00,long,buy,27467.6,,28841.71,-0.05,341.14
2023-05-15 22:00:00+00:00,long,sell - direction_change,27467.6,27352.4,28706.33,-0.47,340.67
2023-05-15 22:00:00+00:00,short,buy,27352.4,,28691.97,-0.05,340.62
2023-05-16 11:00:00+00:00,short,sell - direction_change,27352.4,27001.1,29046.13,1.23,341.85
2023-05-16 11:00:00+00:00,long,buy,27001.1,,29031.61,-0.05,341.8
2023-05-16 12:00:00+00:00,long,sell - direction_change,27001.1,27049.3,29068.92,0.13,341.93
2023-05-16 12:00:00+00:00,short,buy,27049.3,,29054.38,-0.05,341.88
2023-05-17 00:00:00+00:00,short,sell - direction_change,27049.3,27024.7,29066.28,0.04,341.92
2023-05-17 00:00:00+00:00,long,buy,27024.7,,29051.75,-0.05,341.87
2023-05-17 02:00:00+00:00,long,sell - direction_change,27024.7,27160.1,29182.78,0.45,342.33
2023-05-17 02:00:00+00:00,short,buy,27160.1,,29168.18,-0.05,342.28
2023-05-17 04:00:00+00:00,short,sell - direction_change,27160.1,27052.1,29269.59,0.35,342.62
2023-05-17 04:00:00+00:00,long,buy,27052.1,,29254.95,-0.05,342.57
2023-05-17 05:00:00+00:00,long,sell - direction_change,27052.1,27059.1,29247.89,-0.02,342.55
2023-05-17 05:00:00+00:00,short,buy,27059.1,,29233.27,-0.05,342.5
2023-05-17 17:00:00+00:00,short,sell - direction_change,27059.1,26891.7,29399.5,0.57,343.07
2023-05-17 17:00:00+00:00,long,buy,26891.7,,29384.8,-0.05,343.02
2023-05-18 12:00:00+00:00,long,sell - direction_change,26891.7,27391.8,29916.58,1.81,344.83
2023-05-18 12:00:00+00:00,short,buy,27391.8,,29901.62,-0.05,344.78
2023-05-18 17:55:00+00:00,short,sell - take_profit,27391.8,26570.046,30783.71,2.95,347.73
2023-05-18 18:00:00+00:00,short,buy,26475.1,,30768.32,-0.05,347.68
2023-05-18 19:34:00+00:00,short,sell - stop_loss,26475.1,26739.851,30445.26,-1.05,346.63
2023-05-18 20:00:00+00:00,short,buy,26719.3,,30430.03,-0.05,346.58
2023-05-18 21:38:00+00:00,short,sell - stop_loss,26719.3,26986.493,30110.52,-1.05,345.53
2023-05-18 22:00:00+00:00,short,buy,26901.5,,30095.46,-0.05,345.48
2023-05-19 03:00:00+00:00,short,sell - direction_change,26901.5,26792.5,30202.36,0.36,345.83
2023-05-19 03:00:00+00:00,long,buy,26792.5,,30187.25,-0.05,345.78
2023-05-19 06:00:00+00:00,long,sell - direction_change,26792.5,26864.1,30252.83,0.22,346.0
2023-05-19 06:00:00+00:00,short,buy,26864.1,,30237.71,-0.05,345.95
2023-05-19 12:00:00+00:00,short,sell - direction_change,26864.1,26843.8,30245.44,0.03,345.98
2023-05-19 12:00:00+00:00,long,buy,26843.8,,30230.31,-0.05,345.93
2023-05-19 13:00:00+00:00,long,sell - direction_change,26843.8,26897.2,30275.34,0.15,346.07
2023-05-19 13:00:00+00:00,short,buy,26897.2,,30260.2,-0.05,346.02
2023-05-19 15:00:00+00:00,short,sell - direction_change,26897.2,26826.0,30325.17,0.21,346.24
2023-05-19 15:00:00+00:00,long,buy,26826.0,,30310.01,-0.05,346.19
2023-05-19 16:00:00+00:00,long,sell - direction_change,26826.0,26870.0,30344.57,0.11,346.3
2023-05-19 16:00:00+00:00,short,buy,26870.0,,30329.39,-0.05,346.25
2023-05-19 17:00:00+00:00,short,sell - direction_change,26870.0,26822.5,30367.85,0.13,346.38
2023-05-19 17:00:00+00:00,long,buy,26822.5,,30352.66,-0.05,346.33
2023-05-19 19:00:00+00:00,long,sell - direction_change,26822.5,26876.7,30398.82,0.15,346.48
2023-05-19 19:00:00+00:00,short,buy,26876.7,,30383.62,-0.05,346.43
2023-05-19 21:00:00+00:00,short,sell - direction_change,26876.7,26819.8,30432.75,0.16,346.59
2023-05-19 21:00:00+00:00,long,buy,26819.8,,30417.54,-0.05,346.54
2023-05-19 22:00:00+00:00,long,sell - direction_change,26819.8,26897.1,30490.0,0.24,346.78
2023-05-19 22:00:00+00:00,short,buy,26897.1,,30474.75,-0.05,346.73
2023-05-19 23:00:00+00:00,short,sell - direction_change,26897.1,26861.6,30499.74,0.08,346.81
2023-05-19 23:00:00+00:00,long,buy,26861.6,,30484.49,-0.05,346.76
2023-05-20 00:00:00+00:00,long,sell - direction_change,26861.6,26870.1,30478.89,-0.02,346.75
2023-05-20 00:00:00+00:00,short,buy,26870.1,,30463.65,-0.05,346.7
2023-05-20 04:00:00+00:00,short,sell - direction_change,26870.1,26849.2,30472.11,0.03,346.72
2023-05-20 04:00:00+00:00,long,buy,26849.2,,30456.88,-0.05,346.67
2023-05-20 05:00:00+00:00,long,sell - direction_change,26849.2,26862.1,30456.28,-0.0,346.67
2023-05-20 05:00:00+00:00,short,buy,26862.1,,30441.05,-0.05,346.62
2023-05-20 08:00:00+00:00,short,sell - direction_change,26862.1,26841.9,30448.73,0.03,346.65
2023-05-20 08:00:00+00:00,long,buy,26841.9,,30433.5,-0.05,346.6
2023-05-21 08:00:00+00:00,long,sell - direction_change,26841.9,27044.6,30648.11,0.71,347.3
2023-05-21 08:00:00+00:00,short,buy,27044.6,,30632.78,-0.05,347.25
2023-05-21 09:00:00+00:00,short,sell - direction_change,27044.6,27035.9,30627.32,-0.02,347.23
2023-05-21 09:00:00+00:00,long,buy,27035.9,,30612.01,-0.05,347.18
2023-05-21 10:00:00+00:00,long,sell - direction_change,27035.9,27068.1,30633.16,0.07,347.25
2023-05-21 10:00:00+00:00,short,buy,27068.1,,30617.84,-0.05,347.2
2023-05-22 06:00:00+00:00,short,sell - direction_change,27068.1,26743.1,30970.16,1.15,348.35
2023-05-22 06:00:00+00:00,long,buy,26743.1,,30954.67,-0.05,348.3
2023-05-22 12:00:00+00:00,long,sell - direction_change,26743.1,26819.9,31028.09,0.24,348.54
2023-05-22 12:00:00+00:00,short,buy,26819.9,,31012.57,-0.05,348.49
2023-05-22 13:00:00+00:00,short,sell - direction_change,26819.9,26718.0,31114.9,0.33,348.82
2023-05-22 13:00:00+00:00,long,buy,26718.0,,31099.34,-0.05,348.77
2023-05-22 23:00:00+00:00,long,sell - direction_change,26718.0,26857.4,31246.05,0.47,349.24
2023-05-22 23:00:00+00:00,short,buy,26857.4,,31230.43,-0.05,349.19
2023-05-23 01:00:00+00:00,short,sell - direction_change,26857.4,26815.4,31263.65,0.11,349.3
2023-05-23 01:00:00+00:00,long,buy,26815.4,,31248.02,-0.05,349.25
2023-05-23 13:00:00+00:00,long,sell - direction_change,26815.4,27271.8,31764.24,1.65,350.9
2023-05-23 13:00:00+00:00,short,buy,27271.8,,31748.36,-0.05,350.85
2023-05-23 14:00:00+00:00,short,sell - direction_change,27271.8,27229.7,31781.49,0.1,350.96
2023-05-23 14:00:00+00:00,long,buy,27229.7,,31765.6,-0.05,350.91
2023-05-23 18:00:00+00:00,long,sell - direction_change,27229.7,27193.1,31707.02,-0.18,350.72
2023-05-23 18:00:00+00:00,short,buy,27193.1,,31691.17,-0.05,350.67
2023-05-23 20:00:00+00:00,short,sell - direction_change,27193.1,27171.7,31700.26,0.03,350.7
2023-05-23 20:00:00+00:00,long,buy,27171.7,,31684.41,-0.05,350.65
2023-05-23 21:00:00+00:00,long,sell - direction_change,27171.7,27206.0,31708.57,0.08,350.73
2023-05-23 21:00:00+00:00,short,buy,27206.0,,31692.71,-0.05,350.68
2023-05-23 22:00:00+00:00,short,sell - direction_change,27206.0,27187.2,31698.77,0.02,350.69
2023-05-23 22:00:00+00:00,long,buy,27187.2,,31682.92,-0.05,350.64
2023-05-24 00:00:00+00:00,long,sell - direction_change,27187.2,27209.9,31693.53,0.03,350.68
2023-05-24 00:00:00+00:00,short,buy,27209.9,,31677.68,-0.05,350.63
2023-05-24 13:50:00+00:00,short,sell - take_profit,27209.9,26393.603,32612.17,2.95,353.58
2023-05-24 14:00:00+00:00,short,buy,26432.0,,32595.87,-0.05,353.53
2023-05-25 04:00:00+00:00,short,sell - direction_change,26432.0,26171.1,32901.31,0.94,354.47
2023-05-25 04:00:00+00:00,long,buy,26171.1,,32884.86,-0.05,354.42
2023-05-25 06:00:00+00:00,long,sell - direction_change,26171.1,26251.2,32969.07,0.26,354.67
2023-05-25 06:00:00+00:00,short,buy,26251.2,,32952.58,-0.05,354.62
2023-05-25 11:00:00+00:00,short,sell - direction_change,26251.2,26238.1,32952.55,-0.0,354.62
2023-05-25 11:00:00+00:00,long,buy,26238.1,,32936.07,-0.05,354.57
2023-05-25 13:00:00+00:00,long,sell - direction_change,26238.1,26392.0,33112.79,0.54,355.11
2023-05-25 13:00:00+00:00,short,buy,26392.0,,33096.24,-0.05,355.06
2023-05-25 14:00:00+00:00,short,sell - direction_change,26392.0,26327.0,33161.2,0.2,355.25
2023-05-25 14:00:00+00:00,long,buy,26327.0,,33144.62,-0.05,355.2
2023-05-25 15:00:00+00:00,long,sell - direction_change,26327.0,26357.8,33166.82,0.07,355.27
2023-05-25 15:00:00+00:00,short,buy,26357.8,,33150.24,-0.05,355.22
2023-05-25 16:00:00+00:00,short,sell - direction_change,26357.8,26216.9,33310.87,0.48,355.71
2023-05-25 16:00:00+00:00,long,buy,26216.9,,33294.22,-0.05,355.66
2023-05-26 05:00:00+00:00,long,sell - direction_change,26216.9,26420.1,33535.63,0.73,356.38
2023-05-26 05:00:00+00:00,short,buy,26420.1,,33518.86,-0.05,356.33
2023-05-26 06:00:00+00:00,short,sell - direction_change,26420.1,26340.0,33603.72,0.25,356.58
2023-05-26 06:00:00+00:00,long,buy,26340.0,,33586.92,-0.05,356.53
2023-05-27 00:00:00+00:00,long,sell - direction_change,26340.0,26689.8,34016.17,1.28,357.81
2023-05-27 00:00:00+00:00,short,buy,26689.8,,33999.16,-0.05,357.76
2023-05-27 01:00:00+00:00,short,sell - direction_change,26689.8,26644.1,34040.37,0.12,357.88
2023-05-27 01:00:00+00:00,long,buy,26644.1,,34023.35,-0.05,357.83
2023-05-27 05:00:00+00:00,long,sell - direction_change,26644.1,26746.7,34137.36,0.34,358.17
2023-05-27 05:00:00+00:00,short,buy,26746.7,,34120.29,-0.05,358.12
2023-05-27 06:00:00+00:00,short,sell - direction_change,26746.7,26714.9,34143.8,0.07,358.19
2023-05-27 06:00:00+00:00,long,buy,26714.9,,34126.72,-0.05,358.14
2023-05-27 10:00:00+00:00,long,sell - direction_change,26714.9,26686.6,34073.51,-0.16,357.98
2023-05-27 10:00:00+00:00,short,buy,26686.6,,34056.47,-0.05,357.93
2023-05-27 12:00:00+00:00,short,sell - direction_change,26686.6,26687.6,34038.17,-0.05,357.88
2023-05-27 12:00:00+00:00,long,buy,26687.6,,34021.15,-0.05,357.83
2023-05-27 13:00:00+00:00,long,sell - direction_change,26687.6,26699.9,34019.82,-0.0,357.82
2023-05-27 13:00:00+00:00,short,buy,26699.9,,34002.81,-0.05,357.77
2023-05-27 17:00:00+00:00,short,sell - direction_change,26699.9,26654.1,34044.13,0.12,357.9
2023-05-27 17:00:00+00:00,long,buy,26654.1,,34027.11,-0.05,357.85
2023-05-27 18:00:00+00:00,long,sell - direction_change,26654.1,26750.1,34132.65,0.31,358.16
2023-05-27 18:00:00+00:00,short,buy,26750.1,,34115.59,-0.05,358.11
2023-05-27 19:00:00+00:00,short,sell - direction_change,26750.1,26689.5,34175.81,0.18,358.28
2023-05-27 19:00:00+00:00,long,buy,26689.5,,34158.73,-0.05,358.23
2023-05-28 18:22:00+00:00,long,sell - take_profit,26689.5,27490.185,35166.41,2.95,361.18
2023-05-28 19:00:00+00:00,long,buy,27577.3,,35148.83,-0.05,361.13
2023-05-29 00:20:00+00:00,long,sell - take_profit,27577.3,28404.619,36185.72,2.95,364.08
2023-05-29 01:00:00+00:00,long,buy,28188.6,,36167.62,-0.05,364.03
2023-05-29 03:54:00+00:00,long,sell - stop_loss,28188.6,27906.714,35787.86,-1.05,362.98
2023-05-29 04:00:00+00:00,long,buy,27948.0,,35769.97,-0.05,362.93
2023-05-29 10:00:00+00:00,long,sell - direction_change,27948.0,27932.6,35732.37,-0.11,362.83
2023-05-29 10:00:00+00:00,short,buy,27932.6,,35714.51,-0.05,362.78
2023-05-29 11:00:00+00:00,short,sell - direction_change,27932.6,27852.9,35798.56,0.24,363.01
2023-05-29 11:00:00+00:00,long,buy,27852.9,,35780.66,-0.05,362.96
2023-05-29 14:00:00+00:00,long,sell - direction_change,27852.9,27892.8,35814.02,0.09,363.06
2023-05-29 14:00:00+00:00,short,buy,27892.8,,35796.12,-0.05,363.01
2023-05-30 01:00:00+00:00,short,sell - direction_change,27892.8,27701.3,36023.98,0.64,363.64
2023-05-30 01:00:00+00:00,long,buy,27701.3,,36005.97,-0.05,363.59
2023-05-30 04:00:00+00:00,long,sell - direction_change,27701.3,27815.0,36135.75,0.36,363.95
2023-05-30 04:00:00+00:00,short,buy,27815.0,,36117.68,-0.05,363.9
2023-05-30 06:00:00+00:00,short,sell - direction_change,27815.0,27741.8,36194.67,0.21,364.12
2023-05-30 06:00:00+00:00,long,buy,27741.8,,36176.58,-0.05,364.07
2023-05-30 07:00:00+00:00,long,sell - direction_change,27741.8,27785.0,36214.82,0.11,364.17
2023-05-30 07:00:00+00:00,short,buy,27785.0,,36196.71,-0.05,364.12
2023-05-30 08:00:00+00:00,short,sell - direction_change,27785.0,27721.1,36261.86,0.18,364.3
2023-05-30 08:00:00+00:00,long,buy,27721.1,,36243.73,-0.05,364.25
2023-05-30 14:00:00+00:00,long,sell - direction_change,27721.1,27787.9,36312.95,0.19,364.44
2023-05-30 14:00:00+00:00,short,buy,27787.9,,36294.79,-0.05,364.39
2023-05-30 18:00:00+00:00,short,sell - direction_change,27787.9,27684.4,36411.83,0.32,364.71
2023-05-30 18:00:00+00:00,long,buy,27684.4,,36393.62,-0.05,364.66
2023-05-30 20:00:00+00:00,long,sell - direction_change,27684.4,27836.4,36575.24,0.5,365.16
2023-05-30 20:00:00+00:00,short,buy,27836.4,,36556.95,-0.05,365.11
2023-05-31 00:00:00+00:00,short,sell - direction_change,27836.4,27680.0,36744.07,0.51,365.63
2023-05-31 00:00:00+00:00,long,buy,27680.0,,36725.7,-0.05,365.58
2023-05-31 01:00:00+00:00,long,sell - direction_change,27680.0,27745.0,36793.58,0.18,365.76
2023-05-31 01:00:00+00:00,short,buy,27745.0,,36775.18,-0.05,365.71
2023-05-31 14:19:00+00:00,short,sell - take_profit,27745.0,26912.649999999998,37860.05,2.95,368.66
2023-05-31 15:00:00+00:00,short,buy,27022.9,,37841.12,-0.05,368.61
2023-05-31 20:00:00+00:00,short,sell - direction_change,27022.9,26999.5,37854.97,0.04,368.65
2023-05-31 20:00:00+00:00,long,buy,26999.5,,37836.04,-0.05,368.6
2023-05-31 21:00:00+00:00,long,sell - direction_change,26999.5,27096.9,37953.61,0.31,368.91
2023-05-31 21:00:00+00:00,short,buy,27096.9,,37934.64,-0.05,368.86
2023-05-31 22:00:00+00:00,short,sell - direction_change,27096.9,27081.9,37936.67,0.01,368.86
2023-05-31 22:00:00+00:00,long,buy,27081.9,,37917.7,-0.05,368.81
2023-06-01 00:00:00+00:00,long,sell - direction_change,27081.9,27201.1,38065.64,0.39,369.2
2023-06-01 00:00:00+00:00,short,buy,27201.1,,38046.6,-0.05,369.15
2023-06-01 01:00:00+00:00,short,sell - direction_change,27201.1,27059.8,38225.22,0.47,369.62
2023-06-01 01:00:00+00:00,long,buy,27059.8,,38206.11,-0.05,369.57
2023-06-01 02:00:00+00:00,long,sell - direction_change,27059.8,27065.5,38195.05,-0.03,369.54
2023-06-01 02:00:00+00:00,short,buy,27065.5,,38175.95,-0.05,369.49
2023-06-01 14:00:00+00:00,short,sell - direction_change,27065.5,26881.8,38415.97,0.63,370.12
2023-06-01 14:00:00+00:00,long,buy,26881.8,,38396.77,-0.05,370.07
2023-06-01 17:00:00+00:00,long,sell - direction_change,26881.8,27080.8,38661.81,0.69,370.76
2023-06-01 17:00:00+00:00,short,buy,27080.8,,38642.48,-0.05,370.71
2023-06-01 18:00:00+00:00,short,sell - direction_change,27080.8,26947.9,38812.8,0.44,371.15
2023-06-01 18:00:00+00:00,long,buy,26947.9,,38793.39,-0.05,371.1
2023-06-01 19:00:00+00:00,long,sell - direction_change,26947.9,26960.4,38791.99,-0.0,371.1
2023-06-01 19:00:00+00:00,short,buy,26960.4,,38772.59,-0.05,371.05
2023-06-02 02:00:00+00:00,short,sell - direction_change,26960.4,26805.6,38975.83,0.52,371.57
2023-06-02 02:00:00+00:00,long,buy,26805.6,,38956.34,-0.05,371.52
2023-06-02 13:00:00+00:00,long,sell - direction_change,26805.6,27084.6,39342.33,0.99,372.51
2023-06-02 13:00:00+00:00,short,buy,27084.6,,39322.66,-0.05,372.46
2023-06-02 15:00:00+00:00,short,sell - direction_change,27084.6,26952.0,39495.51,0.44,372.9
2023-06-02 15:00:00+00:00,long,buy,26952.0,,39475.77,-0.05,372.85
2023-06-03 05:00:00+00:00,long,sell - direction_change,26952.0,27151.1,39747.64,0.69,373.54
2023-06-03 05:00:00+00:00,short,buy,27151.1,,39727.77,-0.05,373.49
2023-06-03 06:00:00+00:00,short,sell - direction_change,27151.1,27149.0,39710.98,-0.04,373.45
2023-06-03 06:00:00+00:00,long,buy,27149.0,,39691.12,-0.05,373.4
2023-06-03 08:00:00+00:00,long,sell - direction_change,27149.0,27161.4,39689.41,-0.0,373.4
2023-06-03 08:00:00+00:00,short,buy,27161.4,,39669.56,-0.05,373.35
2023-06-03 09:00:00+00:00,short,sell - direction_change,27161.4,27134.2,39689.45,0.05,373.4
2023-06-03 09:00:00+00:00,long,buy,27134.2,,39669.61,-0.05,373.35
2023-06-03 10:00:00+00:00,long,sell - direction_change,27134.2,27144.2,39664.39,-0.01,373.33
2023-06-03 10:00:00+00:00,short,buy,27144.2,,39644.56,-0.05,373.28
2023-06-03 12:00:00+00:00,short,sell - direction_change,27144.2,27121.0,39658.62,0.04,373.32
2023-06-03 12:00:00+00:00,long,buy,27121.0,,39638.79,-0.05,373.27
2023-06-03 17:00:00+00:00,long,sell - direction_change,27121.0,27239.4,39792.02,0.39,373.66
2023-06-03 17:00:00+00:00,short,buy,27239.4,,39772.13,-0.05,373.61
2023-06-04 06:00:00+00:00,short,sell - direction_change,27239.4,27032.6,40054.19,0.71,374.31
2023-06-04 06:00:00+00:00,long,buy,27032.6,,40034.16,-0.05,374.26
2023-06-04 21:00:00+00:00,long,sell - direction_change,27032.6,27233.2,40311.22,0.69,374.96
2023-06-04 21:00:00+00:00,short,buy,27233.2,,40291.07,-0.05,374.91
2023-06-04 22:00:00+00:00,short,sell - direction_change,27233.2,27185.3,40341.79,0.13,375.03
2023-06-04 22:00:00+00:00,long,buy,27185.3,,40321.62,-0.05,374.98
2023-06-04 23:00:00+00:00,long,sell - direction_change,27185.3,27221.1,40354.56,0.08,375.06
2023-06-04 23:00:00+00:00,short,buy,27221.1,,40334.38,-0.05,375.01
2023-06-05 15:25:00+00:00,short,sell - take_profit,27221.1,26404.466999999997,41524.24,2.95,377.96
2023-06-05 16:00:00+00:00,short,buy,25991.9,,41503.48,-0.05,377.91
2023-06-05 20:00:00+00:00,short,sell - direction_change,25991.9,25618.4,42079.13,1.39,379.3
2023-06-05 20:00:00+00:00,long,buy,25618.4,,42058.09,-0.05,379.25
2023-06-05 21:00:00+00:00,long,sell - direction_change,25618.4,25620.7,42040.84,-0.04,379.21
2023-06-05 21:00:00+00:00,short,buy,25620.7,,42019.82,-0.05,379.16
2023-06-05 23:00:00+00:00,short,sell - direction_change,25620.7,25695.9,41875.47,-0.34,378.82
2023-06-05 23:00:00+00:00,long,buy,25695.9,,41854.54,-0.05,378.77
2023-06-06 00:00:00+00:00,long,sell - direction_change,25695.9,25714.6,41864.07,0.02,378.79
2023-06-06 00:00:00+00:00,short,buy,25714.6,,41843.14,-0.05,378.74
2023-06-06 04:00:00+00:00,short,sell - direction_change,25714.6,25719.8,41813.75,-0.07,378.67
2023-06-06 04:00:00+00:00,long,buy,25719.8,,41792.85,-0.05,378.62
2023-06-06 05:00:00+00:00,long,sell - direction_change,25719.8,25785.0,41877.9,0.2,378.82
2023-06-06 05:00:00+00:00,short,buy,25785.0,,41856.96,-0.05,378.77
2023-06-06 13:00:00+00:00,short,sell - direction_change,25785.0,25524.4,42259.06,0.96,379.73
2023-06-06 13:00:00+00:00,long,buy,25524.4,,42237.93,-0.05,379.68
2023-06-06 16:52:00+00:00,long,sell - take_profit,25524.4,26290.132,43483.95,2.95,382.63
2023-06-06 17:00:00+00:00,long,buy,26360.9,,43462.21,-0.05,382.58
2023-06-06 19:52:00+00:00,long,sell - take_profit,26360.9,27151.727000000003,44744.34,2.95,385.53
2023-06-06 20:00:00+00:00,long,buy,27073.3,,44721.97,-0.05,385.48
2023-06-07 03:25:00+00:00,long,sell - stop_loss,27073.3,26802.567,44252.39,-1.05,384.43
2023-06-07 04:00:00+00:00,long,buy,26896.9,,44230.26,-0.05,384.38
2023-06-07 09:39:00+00:00,long,sell - stop_loss,26896.9,26627.931,43765.85,-1.05,383.33
2023-06-07 10:00:00+00:00,long,buy,26476.6,,43743.96,-0.05,383.28
2023-06-07 14:00:00+00:00,long,sell - direction_change,26476.6,26806.3,44266.81,1.2,384.48
2023-06-07 14:00:00+00:00,short,buy,26806.3,,44244.68,-0.05,384.43
2023-06-07 19:00:00+00:00,short,sell - direction_change,26806.3,26460.0,44794.14,1.24,385.67
2023-06-07 19:00:00+00:00,long,buy,26460.0,,44771.74,-0.05,385.62
2023-06-07 20:00:00+00:00,long,sell - direction_change,26460.0,26469.2,44764.92,-0.02,385.61
2023-06-07 20:00:00+00:00,short,buy,26469.2,,44742.54,-0.05,385.56
2023-06-08 01:00:00+00:00,short,sell - direction_change,26469.2,26375.8,44878.05,0.3,385.86
2023-06-08 01:00:00+00:00,long,buy,26375.8,,44855.61,-0.05,385.81
2023-06-08 02:00:00+00:00,long,sell - direction_change,26375.8,26431.3,44927.57,0.16,385.97
2023-06-08 02:00:00+00:00,short,buy,26431.3,,44905.1,-0.05,385.92
2023-06-08 06:00:00+00:00,short,sell - direction_change,26431.3,26365.3,44994.78,0.2,386.12
2023-06-08 06:00:00+00:00,long,buy,26365.3,,44972.28,-0.05,386.07
2023-06-08 08:00:00+00:00,long,sell - direction_change,26365.3,26431.6,45062.89,0.2,386.27
2023-06-08 08:00:00+00:00,short,buy,26431.6,,45040.36,-0.05,386.22
2023-06-08 10:00:00+00:00,short,sell - direction_change,26431.6,26373.6,45116.67,0.17,386.39
2023-06-08 10:00:00+00:00,long,buy,26373.6,,45094.11,-0.05,386.34
2023-06-08 11:00:00+00:00,long,sell - direction_change,26373.6,26474.4,45243.91,0.33,386.67
2023-06-08 11:00:00+00:00,short,buy,26474.4,,45221.29,-0.05,386.62
2023-06-08 12:00:00+00:00,short,sell - direction_change,26474.4,26421.5,45289.04,0.15,386.77
2023-06-08 12:00:00+00:00,long,buy,26421.5,,45266.4,-0.05,386.72
2023-06-08 13:00:00+00:00,long,sell - direction_change,26421.5,26447.7,45288.65,0.05,386.77
2023-06-08 13:00:00+00:00,short,buy,26447.7,,45266.01,-0.05,386.72
2023-06-08 14:00:00+00:00,short,sell - direction_change,26447.7,26389.8,45342.47,0.17,386.89
2023-06-08 14:00:00+00:00,long,buy,26389.8,,45319.8,-0.05,386.84
2023-06-09 00:00:00+00:00,long,sell - direction_change,26389.8,26486.0,45462.34,0.31,387.15
2023-06-09 00:00:00+00:00,short,buy,26486.0,,45439.61,-0.05,387.1
2023-06-09 03:00:00+00:00,short,sell - direction_change,26486.0,26448.0,45482.09,0.09,387.2
2023-06-09 03:00:00+00:00,long,buy,26448.0,,45459.35,-0.05,387.15
2023-06-09 06:00:00+00:00,long,sell - direction_change,26448.0,26495.9,45518.95,0.13,387.28
2023-06-09 06:00:00+00:00,short,buy,26495.9,,45496.19,-0.05,387.23
2023-06-09 07:00:00+00:00,short,sell - direction_change,26495.9,26482.1,45497.14,0.0,387.23
2023-06-09 07:00:00+00:00,long,buy,26482.1,,45474.39,-0.05,387.18
2023-06-09 15:00:00+00:00,long,sell - direction_change,26482.1,26580.2,45620.11,0.32,387.5
2023-06-09 15:00:00+00:00,short,buy,26580.2,,45597.3,-0.05,387.45
2023-06-10 04:26:00+00:00,short,sell - take_profit,26580.2,25782.794,46942.42,2.95,390.4
2023-06-10 05:00:00+00:00,short,buy,25753.8,,46918.94,-0.05,390.35
2023-06-10 17:00:00+00:00,short,sell - direction_change,25753.8,25580.5,47211.21,0.62,390.97
2023-06-10 17:00:00+00:00,long,buy,25580.5,,47187.6,-0.05,390.92
2023-06-10 18:00:00+00:00,long,sell - direction_change,25580.5,26010.0,47956.29,1.63,392.55
2023-06-10 18:00:00+00:00,short,buy,26010.0,,47932.32,-0.05,392.5
2023-06-10 19:00:00+00:00,short,sell - direction_change,26010.0,25529.9,48793.1,1.8,394.3
2023-06-10 19:00:00+00:00,long,buy,25529.9,,48768.7,-0.05,394.25
2023-06-11 02:00:00+00:00,long,sell - direction_change,25529.9,25814.5,49287.98,1.06,395.31
2023-06-11 02:00:00+00:00,short,buy,25814.5,,49263.33,-0.05,395.26
2023-06-11 04:00:00+00:00,short,sell - direction_change,25814.5,25714.7,49429.16,0.34,395.6
2023-06-11 04:00:00+00:00,long,buy,25714.7,,49404.44,-0.05,395.55
2023-06-11 07:00:00+00:00,long,sell - direction_change,25714.7,25776.0,49497.51,0.19,395.74
2023-06-11 07:00:00+00:00,short,buy,25776.0,,49472.76,-0.05,395.69
2023-06-11 10:00:00+00:00,short,sell - direction_change,25776.0,25697.6,49598.5,0.25,395.94
2023-06-11 10:00:00+00:00,long,buy,25697.6,,49573.7,-0.05,395.89
2023-06-11 12:00:00+00:00,long,sell - direction_change,25697.6,25784.9,49717.33,0.29,396.18
2023-06-11 12:00:00+00:00,short,buy,25784.9,,49692.47,-0.05,396.13
2023-06-11 14:00:00+00:00,short,sell - direction_change,25784.9,25693.3,49844.15,0.31,396.44
2023-06-11 14:00:00+00:00,long,buy,25693.3,,49819.23,-0.05,396.39
2023-06-11 15:00:00+00:00,long,sell - direction_change,25693.3,25748.3,49900.97,0.16,396.55
2023-06-11 15:00:00+00:00,short,buy,25748.3,,49876.02,-0.05,396.5
2023-06-11 16:00:00+00:00,short,sell - direction_change,25748.3,25741.1,49865.03,-0.02,396.48
2023-06-11 16:00:00+00:00,long,buy,25741.1,,49840.09,-0.05,396.43
2023-06-12 02:00:00+00:00,long,sell - direction_change,25741.1,25925.1,50171.43,0.66,397.09
2023-06-12 02:00:00+00:00,short,buy,25925.1,,50146.35,-0.05,397.04
2023-06-12 08:00:00+00:00,short,sell - direction_change,25925.1,25793.2,50376.41,0.46,397.5
2023-06-12 08:00:00+00:00,long,buy,25793.2,,50351.22,-0.05,397.45
2023-06-12 13:00:00+00:00,long,sell - direction_change,25793.2,25920.1,50573.77,0.44,397.9
2023-06-12 13:00:00+00:00,short,buy,25920.1,,50548.48,-0.05,397.85
2023-06-12 20:00:00+00:00,short,sell - direction_change,25920.1,25816.7,50724.85,0.35,398.19
2023-06-12 20:00:00+00:00,long,buy,25816.7,,50699.49,-0.05,398.14
2023-06-13 00:00:00+00:00,long,sell - direction_change,25816.7,25894.8,50827.51,0.25,398.4
2023-06-13 00:00:00+00:00,short,buy,25894.8,,50802.1,-0.05,398.35
2023-06-13 01:00:00+00:00,short,sell - direction_change,25894.8,25858.4,50848.11,0.09,398.44
2023-06-13 01:00:00+00:00,long,buy,25858.4,,50822.69,-0.05,398.39
2023-06-13 14:00:00+00:00,long,sell - direction_change,25858.4,26025.3,51125.31,0.6,398.98
2023-06-13 14:00:00+00:00,short,buy,26025.3,,51099.74,-0.05,398.93
2023-06-14 00:00:00+00:00,short,sell - direction_change,26025.3,25918.0,51284.87,0.36,399.29
2023-06-14 00:00:00+00:00,long,buy,25918.0,,51259.23,-0.05,399.24
2023-06-14 03:00:00+00:00,long,sell - direction_change,25918.0,26015.0,51425.44,0.32,399.57
2023-06-14 03:00:00+00:00,short,buy,26015.0,,51399.73,-0.05,399.52
2023-06-14 07:00:00+00:00,short,sell - direction_change,26015.0,25879.1,51642.54,0.47,399.99
2023-06-14 07:00:00+00:00,long,buy,25879.1,,51616.72,-0.05,399.94
2023-06-14 08:00:00+00:00,long,sell - direction_change,25879.1,25884.1,51600.88,-0.03,399.91
2023-06-14 08:00:00+00:00,short,buy,25884.1,,51575.08,-0.05,399.86
2023-06-14 09:00:00+00:00,short,sell - direction_change,25884.1,25916.3,51485.13,-0.17,399.69
2023-06-14 09:00:00+00:00,long,buy,25916.3,,51459.39,-0.05,399.64
2023-06-14 10:00:00+00:00,long,sell - direction_change,25916.3,25972.1,51544.46,0.17,399.8
2023-06-14 10:00:00+00:00,short,buy,25972.1,,51518.68,-0.05,399.75
2023-06-14 11:00:00+00:00,short,sell - direction_change,25972.1,25945.2,51546.28,0.05,399.81
2023-06-14 11:00:00+00:00,long,buy,25945.2,,51520.51,-0.05,399.76
2023-06-14 18:00:00+00:00,long,sell - direction_change,25945.2,26018.0,51639.31,0.23,399.99
2023-06-14 18:00:00+00:00,short,buy,26018.0,,51613.49,-0.05,399.94
2023-06-14 20:31:00+00:00,short,sell - take_profit,26018.0,25237.46,53136.09,2.95,402.89
2023-06-14 21:00:00+00:00,short,buy,24920.1,,53109.52,-0.05,402.84
2023-06-14 21:20:00+00:00,short,sell - stop_loss,24920.1,25169.301,52551.87,-1.05,401.79
2023-06-14 22:00:00+00:00,short,buy,25104.8,,52525.6,-0.05,401.74
2023-06-15 02:00:00+00:00,short,sell - direction_change,25104.8,25053.7,52606.25,0.15,401.89
2023-06-15 02:00:00+00:00,long,buy,25053.7,,52579.95,-0.05,401.84
2023-06-15 03:00:00+00:00,long,sell - direction_change,25053.7,25071.7,52591.43,0.02,401.86
2023-06-15 03:00:00+00:00,short,buy,25071.7,,52565.14,-0.05,401.81
2023-06-15 16:00:00+00:00,short,sell - direction_change,25071.7,24948.4,52797.36,0.44,402.25
2023-06-15 16:00:00+00:00,long,buy,24948.4,,52770.96,-0.05,402.2
2023-06-15 21:16:00+00:00,long,sell - take_profit,24948.4,25696.852000000003,54327.71,2.95,405.15
2023-06-15 22:00:00+00:00,long,buy,25558.0,,54300.54,-0.05,405.1
2023-06-16 07:00:00+00:00,long,sell - direction_change,25558.0,25564.4,54286.99,-0.02,405.08
2023-06-16 07:00:00+00:00,short,buy,25564.4,,54259.85,-0.05,405.03
2023-06-16 08:00:00+00:00,short,sell - direction_change,25564.4,25526.1,54314.01,0.1,405.13
2023-06-16 08:00:00+00:00,long,buy,25526.1,,54286.85,-0.05,405.08
2023-06-16 11:00:00+00:00,long,sell - direction_change,25526.1,25553.0,54316.92,0.06,405.13
2023-06-16 11:00:00+00:00,short,buy,25553.0,,54289.76,-0.05,405.08
2023-06-16 12:00:00+00:00,short,sell - direction_change,25553.0,25462.9,54454.04,0.3,405.39
2023-06-16 12:00:00+00:00,long,buy,25462.9,,54426.81,-0.05,405.34
2023-06-16 13:00:00+00:00,long,sell - direction_change,25462.9,25555.4,54597.32,0.31,405.65
2023-06-16 13:00:00+00:00,short,buy,25555.4,,54570.02,-0.05,405.6
2023-06-16 14:00:00+00:00,short,sell - direction_change,25555.4,25482.4,54698.62,0.24,405.83
2023-06-16 14:00:00+00:00,long,buy,25482.4,,54671.27,-0.05,405.78
2023-06-16 14:46:00+00:00,long,sell - stop_loss,25482.4,25227.576,54097.22,-1.05,404.73
2023-06-16 15:00:00+00:00,long,buy,25602.1,,54070.17,-0.05,404.68
2023-06-16 18:04:00+00:00,long,sell - take_profit,25602.1,26370.163,55665.24,2.95,407.63
2023-06-16 19:00:00+00:00,long,buy,26352.0,,55637.41,-0.05,407.58
2023-06-17 03:00:00+00:00,long,sell - direction_change,26352.0,26263.6,55422.95,-0.39,407.2
2023-06-17 03:00:00+00:00,short,buy,26263.6,,55395.24,-0.05,407.15
2023-06-17 04:00:00+00:00,short,sell - direction_change,26263.6,26253.4,55389.05,-0.01,407.14
2023-06-17 04:00:00+00:00,long,buy,26253.4,,55361.36,-0.05,407.09
2023-06-17 15:00:00+00:00,long,sell - direction_change,26253.4,26485.6,55823.32,0.83,407.92
2023-06-17 15:00:00+00:00,short,buy,26485.6,,55795.41,-0.05,407.87
2023-06-17 16:00:00+00:00,short,sell - direction_change,26485.6,26399.9,55948.05,0.27,408.15
2023-06-17 16:00:00+00:00,long,buy,26399.9,,55920.08,-0.05,408.1
2023-06-17 17:00:00+00:00,long,sell - direction_change,26399.9,26461.3,56022.18,0.18,408.28
2023-06-17 17:00:00+00:00,short,buy,26461.3,,55994.17,-0.05,408.23
2023-06-17 18:00:00+00:00,short,sell - direction_change,26461.3,26411.1,56072.4,0.14,408.37
2023-06-17 18:00:00+00:00,long,buy,26411.1,,56044.36,-0.05,408.32
2023-06-17 19:00:00+00:00,long,sell - direction_change,26411.1,26509.7,56225.57,0.32,408.64
2023-06-17 19:00:00+00:00,short,buy,26509.7,,56197.45,-0.05,408.59
2023-06-17 20:00:00+00:00,short,sell - direction_change,26509.7,26466.1,56261.78,0.11,408.71
2023-06-17 20:00:00+00:00,long,buy,26466.1,,56233.65,-0.05,408.66
2023-06-18 00:00:00+00:00,long,sell - direction_change,26466.1,26508.8,56296.26,0.11,408.77
2023-06-18 00:00:00+00:00,short,buy,26508.8,,56268.11,-0.05,408.72
2023-06-18 01:00:00+00:00,short,sell - direction_change,26508.8,26444.6,56376.25,0.19,408.91
2023-06-18 01:00:00+00:00,long,buy,26444.6,,56348.06,-0.05,408.86
2023-06-18 08:00:00+00:00,long,sell - direction_change,26444.6,26572.0,56591.35,0.43,409.29
2023-06-18 08:00:00+00:00,short,buy,26572.0,,56563.06,-0.05,409.24
2023-06-18 09:00:00+00:00,short,sell - direction_change,26572.0,26488.6,56712.31,0.26,409.51
2023-06-18 09:00:00+00:00,long,buy,26488.6,,56683.95,-0.05,409.46
2023-06-18 10:00:00+00:00,long,sell - direction_change,26488.6,26515.6,56713.39,0.05,409.51
2023-06-18 10:00:00+00:00,short,buy,26515.6,,56685.03,-0.05,409.46
2023-06-18 12:00:00+00:00,short,sell - direction_change,26515.6,26488.5,56714.62,0.05,409.51
2023-06-18 12:00:00+00:00,long,buy,26488.5,,56686.26,-0.05,409.46
2023-06-18 13:00:00+00:00,long,sell - direction_change,26488.5,26521.8,56729.18,0.08,409.54
2023-06-18 13:00:00+00:00,short,buy,26521.8,,56700.82,-0.05,409.49
2023-06-18 14:00:00+00:00,short,sell - direction_change,26521.8,26477.1,56768.03,0.12,409.6
2023-06-18 14:00:00+00:00,long,buy,26477.1,,56739.65,-0.05,409.55
2023-06-18 20:00:00+00:00,long,sell - direction_change,26477.1,26641.6,57063.8,0.57,410.13
2023-06-18 20:00:00+00:00,short,buy,26641.6,,57035.27,-0.05,410.08
2023-06-19 11:00:00+00:00,short,sell - direction_change,26641.6,26365.7,57597.4,0.99,411.06
2023-06-19 11:00:00+00:00,long,buy,26365.7,,57568.61,-0.05,411.01
2023-06-19 14:00:00+00:00,long,sell - direction_change,26365.7,26520.8,57878.48,0.54,411.55
2023-06-19 14:00:00+00:00,short,buy,26520.8,,57849.54,-0.05,411.5
2023-06-19 16:00:00+00:00,short,sell - direction_change,26520.8,26431.1,58016.27,0.29,411.79
2023-06-19 16:00:00+00:00,long,buy,26431.1,,57987.27,-0.05,411.74
2023-06-20 14:00:00+00:00,long,sell - direction_change,26431.1,26795.4,58757.51,1.33,413.07
2023-06-20 14:00:00+00:00,short,buy,26795.4,,58728.13,-0.05,413.02
2023-06-20 15:00:00+00:00,short,sell - direction_change,26795.4,26763.8,58768.03,0.07,413.08
2023-06-20 15:00:00+00:00,long,buy,26763.8,,58738.64,-0.05,413.03
2023-06-20 17:45:00+00:00,long,sell - take_profit,26763.8,27566.714,60471.43,2.95,415.98
2023-06-20 18:00:00+00:00,long,buy,27784.0,,60441.2,-0.05,415.93
2023-06-21 01:03:00+00:00,long,sell - take_profit,27784.0,28617.52,62224.21,2.95,418.88
2023-06-21 02:00:00+00:00,long,buy,28776.6,,62193.1,-0.05,418.83
2023-06-21 15:16:00+00:00,long,sell - take_profit,28776.6,29639.898,64027.8,2.95,421.78
2023-06-21 16:00:00+00:00,long,buy,29836.9,,63995.78,-0.05,421.73
2023-06-21 16:29:00+00:00,long,sell - take_profit,29836.9,30732.007,65883.66,2.95,424.68
2023-06-21 17:00:00+00:00,long,buy,30163.1,,65850.72,-0.05,424.63
2023-06-21 17:11:00+00:00,long,sell - stop_loss,30163.1,29861.468999999997,65159.28,-1.05,423.58
2023-06-21 18:00:00+00:00,long,buy,30076.0,,65126.71,-0.05,423.53
2023-06-21 21:03:00+00:00,long,sell - stop_loss,30076.0,29775.239999999998,64442.87,-1.05,422.48
2023-06-21 22:00:00+00:00,long,buy,29876.4,,64410.65,-0.05,422.43
2023-06-22 11:00:00+00:00,long,sell - direction_change,29876.4,30167.3,65005.6,0.92,423.36
2023-06-22 11:00:00+00:00,short,buy,30167.3,,64973.1,-0.05,423.31
2023-06-22 12:00:00+00:00,short,sell - direction_change,30167.3,29919.4,65474.53,0.77,424.08
2023-06-22 12:00:00+00:00,long,buy,29919.4,,65441.79,-0.05,424.03
2023-06-22 14:00:00+00:00,long,sell - direction_change,29919.4,30226.9,66081.66,0.98,425.01
2023-06-22 14:00:00+00:00,short,buy,30226.9,,66048.61,-0.05,424.96
2023-06-22 16:00:00+00:00,short,sell - direction_change,30226.9,29837.3,66866.9,1.24,426.2
2023-06-22 16:00:00+00:00,long,buy,29837.3,,66833.47,-0.05,426.15
2023-06-22 22:00:00+00:00,long,sell - direction_change,29837.3,30041.8,67258.12,0.64,426.78
2023-06-22 22:00:00+00:00,short,buy,30041.8,,67224.49,-0.05,426.73
2023-06-23 00:00:00+00:00,short,sell - direction_change,30041.8,29875.0,67564.12,0.51,427.24
2023-06-23 00:00:00+00:00,long,buy,29875.0,,67530.34,-0.05,427.19
2023-06-23 03:00:00+00:00,long,sell - direction_change,29875.0,29980.5,67735.05,0.3,427.49
2023-06-23 03:00:00+00:00,short,buy,29980.5,,67701.19,-0.05,427.44
2023-06-23 08:00:00+00:00,short,sell - direction_change,29980.5,29926.9,67788.37,0.13,427.57
2023-06-23 08:00:00+00:00,long,buy,29926.9,,67754.48,-0.05,427.52
2023-06-23 15:23:00+00:00,long,sell - take_profit,29926.9,30824.707000000002,69753.24,2.95,430.47
2023-06-23 16:00:00+00:00,long,buy,31232.9,,69718.36,-0.05,430.42
2023-06-23 16:23:00+00:00,long,sell - stop_loss,31232.9,30920.571,68986.32,-1.05,429.37
2023-06-23 17:00:00+00:00,long,buy,31090.3,,68951.82,-0.05,429.32
2023-06-23 19:36:00+00:00,long,sell - stop_loss,31090.3,30779.396999999997,68227.83,-1.05,428.27
2023-06-23 20:00:00+00:00,long,buy,30873.7,,68193.72,-0.05,428.22
2023-06-23 21:48:00+00:00,long,sell - stop_loss,30873.7,30564.963,67477.68,-1.05,427.17
2023-06-23 22:00:00+00:00,long,buy,30649.6,,67443.94,-0.05,427.12
2023-06-24 04:00:00+00:00,long,sell - direction_change,30649.6,30719.5,67564.03,0.18,427.3
2023-06-24 04:00:00+00:00,short,buy,30719.5,,67530.25,-0.05,427.25
2023-06-24 05:00:00+00:00,short,sell - direction_change,30719.5,30693.7,67553.2,0.03,427.28
2023-06-24 05:00:00+00:00,long,buy,30693.7,,67519.43,-0.05,427.23
2023-06-24 06:00:00+00:00,long,sell - direction_change,30693.7,30717.3,67537.58,0.03,427.26
2023-06-24 06:00:00+00:00,short,buy,30717.3,,67503.81,-0.05,427.21
2023-06-24 08:00:00+00:00,short,sell - direction_change,30717.3,30563.3,67808.49,0.45,427.66
2023-06-24 08:00:00+00:00,long,buy,30563.3,,67774.58,-0.05,427.61
2023-06-24 13:00:00+00:00,long,sell - direction_change,30563.3,30685.0,68010.57,0.35,427.96
2023-06-24 13:00:00+00:00,short,buy,30685.0,,67976.56,-0.05,427.91
2023-06-24 14:00:00+00:00,short,sell - direction_change,30685.0,30631.1,68061.98,0.13,428.03
2023-06-24 14:00:00+00:00,long,buy,30631.1,,68027.95,-0.05,427.98
2023-06-24 15:00:00+00:00,long,sell - direction_change,30631.1,30680.1,68102.76,0.11,428.09
2023-06-24 15:00:00+00:00,short,buy,30680.1,,68068.71,-0.05,428.04
2023-06-24 17:00:00+00:00,short,sell - direction_change,30680.1,30503.9,68425.6,0.52,428.57
2023-06-24 17:00:00+00:00,long,buy,30503.9,,68391.39,-0.05,428.52
2023-06-24 19:00:00+00:00,long,sell - direction_change,30503.9,30633.9,68648.66,0.38,428.89
2023-06-24 19:00:00+00:00,short,buy,30633.9,,68614.33,-0.05,428.84
2023-06-25 01:00:00+00:00,short,sell - direction_change,30633.9,30509.0,68859.78,0.36,429.2
2023-06-25 01:00:00+00:00,long,buy,30509.0,,68825.35,-0.05,429.15
2023-06-25 10:00:00+00:00,long,sell - direction_change,30509.0,30674.1,69163.39,0.49,429.64
2023-06-25 10:00:00+00:00,short,buy,30674.1,,69128.81,-0.05,429.59
2023-06-25 11:00:00+00:00,short,sell - direction_change,30674.1,30609.4,69240.05,0.16,429.75
2023-06-25 11:00:00+00:00,long,buy,30609.4,,69205.43,-0.05,429.7
2023-06-25 14:00:00+00:00,long,sell - direction_change,30609.4,30669.2,69306.03,0.15,429.85
2023-06-25 14:00:00+00:00,short,buy,30669.2,,69271.38,-0.05,429.8
2023-06-26 06:00:00+00:00,short,sell - direction_change,30669.2,30208.1,70278.21,1.45,431.25
2023-06-26 06:00:00+00:00,long,buy,30208.1,,70243.07,-0.05,431.2
2023-06-26 07:00:00+00:00,long,sell - direction_change,30208.1,30474.8,70828.11,0.83,432.03
2023-06-26 07:00:00+00:00,short,buy,30474.8,,70792.7,-0.05,431.98
2023-06-26 11:00:00+00:00,short,sell - direction_change,30474.8,30259.9,71256.51,0.66,432.64
2023-06-26 11:00:00+00:00,long,buy,30259.9,,71220.88,-0.05,432.59
2023-06-26 14:00:00+00:00,long,sell - direction_change,30259.9,30631.2,72059.18,1.18,433.77
2023-06-26 14:00:00+00:00,short,buy,30631.2,,72023.15,-0.05,433.72
2023-06-27 00:00:00+00:00,short,sell - direction_change,30631.2,30260.1,72859.71,1.16,434.88
2023-06-27 00:00:00+00:00,long,buy,30260.1,,72823.28,-0.05,434.83
2023-06-27 20:00:00+00:00,long,sell - direction_change,30260.1,30638.4,73697.27,1.2,436.03
2023-06-27 20:00:00+00:00,short,buy,30638.4,,73660.42,-0.05,435.98
2023-06-27 21:00:00+00:00,short,sell - direction_change,30638.4,30636.4,73628.4,-0.04,435.93
2023-06-27 21:00:00+00:00,long,buy,30636.4,,73591.59,-0.05,435.88
2023-06-27 22:00:00+00:00,long,sell - direction_change,30636.4,30716.6,73747.44,0.21,436.1
2023-06-27 22:00:00+00:00,short,buy,30716.6,,73710.57,-0.05,436.05
2023-06-27 23:00:00+00:00,short,sell - direction_change,30716.6,30569.8,74025.99,0.43,436.47
2023-06-27 23:00:00+00:00,long,buy,30569.8,,73988.97,-0.05,436.42
2023-06-28 00:00:00+00:00,long,sell - direction_change,30569.8,30683.2,74226.45,0.32,436.75
2023-06-28 00:00:00+00:00,short,buy,30683.2,,74189.33,-0.05,436.7
2023-06-29 04:00:00+00:00,short,sell - direction_change,30683.2,30162.3,75411.73,1.65,438.34
2023-06-29 04:00:00+00:00,long,buy,30162.3,,75374.02,-0.05,438.29
2023-06-29 05:00:00+00:00,long,sell - direction_change,30162.3,30208.6,75452.04,0.1,438.4
2023-06-29 05:00:00+00:00,short,buy,30208.6,,75414.31,-0.05,438.35
2023-06-29 06:00:00+00:00,short,sell - direction_change,30208.6,30171.5,75469.22,0.07,438.42
2023-06-29 06:00:00+00:00,long,buy,30171.5,,75431.49,-0.05,438.37
2023-06-29 20:00:00+00:00,long,sell - direction_change,30171.5,30571.5,76393.81,1.28,439.65
2023-06-29 20:00:00+00:00,short,buy,30571.5,,76355.61,-0.05,439.6
2023-06-29 21:00:00+00:00,short,sell - direction_change,30571.5,30386.4,76779.74,0.56,440.15
2023-06-29 21:00:00+00:00,long,buy,30386.4,,76741.35,-0.05,440.1
2023-06-29 22:00:00+00:00,long,sell - direction_change,30386.4,30412.4,76768.64,0.04,440.14
2023-06-29 22:00:00+00:00,short,buy,30412.4,,76730.26,-0.05,440.09
2023-06-29 23:00:00+00:00,short,sell - direction_change,30412.4,30402.5,76716.87,-0.02,440.07
2023-06-29 23:00:00+00:00,long,buy,30402.5,,76678.51,-0.05,440.02
2023-06-30 01:00:00+00:00,long,sell - direction_change,30402.5,30431.0,76712.05,0.04,440.06
2023-06-30 01:00:00+00:00,short,buy,30431.0,,76673.7,-0.05,440.01
2023-06-30 02:00:00+00:00,short,sell - direction_change,30431.0,30374.6,76777.47,0.14,440.15
2023-06-30 02:00:00+00:00,long,buy,30374.6,,76739.08,-0.05,440.1
2023-06-30 04:48:00+00:00,long,sell - take_profit,30374.6,31285.838,79002.88,2.95,443.05
2023-06-30 05:00:00+00:00,long,buy,30868.4,,78963.38,-0.05,443.0
2023-06-30 13:00:00+00:00,long,sell - direction_change,30868.4,31000.1,79260.79,0.38,443.37
2023-06-30 13:00:00+00:00,short,buy,31000.1,,79221.16,-0.05,443.32
2023-06-30 13:38:00+00:00,short,sell - take_profit,31000.1,30070.096999999998,81558.19,2.95,446.27
2023-06-30 14:00:00+00:00,short,buy,30118.1,,81517.41,-0.05,446.22
2023-06-30 16:00:00+00:00,short,sell - direction_change,30118.1,30052.0,81655.56,0.17,446.39
2023-06-30 16:00:00+00:00,long,buy,30052.0,,81614.73,-0.05,446.34
2023-06-30 18:00:00+00:00,long,sell - direction_change,30052.0,30442.8,82635.25,1.25,447.59
2023-06-30 18:00:00+00:00,short,buy,30442.8,,82593.93,-0.05,447.54
2023-06-30 19:00:00+00:00,short,sell - direction_change,30442.8,30349.7,82805.22,0.26,447.8
2023-06-30 19:00:00+00:00,long,buy,30349.7,,82763.82,-0.05,447.75
2023-06-30 21:00:00+00:00,long,sell - direction_change,30349.7,30391.3,82835.88,0.09,447.84
2023-06-30 21:00:00+00:00,short,buy,30391.3,,82794.46,-0.05,447.79
2023-06-30 23:00:00+00:00,short,sell - direction_change,30391.3,30468.6,82542.48,-0.3,447.48
2023-06-30 23:00:00+00:00,long,buy,30468.6,,82501.21,-0.05,447.43
2023-07-01 01:00:00+00:00,long,sell - direction_change,30468.6,30459.1,82434.23,-0.08,447.35
2023-07-01 01:00:00+00:00,short,buy,30459.1,,82393.02,-0.05,447.3
2023-07-01 05:00:00+00:00,short,sell - direction_change,30459.1,30381.3,82562.27,0.21,447.51
2023-07-01 05:00:00+00:00,long,buy,30381.3,,82520.99,-0.05,447.46
2023-07-01 07:00:00+00:00,long,sell - direction_change,30381.3,30441.4,82642.97,0.15,447.6
2023-07-01 07:00:00+00:00,short,buy,30441.4,,82601.65,-0.05,447.55
2023-07-01 09:00:00+00:00,short,sell - direction_change,30441.4,30429.8,82591.83,-0.01,447.54
2023-07-01 09:00:00+00:00,long,buy,30429.8,,82550.53,-0.05,447.49
2023-07-02 01:00:00+00:00,long,sell - direction_change,30429.8,30568.0,82884.17,0.4,447.9
2023-07-02 01:00:00+00:00,short,buy,30568.0,,82842.73,-0.05,447.85
2023-07-02 11:00:00+00:00,short,sell - direction_change,30568.0,30505.0,82972.04,0.16,448.0
2023-07-02 11:00:00+00:00,long,buy,30505.0,,82930.56,-0.05,447.95
2023-07-02 12:00:00+00:00,long,sell - direction_change,30505.0,30537.2,82976.63,0.06,448.01
2023-07-02 12:00:00+00:00,short,buy,30537.2,,82935.14,-0.05,447.96
2023-07-02 14:00:00+00:00,short,sell - direction_change,30537.2,30510.1,82967.27,0.04,448.0
2023-07-02 14:00:00+00:00,long,buy,30510.1,,82925.79,-0.05,447.95
2023-07-02 15:00:00+00:00,long,sell - direction_change,30510.1,30586.5,83091.98,0.2,448.15
2023-07-02 15:00:00+00:00,short,buy,30586.5,,83050.43,-0.05,448.1
2023-07-02 16:00:00+00:00,short,sell - direction_change,30586.5,30491.4,83267.13,0.26,448.36
2023-07-02 16:00:00+00:00,long,buy,30491.4,,83225.5,-0.05,448.31
2023-07-02 17:00:00+00:00,long,sell - direction_change,30491.4,30558.4,83366.76,0.17,448.48
2023-07-02 17:00:00+00:00,short,buy,30558.4,,83325.08,-0.05,448.43
2023-07-02 18:00:00+00:00,short,sell - direction_change,30558.4,30434.3,83621.8,0.36,448.78
2023-07-02 18:00:00+00:00,long,buy,30434.3,,83579.99,-0.05,448.73
2023-07-03 09:00:00+00:00,long,sell - direction_change,30434.3,30638.0,84097.61,0.62,449.35
2023-07-03 09:00:00+00:00,short,buy,30638.0,,84055.56,-0.05,449.3
2023-07-03 10:00:00+00:00,short,sell - direction_change,30638.0,30605.6,84102.42,0.06,449.36
2023-07-03 10:00:00+00:00,long,buy,30605.6,,84060.37,-0.05,449.31
2023-07-04 07:00:00+00:00,long,sell - direction_change,30605.6,30990.0,85074.12,1.21,450.52
2023-07-04 07:00:00+00:00,short,buy,30990.0,,85031.59,-0.05,450.47
2023-07-04 08:00:00+00:00,short,sell - direction_change,30990.0,30902.2,85229.98,0.23,450.7
2023-07-04 08:00:00+00:00,long,buy,30902.2,,85187.37,-0.05,450.65
2023-07-04 12:00:00+00:00,long,sell - direction_change,30902.2,31056.4,85569.85,0.45,451.1
2023-07-04 12:00:00+00:00,short,buy,31056.4,,85527.07,-0.05,451.05
2023-07-05 20:00:00+00:00,short,sell - direction_change,31056.4,30420.0,87236.9,2.0,453.05
2023-07-05 20:00:00+00:00,long,buy,30420.0,,87193.28,-0.05,453.0
2023-07-05 22:00:00+00:00,long,sell - direction_change,30420.0,30458.9,87261.19,0.08,453.08
2023-07-05 22:00:00+00:00,short,buy,30458.9,,87217.56,-0.05,453.03
2023-07-05 23:00:00+00:00,short,sell - direction_change,30458.9,30430.3,87255.84,0.04,453.07
2023-07-05 23:00:00+00:00,long,buy,30430.3,,87212.21,-0.05,453.02
2023-07-06 00:00:00+00:00,long,sell - direction_change,30430.3,30488.4,87335.12,0.14,453.16
2023-07-06 00:00:00+00:00,short,buy,30488.4,,87291.45,-0.05,453.11
2023-07-06 01:00:00+00:00,short,sell - direction_change,30488.4,30403.6,87490.6,0.23,453.34
2023-07-06 01:00:00+00:00,long,buy,30403.6,,87446.85,-0.05,453.29
2023-07-06 03:00:00+00:00,long,sell - direction_change,30403.6,30459.0,87562.47,0.13,453.42
2023-07-06 03:00:00+00:00,short,buy,30459.0,,87518.69,-0.05,453.37
2023-07-06 05:00:00+00:00,short,sell - direction_change,30459.0,30452.6,87493.32,-0.03,453.34
2023-07-06 05:00:00+00:00,long,buy,30452.6,,87449.57,-0.05,453.29
2023-07-06 09:00:00+00:00,long,sell - take_profit,30452.6,31366.178,90029.34,2.95,456.24
2023-07-06 10:00:00+00:00,long,buy,31064.8,,89984.32,-0.05,456.19
2023-07-06 11:57:00+00:00,long,sell - stop_loss,31064.8,30754.152,89039.49,-1.05,455.14
2023-07-06 12:00:00+00:00,long,buy,30833.0,,88994.97,-0.05,455.09
2023-07-06 12:34:00+00:00,long,sell - stop_loss,30833.0,30524.67,88060.52,-1.05,454.04
2023-07-06 13:00:00+00:00,long,buy,30588.6,,88016.49,-0.05,453.99
2023-07-06 14:00:00+00:00,long,sell - direction_change,30588.6,30361.6,87319.3,-0.79,453.2
2023-07-06 14:00:00+00:00,short,buy,30361.6,,87275.64,-0.05,453.15
2023-07-07 08:00:00+00:00,short,sell - direction_change,30361.6,29992.9,88291.85,1.16,454.31
2023-07-07 08:00:00+00:00,long,buy,29992.9,,88247.7,-0.05,454.26
2023-07-07 11:00:00+00:00,long,sell - direction_change,29992.9,30152.9,88674.35,0.48,454.75
2023-07-07 11:00:00+00:00,short,buy,30152.9,,88630.01,-0.05,454.7
2023-07-07 12:00:00+00:00,short,sell - direction_change,30152.9,30103.9,88729.72,0.11,454.81
2023-07-07 12:00:00+00:00,long,buy,30103.9,,88685.36,-0.05,454.76
2023-07-08 00:00:00+00:00,long,sell - direction_change,30103.9,30328.0,89301.21,0.69,455.45
2023-07-08 00:00:00+00:00,short,buy,30328.0,,89256.56,-0.05,455.4
2023-07-08 01:00:00+00:00,short,sell - direction_change,30328.0,30274.7,89368.79,0.13,455.53
2023-07-08 01:00:00+00:00,long,buy,30274.7,,89324.11,-0.05,455.48
2023-07-08 05:00:00+00:00,long,sell - direction_change,30274.7,30227.0,89138.71,-0.21,455.27
2023-07-08 05:00:00+00:00,short,buy,30227.0,,89094.14,-0.05,455.22
2023-07-08 08:00:00+00:00,short,sell - direction_change,30227.0,30174.8,89203.45,0.12,455.34
2023-07-08 08:00:00+00:00,long,buy,30174.8,,89158.85,-0.05,455.29
2023-07-08 09:00:00+00:00,long,sell - direction_change,30174.8,30261.9,89371.63,0.24,455.53
2023-07-08 09:00:00+00:00,short,buy,30261.9,,89326.94,-0.05,455.48
2023-07-08 16:00:00+00:00,short,sell - direction_change,30261.9,30196.8,89474.44,0.17,455.65
2023-07-08 16:00:00+00:00,long,buy,30196.8,,89429.71,-0.05,455.6
2023-07-08 18:00:00+00:00,long,sell - direction_change,30196.8,30240.8,89515.3,0.1,455.69
2023-07-08 18:00:00+00:00,short,buy,30240.8,,89470.54,-0.05,455.64
2023-07-08 22:00:00+00:00,short,sell - direction_change,30240.8,30173.1,89626.1,0.17,455.82
2023-07-08 22:00:00+00:00,long,buy,30173.1,,89581.29,-0.05,455.77
2023-07-09 09:00:00+00:00,long,sell - direction_change,30173.1,30291.8,89888.91,0.34,456.11
2023-07-09 09:00:00+00:00,short,buy,30291.8,,89843.97,-0.05,456.06
2023-07-09 11:00:00+00:00,short,sell - direction_change,30291.8,30250.1,89922.72,0.09,456.15
2023-07-09 11:00:00+00:00,long,buy,30250.1,,89877.76,-0.05,456.1
2023-07-09 13:00:00+00:00,long,sell - direction_change,30250.1,30320.0,90040.51,0.18,456.28
2023-07-09 13:00:00+00:00,short,buy,30320.0,,89995.49,-0.05,456.23
2023-07-09 14:00:00+00:00,short,sell - direction_change,30320.0,30247.9,90164.5,0.19,456.42
2023-07-09 14:00:00+00:00,long,buy,30247.9,,90119.41,-0.05,456.37
2023-07-09 18:00:00+00:00,long,sell - direction_change,30247.9,30279.8,90169.39,0.06,456.42
2023-07-09 18:00:00+00:00,short,buy,30279.8,,90124.31,-0.05,456.37
2023-07-10 10:00:00+00:00,short,sell - direction_change,30279.8,30127.2,90533.44,0.45,456.83
2023-07-10 10:00:00+00:00,long,buy,30127.2,,90488.18,-0.05,456.78
2023-07-10 12:00:00+00:00,long,sell - direction_change,30127.2,30221.6,90726.47,0.26,457.04
2023-07-10 12:00:00+00:00,short,buy,30221.6,,90681.1,-0.05,456.99
2023-07-10 13:00:00+00:00,short,sell - direction_change,30221.6,30147.1,90859.3,0.2,457.19
2023-07-10 13:00:00+00:00,long,buy,30147.1,,90813.87,-0.05,457.14
2023-07-11 04:00:00+00:00,long,sell - direction_change,30147.1,30460.9,91713.75,0.99,458.13
2023-07-11 04:00:00+00:00,short,buy,30460.9,,91667.89,-0.05,458.08
2023-07-11 05:00:00+00:00,short,sell - direction_change,30460.9,30429.9,91715.34,0.05,458.13
2023-07-11 05:00:00+00:00,long,buy,30429.9,,91669.49,-0.05,458.08
2023-07-11 10:00:00+00:00,long,sell - direction_change,30429.9,30435.4,91640.22,-0.03,458.05
2023-07-11 10:00:00+00:00,short,buy,30435.4,,91594.4,-0.05,458.0
2023-07-11 11:00:00+00:00,short,sell - direction_change,30435.4,30385.0,91700.28,0.12,458.11
2023-07-11 11:00:00+00:00,long,buy,30385.0,,91654.43,-0.05,458.06
2023-07-11 12:00:00+00:00,long,sell - direction_change,30385.0,30391.4,91627.91,-0.03,458.03
2023-07-11 12:00:00+00:00,short,buy,30391.4,,91582.09,-0.05,457.98
2023-07-11 13:00:00+00:00,short,sell - direction_change,30391.4,30421.0,91447.11,-0.15,457.84
2023-07-11 13:00:00+00:00,long,buy,30421.0,,91401.38,-0.05,457.79
2023-07-11 18:00:00+00:00,long,sell - direction_change,30421.0,30565.4,91789.54,0.42,458.21
2023-07-11 18:00:00+00:00,short,buy,30565.4,,91743.64,-0.05,458.16
2023-07-11 19:00:00+00:00,short,sell - direction_change,30565.4,30461.5,92009.63,0.29,458.45
2023-07-11 19:00:00+00:00,long,buy,30461.5,,91963.63,-0.05,458.4
2023-07-12 00:00:00+00:00,long,sell - direction_change,30461.5,30608.3,92360.84,0.43,458.83
2023-07-12 00:00:00+00:00,short,buy,30608.3,,92314.66,-0.05,458.78
2023-07-12 01:00:00+00:00,short,sell - direction_change,30608.3,30499.9,92595.43,0.3,459.09
2023-07-12 01:00:00+00:00,long,buy,30499.9,,92549.14,-0.05,459.04
2023-07-12 15:00:00+00:00,long,sell - direction_change,30499.9,30725.4,93187.12,0.69,459.73
2023-07-12 15:00:00+00:00,short,buy,30725.4,,93140.53,-0.05,459.68
2023-07-13 05:00:00+00:00,short,sell - direction_change,30725.4,30284.5,94430.5,1.38,461.06
2023-07-13 05:00:00+00:00,long,buy,30284.5,,94383.28,-0.05,461.01
2023-07-13 07:00:00+00:00,long,sell - direction_change,30284.5,30375.3,94619.07,0.25,461.26
2023-07-13 07:00:00+00:00,short,buy,30375.3,,94571.76,-0.05,461.21
2023-07-13 08:00:00+00:00,short,sell - direction_change,30375.3,30355.1,94587.37,0.02,461.23
2023-07-13 08:00:00+00:00,long,buy,30355.1,,94540.07,-0.05,461.18
2023-07-13 18:07:00+00:00,long,sell - take_profit,30355.1,31265.753,97329.01,2.95,464.13
2023-07-13 19:00:00+00:00,long,buy,31247.8,,97280.34,-0.05,464.08
2023-07-14 07:00:00+00:00,long,sell - direction_change,31247.8,31285.6,97349.38,0.07,464.15
2023-07-14 07:00:00+00:00,short,buy,31285.6,,97300.71,-0.05,464.1
2023-07-14 08:00:00+00:00,short,sell - direction_change,31285.6,31095.9,97842.04,0.56,464.66
2023-07-14 08:00:00+00:00,long,buy,31095.9,,97793.12,-0.05,464.61
2023-07-14 09:00:00+00:00,long,sell - direction_change,31095.9,31240.5,98198.97,0.42,465.02
2023-07-14 09:00:00+00:00,short,buy,31240.5,,98149.87,-0.05,464.97
2023-07-14 11:00:00+00:00,short,sell - direction_change,31240.5,31172.9,98313.18,0.17,465.14
2023-07-14 11:00:00+00:00,long,buy,31172.9,,98264.02,-0.05,465.09
2023-07-14 12:00:00+00:00,long,sell - direction_change,31172.9,31206.4,98320.49,0.06,465.14
2023-07-14 12:00:00+00:00,short,buy,31206.4,,98271.33,-0.05,465.09
2023-07-14 13:00:00+00:00,short,sell - direction_change,31206.4,31122.6,98486.09,0.22,465.31
2023-07-14 13:00:00+00:00,long,buy,31122.6,,98436.84,-0.05,465.26
2023-07-14 16:00:00+00:00,long,sell - direction_change,31122.6,31236.6,98748.19,0.32,465.58
2023-07-14 16:00:00+00:00,short,buy,31236.6,,98698.82,-0.05,465.53
2023-07-14 18:30:00+00:00,short,sell - take_profit,31236.6,30299.501999999997,101610.43,2.95,468.48
2023-07-14 19:00:00+00:00,long,buy,30074.6,,101559.63,-0.05,468.43
2023-07-14 21:00:00+00:00,long,sell - direction_change,30074.6,30170.4,101832.36,0.27,468.7
2023-07-14 21:00:00+00:00,short,buy,30170.4,,101781.44,-0.05,468.65
2023-07-15 01:00:00+00:00,short,sell - direction_change,30170.4,30315.0,101242.73,-0.53,468.12
2023-07-15 01:00:00+00:00,long,buy,30315.0,,101192.11,-0.05,468.07
2023-07-15 02:00:00+00:00,long,sell - direction_change,30315.0,30323.0,101168.22,-0.02,468.05
2023-07-15 02:00:00+00:00,short,buy,30323.0,,101117.64,-0.05,468.0
2023-07-15 04:00:00+00:00,short,sell - direction_change,30323.0,30276.0,101223.81,0.1,468.1
2023-07-15 04:00:00+00:00,long,buy,30276.0,,101173.2,-0.05,468.05
2023-07-15 05:00:00+00:00,long,sell - direction_change,30276.0,30283.0,101146.0,-0.03,468.02
2023-07-15 05:00:00+00:00,short,buy,30283.0,,101095.43,-0.05,467.97
2023-07-15 06:00:00+00:00,short,sell - direction_change,30283.0,30279.0,101058.23,-0.04,467.94
2023-07-15 06:00:00+00:00,long,buy,30279.0,,101007.71,-0.05,467.89
2023-07-15 07:00:00+00:00,long,sell - direction_change,30279.0,30299.8,101026.59,0.02,467.91
2023-07-15 07:00:00+00:00,short,buy,30299.8,,100976.08,-0.05,467.86
2023-07-15 09:00:00+00:00,short,sell - direction_change,30299.8,30301.5,100919.92,-0.06,467.8
2023-07-15 09:00:00+00:00,long,buy,30301.5,,100869.46,-0.05,467.75
2023-07-15 10:00:00+00:00,long,sell - direction_change,30301.5,30334.6,100929.21,0.06,467.81
2023-07-15 10:00:00+00:00,short,buy,30334.6,,100878.75,-0.05,467.76
2023-07-15 12:00:00+00:00,short,sell - direction_change,30334.6,30298.5,100948.36,0.07,467.83
2023-07-15 12:00:00+00:00,long,buy,30298.5,,100897.89,-0.05,467.78
2023-07-15 13:00:00+00:00,long,sell - direction_change,30298.5,30334.3,100966.66,0.07,467.85
2023-07-15 13:00:00+00:00,short,buy,30334.3,,100916.17,-0.05,467.8
2023-07-15 18:00:00+00:00,short,sell - direction_change,30334.3,30271.7,101073.97,0.16,467.95
2023-07-15 18:00:00+00:00,long,buy,30271.7,,101023.44,-0.05,467.9
2023-07-15 20:00:00+00:00,long,sell - direction_change,30271.7,30309.7,101099.74,0.08,467.98
2023-07-15 20:00:00+00:00,short,buy,30309.7,,101049.19,-0.05,467.93
2023-07-15 23:00:00+00:00,short,sell - direction_change,30309.7,30272.4,101123.02,0.07,468.0
2023-07-15 23:00:00+00:00,long,buy,30272.4,,101072.46,-0.05,467.95
2023-07-16 01:00:00+00:00,long,sell - direction_change,30272.4,30289.9,101080.35,0.01,467.96
2023-07-16 01:00:00+00:00,short,buy,30289.9,,101029.81,-0.05,467.91
2023-07-16 08:00:00+00:00,short,sell - direction_change,30289.9,30253.0,101102.37,0.07,467.98
2023-07-16 08:00:00+00:00,long,buy,30253.0,,101051.82,-0.05,467.93
2023-07-16 10:00:00+00:00,long,sell - direction_change,30253.0,30289.9,101124.55,0.07,468.0
2023-07-16 10:00:00+00:00,short,buy,30289.9,,101073.99,-0.05,467.95
2023-07-16 11:00:00+00:00,short,sell - direction_change,30289.9,30273.5,101078.17,0.0,467.96
2023-07-16 11:00:00+00:00,long,buy,30273.5,,101027.63,-0.05,467.91
2023-07-16 18:00:00+00:00,long,sell - direction_change,30273.5,30365.5,101284.14,0.25,468.16
2023-07-16 18:00:00+00:00,short,buy,30365.5,,101233.5,-0.05,468.11
2023-07-16 22:00:00+00:00,short,sell - direction_change,30365.5,30274.9,101484.93,0.25,468.36
2023-07-16 22:00:00+00:00,long,buy,30274.9,,101434.18,-0.05,468.31
2023-07-16 23:00:00+00:00,long,sell - direction_change,30274.9,30309.5,101499.39,0.06,468.37
2023-07-16 23:00:00+00:00,short,buy,30309.5,,101448.64,-0.05,468.32
2023-07-17 01:00:00+00:00,short,sell - direction_change,30309.5,30200.5,101762.75,0.31,468.63
2023-07-17 01:00:00+00:00,long,buy,30200.5,,101711.87,-0.05,468.58
2023-07-17 02:00:00+00:00,long,sell - direction_change,30200.5,30276.8,101917.98,0.2,468.79
2023-07-17 02:00:00+00:00,short,buy,30276.8,,101867.02,-0.05,468.74
2023-07-17 03:00:00+00:00,short,sell - direction_change,30276.8,30249.5,101907.94,0.04,468.78
2023-07-17 03:00:00+00:00,long,buy,30249.5,,101856.99,-0.05,468.73
2023-07-17 04:00:00+00:00,long,sell - direction_change,30249.5,30295.9,101962.3,0.1,468.83
2023-07-17 04:00:00+00:00,short,buy,30295.9,,101911.32,-0.05,468.78
2023-07-17 06:00:00+00:00,short,sell - direction_change,30295.9,30250.5,102013.08,0.1,468.88
2023-07-17 06:00:00+00:00,long,buy,30250.5,,101962.07,-0.05,468.83
2023-07-17 07:00:00+00:00,long,sell - direction_change,30250.5,30259.8,101942.44,-0.02,468.81
2023-07-17 07:00:00+00:00,short,buy,30259.8,,101891.47,-0.05,468.76
2023-07-17 21:00:00+00:00,short,sell - direction_change,30259.8,29907.1,103028.14,1.12,469.88
2023-07-17 21:00:00+00:00,long,buy,29907.1,,102976.63,-0.05,469.83
2023-07-17 22:00:00+00:00,long,sell - direction_change,29907.1,30229.9,104036.61,1.03,470.85
2023-07-17 22:00:00+00:00,short,buy,30229.9,,103984.59,-0.05,470.8
2023-07-18 00:00:00+00:00,short,sell - direction_change,30229.9,30126.0,104289.99,0.29,471.1
2023-07-18 00:00:00+00:00,long,buy,30126.0,,104237.85,-0.05,471.05
2023-07-18 02:00:00+00:00,long,sell - direction_change,30126.0,30198.4,104436.24,0.19,471.24
2023-07-18 02:00:00+00:00,short,buy,30198.4,,104384.02,-0.05,471.19
2023-07-18 04:00:00+00:00,short,sell - direction_change,30198.4,30063.8,104797.09,0.4,471.58
2023-07-18 04:00:00+00:00,long,buy,30063.8,,104744.69,-0.05,471.53
2023-07-18 05:00:00+00:00,long,sell - direction_change,30063.8,30110.4,104854.68,0.11,471.64
2023-07-18 05:00:00+00:00,short,buy,30110.4,,104802.25,-0.05,471.59
2023-07-18 22:00:00+00:00,short,sell - direction_change,30110.4,29794.0,105851.11,1.0,472.59
2023-07-18 22:00:00+00:00,long,buy,29794.0,,105798.18,-0.05,472.54
2023-07-19 12:00:00+00:00,long,sell - direction_change,29794.0,30004.7,106493.48,0.66,473.2
2023-07-19 12:00:00+00:00,short,buy,30004.7,,106440.23,-0.05,473.15
2023-07-19 13:00:00+00:00,short,sell - direction_change,30004.7,29939.3,106619.01,0.17,473.32
2023-07-19 13:00:00+00:00,long,buy,29939.3,,106565.7,-0.05,473.27
2023-07-19 14:00:00+00:00,long,sell - direction_change,29939.3,29984.4,106672.95,0.1,473.37
2023-07-19 14:00:00+00:00,short,buy,29984.4,,106619.61,-0.05,473.32
2023-07-19 17:00:00+00:00,short,sell - direction_change,29984.4,29891.9,106895.22,0.26,473.57
2023-07-19 17:00:00+00:00,long,buy,29891.9,,106841.77,-0.05,473.52
2023-07-19 20:00:00+00:00,long,sell - direction_change,29891.9,30032.4,107290.54,0.42,473.94
2023-07-19 20:00:00+00:00,short,buy,30032.4,,107236.89,-0.05,473.89
2023-07-20 00:00:00+00:00,short,sell - direction_change,30032.4,29895.5,107672.1,0.41,474.3
2023-07-20 00:00:00+00:00,long,buy,29895.5,,107618.27,-0.05,474.25
2023-07-20 03:00:00+00:00,long,sell - direction_change,29895.5,29969.1,107829.4,0.2,474.45
2023-07-20 03:00:00+00:00,short,buy,29969.1,,107775.49,-0.05,474.4
2023-07-20 05:00:00+00:00,short,sell - direction_change,29969.1,29948.4,107796.04,0.02,474.42
2023-07-20 05:00:00+00:00,long,buy,29948.4,,107742.14,-0.05,474.37
2023-07-20 14:00:00+00:00,long,sell - direction_change,29948.4,30215.9,108650.63,0.84,475.21
2023-07-20 14:00:00+00:00,short,buy,30215.9,,108596.3,-0.05,475.16
2023-07-21 01:00:00+00:00,short,sell - direction_change,30215.9,29772.2,110136.67,1.42,476.58
2023-07-21 01:00:00+00:00,long,buy,29772.2,,110081.6,-0.05,476.53
2023-07-21 04:00:00+00:00,long,sell - direction_change,29772.2,29884.3,110441.05,0.33,476.85
2023-07-21 04:00:00+00:00,short,buy,29884.3,,110385.82,-0.05,476.8
2023-07-21 10:00:00+00:00,short,sell - direction_change,29884.3,29745.7,110842.59,0.41,477.22
2023-07-21 10:00:00+00:00,long,buy,29745.7,,110787.17,-0.05,477.17
2023-07-21 11:00:00+00:00,long,sell - direction_change,29745.7,29785.4,110879.64,0.08,477.25
2023-07-21 11:00:00+00:00,short,buy,29785.4,,110824.2,-0.05,477.2
2023-07-21 14:00:00+00:00,short,sell - direction_change,29785.4,29799.4,110716.69,-0.1,477.1
2023-07-21 14:00:00+00:00,long,buy,29799.4,,110661.33,-0.05,477.05
2023-07-21 16:00:00+00:00,long,sell - direction_change,29799.4,29852.0,110801.34,0.13,477.18
2023-07-21 16:00:00+00:00,short,buy,29852.0,,110745.94,-0.05,477.13
2023-07-21 17:00:00+00:00,short,sell - direction_change,29852.0,29811.8,110839.7,0.08,477.22
2023-07-21 17:00:00+00:00,long,buy,29811.8,,110784.28,-0.05,477.17
2023-07-22 04:00:00+00:00,long,sell - direction_change,29811.8,29886.7,111007.22,0.2,477.37
2023-07-22 04:00:00+00:00,short,buy,29886.7,,110951.72,-0.05,477.32
2023-07-22 06:00:00+00:00,short,sell - direction_change,29886.7,29853.3,111020.24,0.06,477.38
2023-07-22 06:00:00+00:00,long,buy,29853.3,,110964.73,-0.05,477.33
2023-07-22 10:00:00+00:00,long,sell - direction_change,29853.3,29921.0,111160.89,0.18,477.51
2023-07-22 10:00:00+00:00,short,buy,29921.0,,111105.31,-0.05,477.46
2023-07-22 15:00:00+00:00,short,sell - direction_change,29921.0,29869.6,111240.62,0.12,477.58
2023-07-22 15:00:00+00:00,long,buy,29869.6,,111185.0,-0.05,477.53
2023-07-22 17:00:00+00:00,long,sell - direction_change,29869.6,29888.1,111198.27,0.01,477.54
2023-07-22 17:00:00+00:00,short,buy,29888.1,,111142.67,-0.05,477.49
2023-07-23 02:00:00+00:00,short,sell - direction_change,29888.1,29817.2,111350.75,0.19,477.68
2023-07-23 02:00:00+00:00,long,buy,29817.2,,111295.07,-0.05,477.63
2023-07-23 03:00:00+00:00,long,sell - direction_change,29817.2,29874.2,111452.18,0.14,477.77
2023-07-23 03:00:00+00:00,short,buy,29874.2,,111396.46,-0.05,477.72
2023-07-23 04:00:00+00:00,short,sell - direction_change,29874.2,29832.5,111496.25,0.09,477.81
2023-07-23 04:00:00+00:00,long,buy,29832.5,,111440.5,-0.05,477.76
2023-07-24 01:00:00+00:00,long,sell - direction_change,29832.5,30000.9,112013.85,0.51,478.27
2023-07-24 01:00:00+00:00,short,buy,30000.9,,111957.84,-0.05,478.22
2023-07-24 09:50:00+00:00,short,sell - take_profit,30000.9,29100.873,115260.6,2.95,481.17
2023-07-24 10:00:00+00:00,short,buy,29162.0,,115202.97,-0.05,481.12
2023-07-24 23:00:00+00:00,short,sell - direction_change,29162.0,29152.3,115183.68,-0.02,481.1
2023-07-24 23:00:00+00:00,long,buy,29152.3,,115126.09,-0.05,481.05
2023-07-25 00:00:00+00:00,long,sell - direction_change,29152.3,29163.8,115113.94,-0.01,481.04
2023-07-25 00:00:00+00:00,short,buy,29163.8,,115056.39,-0.05,480.99
2023-07-25 02:00:00+00:00,short,sell - direction_change,29163.8,29070.1,115368.52,0.27,481.27
2023-07-25 02:00:00+00:00,long,buy,29070.1,,115310.84,-0.05,481.22
2023-07-25 04:00:00+00:00,long,sell - direction_change,29070.1,29099.6,115370.2,0.05,481.27
2023-07-25 04:00:00+00:00,short,buy,29099.6,,115312.51,-0.05,481.22
2023-07-25 05:00:00+00:00,short,sell - direction_change,29099.6,29080.0,115332.53,0.02,481.23
2023-07-25 05:00:00+00:00,long,buy,29080.0,,115274.86,-0.05,481.18
2023-07-25 06:00:00+00:00,long,sell - direction_change,29080.0,29110.7,115338.92,0.06,481.24
2023-07-25 06:00:00+00:00,short,buy,29110.7,,115281.25,-0.05,481.19
2023-07-25 08:00:00+00:00,short,sell - direction_change,29110.7,29132.3,115138.07,-0.12,481.07
2023-07-25 08:00:00+00:00,long,buy,29132.3,,115080.5,-0.05,481.02
2023-07-25 09:00:00+00:00,long,sell - direction_change,29132.3,29177.0,115199.54,0.1,481.12
2023-07-25 09:00:00+00:00,short,buy,29177.0,,115141.94,-0.05,481.07
2023-07-25 10:00:00+00:00,short,sell - direction_change,29177.0,29154.0,115175.13,0.03,481.1
2023-07-25 10:00:00+00:00,long,buy,29154.0,,115117.55,-0.05,481.05
2023-07-25 11:00:00+00:00,long,sell - direction_change,29154.0,29151.7,115050.91,-0.06,480.99
2023-07-25 11:00:00+00:00,short,buy,29151.7,,114993.38,-0.05,480.94
2023-07-25 13:00:00+00:00,short,sell - direction_change,29151.7,29108.8,115105.11,0.1,481.04
2023-07-25 13:00:00+00:00,long,buy,29108.8,,115047.56,-0.05,480.99
2023-07-26 00:00:00+00:00,long,sell - direction_change,29108.8,29216.2,115414.51,0.32,481.31
2023-07-26 00:00:00+00:00,short,buy,29216.2,,115356.81,-0.05,481.26
2023-07-26 02:00:00+00:00,short,sell - direction_change,29216.2,29121.1,115674.62,0.28,481.53
2023-07-26 02:00:00+00:00,long,buy,29121.1,,115616.78,-0.05,481.48
2023-07-26 04:00:00+00:00,long,sell - direction_change,29121.1,29228.1,115983.78,0.32,481.8
2023-07-26 04:00:00+00:00,short,buy,29228.1,,115925.79,-0.05,481.75
2023-07-26 05:00:00+00:00,short,sell - direction_change,29228.1,29185.9,116035.21,0.09,481.84
2023-07-26 05:00:00+00:00,long,buy,29185.9,,115977.19,-0.05,481.79
2023-07-26 06:00:00+00:00,long,sell - direction_change,29185.9,29260.7,116216.44,0.21,482.0
2023-07-26 06:00:00+00:00,short,buy,29260.7,,116158.33,-0.05,481.95
2023-07-26 07:00:00+00:00,short,sell - direction_change,29260.7,29198.6,116346.77,0.16,482.11
2023-07-26 07:00:00+00:00,long,buy,29198.6,,116288.6,-0.05,482.06
2023-07-26 09:00:00+00:00,long,sell - direction_change,29198.6,29207.0,116263.91,-0.02,482.04
2023-07-26 09:00:00+00:00,short,buy,29207.0,,116205.78,-0.05,481.99
2023-07-26 10:00:00+00:00,short,sell - direction_change,29207.0,29179.0,116259.08,0.05,482.04
2023-07-26 10:00:00+00:00,long,buy,29179.0,,116200.95,-0.05,481.99
2023-07-26 11:00:00+00:00,long,sell - direction_change,29179.0,29180.1,116147.23,-0.05,481.94
2023-07-26 11:00:00+00:00,short,buy,29180.1,,116089.15,-0.05,481.89
2023-07-26 12:00:00+00:00,short,sell - direction_change,29180.1,29163.9,116095.56,0.01,481.9
2023-07-26 12:00:00+00:00,long,buy,29163.9,,116037.51,-0.05,481.85
2023-07-27 06:00:00+00:00,long,sell - direction_change,29163.9,29446.0,117101.91,0.92,482.76
2023-07-27 06:00:00+00:00,short,buy,29446.0,,117043.36,-0.05,482.71
2023-07-27 07:00:00+00:00,short,sell - direction_change,29446.0,29368.5,117292.89,0.21,482.93
2023-07-27 07:00:00+00:00,long,buy,29368.5,,117234.24,-0.05,482.88
2023-07-27 14:00:00+00:00,long,sell - direction_change,29368.5,29430.5,117423.12,0.16,483.04
2023-07-27 14:00:00+00:00,short,buy,29430.5,,117364.41,-0.05,482.99
2023-07-28 03:00:00+00:00,short,sell - direction_change,29430.5,29217.3,118155.94,0.67,483.66
2023-07-28 03:00:00+00:00,long,buy,29217.3,,118096.86,-0.05,483.61
2023-07-28 05:00:00+00:00,long,sell - direction_change,29217.3,29249.4,118167.56,0.06,483.67
2023-07-28 05:00:00+00:00,short,buy,29249.4,,118108.48,-0.05,483.62
2023-07-28 06:00:00+00:00,short,sell - direction_change,29249.4,29172.0,118361.96,0.21,483.84
2023-07-28 06:00:00+00:00,long,buy,29172.0,,118302.78,-0.05,483.79
2023-07-28 07:00:00+00:00,long,sell - direction_change,29172.0,29175.5,118257.82,-0.04,483.75
2023-07-28 07:00:00+00:00,short,buy,29175.5,,118198.69,-0.05,483.7
2023-07-28 12:00:00+00:00,short,sell - direction_change,29175.5,29195.4,118058.97,-0.12,483.58
2023-07-28 12:00:00+00:00,long,buy,29195.4,,117999.94,-0.05,483.53
2023-07-28 17:00:00+00:00,long,sell - direction_change,29195.4,29346.9,118553.27,0.47,484.0
2023-07-28 17:00:00+00:00,short,buy,29346.9,,118493.99,-0.05,483.95
2023-07-28 18:00:00+00:00,short,sell - direction_change,29346.9,29245.3,118844.97,0.3,484.25
2023-07-28 18:00:00+00:00,long,buy,29245.3,,118785.55,-0.05,484.2
2023-07-28 22:00:00+00:00,long,sell - direction_change,29245.3,29297.4,118937.77,0.13,484.32
2023-07-28 22:00:00+00:00,short,buy,29297.4,,118878.3,-0.05,484.27
2023-07-28 23:00:00+00:00,short,sell - direction_change,29297.4,29282.8,118878.11,-0.0,484.27
2023-07-28 23:00:00+00:00,long,buy,29282.8,,118818.67,-0.05,484.22
2023-07-29 07:00:00+00:00,long,sell - direction_change,29282.8,29336.6,118977.56,0.13,484.36
2023-07-29 07:00:00+00:00,short,buy,29336.6,,118918.07,-0.05,484.31
2023-07-29 08:00:00+00:00,short,sell - direction_change,29336.6,29283.0,119075.88,0.13,484.44
2023-07-29 08:00:00+00:00,long,buy,29283.0,,119016.34,-0.05,484.39
2023-07-29 09:00:00+00:00,long,sell - direction_change,29283.0,29287.4,118974.72,-0.03,484.35
2023-07-29 09:00:00+00:00,short,buy,29287.4,,118915.23,-0.05,484.3
2023-07-29 17:00:00+00:00,short,sell - direction_change,29287.4,29296.3,118819.64,-0.08,484.22
2023-07-29 17:00:00+00:00,long,buy,29296.3,,118760.23,-0.05,484.17
2023-07-29 18:00:00+00:00,long,sell - direction_change,29296.3,29310.5,118758.41,-0.0,484.17
2023-07-29 18:00:00+00:00,short,buy,29310.5,,118699.03,-0.05,484.12
2023-07-29 19:00:00+00:00,short,sell - direction_change,29310.5,29297.1,118693.95,-0.0,484.12
2023-07-29 19:00:00+00:00,long,buy,29297.1,,118634.6,-0.05,484.07
2023-07-30 02:00:00+00:00,long,sell - direction_change,29297.1,29313.0,118639.67,0.0,484.07
2023-07-30 02:00:00+00:00,short,buy,29313.0,,118580.35,-0.05,484.02
2023-07-30 04:00:00+00:00,short,sell - direction_change,29313.0,29300.1,118573.24,-0.01,484.02
2023-07-30 04:00:00+00:00,long,buy,29300.1,,118513.96,-0.05,483.97
2023-07-30 05:00:00+00:00,long,sell - direction_change,29300.1,29309.6,118493.12,-0.02,483.95
2023-07-30 05:00:00+00:00,short,buy,29309.6,,118433.88,-0.05,483.9
2023-07-30 11:00:00+00:00,short,sell - direction_change,29309.6,29269.6,118536.29,0.09,483.99
2023-07-30 11:00:00+00:00,long,buy,29269.6,,118477.02,-0.05,483.94
2023-07-30 13:00:00+00:00,long,sell - direction_change,29269.6,29307.3,118570.39,0.08,484.01
2023-07-30 13:00:00+00:00,short,buy,29307.3,,118511.1,-0.05,483.96
2023-07-30 14:00:00+00:00,short,sell - direction_change,29307.3,29273.4,118588.93,0.07,484.03
2023-07-30 14:00:00+00:00,long,buy,29273.4,,118529.64,-0.05,483.98
2023-07-30 19:00:00+00:00,long,sell - direction_change,29273.4,29342.2,118748.95,0.19,484.17
2023-07-30 19:00:00+00:00,short,buy,29342.2,,118689.57,-0.05,484.12
2023-07-31 00:00:00+00:00,short,sell - direction_change,29342.2,29271.2,118917.42,0.19,484.31
2023-07-31 00:00:00+00:00,long,buy,29271.2,,118857.96,-0.05,484.26
2023-07-31 13:00:00+00:00,long,sell - direction_change,29271.2,29456.9,119552.58,0.58,484.84
2023-07-31 13:00:00+00:00,short,buy,29456.9,,119492.81,-0.05,484.79
2023-08-01 15:00:00+00:00,short,sell - direction_change,29456.9,28816.4,122031.27,2.12,486.92
2023-08-01 15:00:00+00:00,long,buy,28816.4,,121970.25,-0.05,486.87
2023-08-01 16:00:00+00:00,long,sell - direction_change,28816.4,28943.0,122445.12,0.39,487.26
2023-08-01 16:00:00+00:00,short,buy,28943.0,,122383.9,-0.05,487.21
2023-08-01 17:00:00+00:00,short,sell - direction_change,28943.0,28922.2,122410.66,0.02,487.23
2023-08-01 17:00:00+00:00,long,buy,28922.2,,122349.46,-0.05,487.18
2023-08-02 00:05:00+00:00,long,sell - take_profit,28922.2,29789.866,125958.76,2.95,490.13
2023-08-02 01:00:00+00:00,long,buy,29816.7,,125895.78,-0.05,490.08
2023-08-02 08:11:00+00:00,long,sell - stop_loss,29816.7,29518.533,124573.88,-1.05,489.03
2023-08-02 09:00:00+00:00,short,buy,29481.5,,124511.59,-0.05,488.98
2023-08-02 10:00:00+00:00,short,sell - direction_change,29481.5,29443.0,124611.94,0.08,489.06
2023-08-02 10:00:00+00:00,long,buy,29443.0,,124549.63,-0.05,489.01
2023-08-02 12:00:00+00:00,long,sell - direction_change,29443.0,29552.8,124951.83,0.32,489.33
2023-08-02 12:00:00+00:00,short,buy,29552.8,,124889.36,-0.05,489.28
2023-08-03 03:00:00+00:00,short,sell - direction_change,29552.8,29160.5,126484.76,1.28,490.56
2023-08-03 03:00:00+00:00,long,buy,29160.5,,126421.52,-0.05,490.51
2023-08-03 04:00:00+00:00,long,sell - direction_change,29160.5,29170.1,126399.93,-0.02,490.49
2023-08-03 04:00:00+00:00,short,buy,29170.1,,126336.73,-0.05,490.44
2023-08-03 10:00:00+00:00,short,sell - direction_change,29170.1,29141.0,126399.59,0.05,490.49
2023-08-03 10:00:00+00:00,long,buy,29141.0,,126336.39,-0.05,490.44
2023-08-03 11:00:00+00:00,long,sell - direction_change,29141.0,29161.8,126363.4,0.02,490.46
2023-08-03 11:00:00+00:00,short,buy,29161.8,,126300.22,-0.05,490.41
2023-08-03 13:00:00+00:00,short,sell - direction_change,29161.8,29097.2,126516.85,0.17,490.58
2023-08-03 13:00:00+00:00,long,buy,29097.2,,126453.59,-0.05,490.53
2023-08-03 22:00:00+00:00,long,sell - direction_change,29097.2,29244.6,127030.95,0.46,490.99
2023-08-03 22:00:00+00:00,short,buy,29244.6,,126967.44,-0.05,490.94
2023-08-04 05:00:00+00:00,short,sell - direction_change,29244.6,29199.4,127100.19,0.1,491.04
2023-08-04 05:00:00+00:00,long,buy,29199.4,,127036.64,-0.05,490.99
2023-08-04 06:00:00+00:00,long,sell - direction_change,29199.4,29225.0,127084.5,0.04,491.03
2023-08-04 06:00:00+00:00,short,buy,29225.0,,127020.96,-0.05,490.98
2023-08-04 09:00:00+00:00,short,sell - direction_change,29225.0,29172.0,127187.8,0.13,491.11
2023-08-04 09:00:00+00:00,long,buy,29172.0,,127124.21,-0.05,491.06
2023-08-04 10:00:00+00:00,long,sell - direction_change,29172.0,29190.9,127143.01,0.01,491.08
2023-08-04 10:00:00+00:00,short,buy,29190.9,,127079.43,-0.05,491.03
2023-08-04 12:00:00+00:00,short,sell - direction_change,29190.9,29157.2,127162.6,0.07,491.09
2023-08-04 12:00:00+00:00,long,buy,29157.2,,127099.02,-0.05,491.04
2023-08-04 17:00:00+00:00,long,sell - direction_change,29157.2,29251.6,127446.97,0.27,491.32
2023-08-04 17:00:00+00:00,short,buy,29251.6,,127383.25,-0.05,491.27
2023-08-05 05:00:00+00:00,short,sell - direction_change,29251.6,29045.0,128219.25,0.66,491.92
2023-08-05 05:00:00+00:00,long,buy,29045.0,,128155.14,-0.05,491.87
2023-08-05 06:00:00+00:00,long,sell - direction_change,29045.0,29086.9,128275.94,0.09,491.97
2023-08-05 06:00:00+00:00,short,buy,29086.9,,128211.8,-0.05,491.92
2023-08-05 08:00:00+00:00,short,sell - direction_change,29086.9,29037.9,128363.68,0.12,492.04
2023-08-05 08:00:00+00:00,long,buy,29037.9,,128299.5,-0.05,491.99
2023-08-05 09:00:00+00:00,long,sell - direction_change,29037.9,29077.0,128408.1,0.08,492.07
2023-08-05 09:00:00+00:00,short,buy,29077.0,,128343.9,-0.05,492.02
2023-08-05 14:00:00+00:00,short,sell - direction_change,29077.0,29016.5,128546.77,0.16,492.18
2023-08-05 14:00:00+00:00,long,buy,29016.5,,128482.5,-0.05,492.13
2023-08-05 15:00:00+00:00,long,sell - direction_change,29016.5,29059.0,128606.44,0.1,492.23
2023-08-05 15:00:00+00:00,short,buy,29059.0,,128542.14,-0.05,492.18
2023-08-05 17:00:00+00:00,short,sell - direction_change,29059.0,29021.8,128642.42,0.08,492.25
2023-08-05 17:00:00+00:00,long,buy,29021.8,,128578.1,-0.05,492.2
2023-08-05 20:00:00+00:00,long,sell - direction_change,29021.8,29056.9,128669.32,0.07,492.27
2023-08-05 20:00:00+00:00,short,buy,29056.9,,128604.98,-0.05,492.22
2023-08-05 21:00:00+00:00,short,sell - direction_change,29056.9,29044.0,128597.78,-0.01,492.22
2023-08-05 21:00:00+00:00,long,buy,29044.0,,128533.48,-0.05,492.17
2023-08-05 23:00:00+00:00,long,sell - direction_change,29044.0,29078.5,128621.89,0.07,492.24
2023-08-05 23:00:00+00:00,short,buy,29078.5,,128557.58,-0.05,492.19
2023-08-06 02:00:00+00:00,short,sell - direction_change,29078.5,29026.3,128724.08,0.13,492.32
2023-08-06 02:00:00+00:00,long,buy,29026.3,,128659.72,-0.05,492.27
2023-08-06 03:00:00+00:00,long,sell - direction_change,29026.3,29059.9,128744.32,0.07,492.33
2023-08-06 03:00:00+00:00,short,buy,29059.9,,128679.95,-0.05,492.28
2023-08-06 04:00:00+00:00,short,sell - direction_change,29059.9,29053.5,128643.95,-0.03,492.26
2023-08-06 04:00:00+00:00,long,buy,29053.5,,128579.63,-0.05,492.21
2023-08-06 10:00:00+00:00,long,sell - direction_change,29053.5,29072.4,128598.98,0.02,492.22
2023-08-06 10:00:00+00:00,short,buy,29072.4,,128534.68,-0.05,492.17
2023-08-06 11:00:00+00:00,short,sell - direction_change,29072.4,29058.0,128534.08,-0.0,492.17
2023-08-06 11:00:00+00:00,long,buy,29058.0,,128469.81,-0.05,492.12
2023-08-06 12:00:00+00:00,long,sell - direction_change,29058.0,29067.0,128445.37,-0.02,492.1
2023-08-06 12:00:00+00:00,short,buy,29067.0,,128381.14,-0.05,492.05
2023-08-06 16:00:00+00:00,short,sell - direction_change,29067.0,29001.1,128608.02,0.18,492.23
2023-08-06 16:00:00+00:00,long,buy,29001.1,,128543.71,-0.05,492.18
2023-08-07 00:00:00+00:00,long,sell - direction_change,29001.1,29075.9,128810.98,0.21,492.39
2023-08-07 00:00:00+00:00,short,buy,29075.9,,128746.58,-0.05,492.34
2023-08-07 01:00:00+00:00,short,sell - direction_change,29075.9,29046.5,128812.38,0.05,492.39
2023-08-07 01:00:00+00:00,long,buy,29046.5,,128747.98,-0.05,492.34
2023-08-07 06:00:00+00:00,long,sell - direction_change,29046.5,29115.5,128989.45,0.19,492.52
2023-08-07 06:00:00+00:00,short,buy,29115.5,,128924.95,-0.05,492.47
2023-08-07 07:00:00+00:00,short,sell - direction_change,29115.5,29041.3,129189.05,0.2,492.68
2023-08-07 07:00:00+00:00,long,buy,29041.3,,129124.45,-0.05,492.63
2023-08-07 08:00:00+00:00,long,sell - direction_change,29041.3,29084.7,129252.86,0.1,492.73
2023-08-07 08:00:00+00:00,short,buy,29084.7,,129188.23,-0.05,492.68
2023-08-07 09:00:00+00:00,short,sell - direction_change,29084.7,29050.1,129277.32,0.07,492.75
2023-08-07 09:00:00+00:00,long,buy,29050.1,,129212.69,-0.05,492.7
2023-08-07 11:00:00+00:00,long,sell - direction_change,29050.1,29134.6,129523.93,0.24,492.94
2023-08-07 11:00:00+00:00,short,buy,29134.6,,129459.17,-0.05,492.89
2023-08-07 18:00:00+00:00,short,sell - direction_change,29134.6,28965.2,130147.16,0.53,493.42
2023-08-07 18:00:00+00:00,long,buy,28965.2,,130082.09,-0.05,493.37
2023-08-08 07:00:00+00:00,long,sell - direction_change,28965.2,29211.0,131120.93,0.8,494.17
2023-08-08 07:00:00+00:00,short,buy,29211.0,,131055.37,-0.05,494.12
2023-08-08 10:00:00+00:00,short,sell - direction_change,29211.0,29191.3,131078.23,0.02,494.14
2023-08-08 10:00:00+00:00,long,buy,29191.3,,131012.69,-0.05,494.09
2023-08-08 21:20:00+00:00,long,sell - take_profit,29191.3,30067.039,134877.56,2.95,497.04
2023-08-08 22:00:00+00:00,long,buy,29848.2,,134810.12,-0.05,496.99
2023-08-09 02:00:00+00:00,long,sell - direction_change,29848.2,29840.9,134709.75,-0.07,496.91
2023-08-09 02:00:00+00:00,short,buy,29840.9,,134642.39,-0.05,496.86
2023-08-09 03:00:00+00:00,short,sell - direction_change,29840.9,29680.2,135300.15,0.49,497.35
2023-08-09 03:00:00+00:00,long,buy,29680.2,,135232.5,-0.05,497.3
2023-08-09 14:00:00+00:00,long,sell - direction_change,29680.2,29867.6,136018.74,0.58,497.88
2023-08-09 14:00:00+00:00,short,buy,29867.6,,135950.73,-0.05,497.83
2023-08-09 15:00:00+00:00,short,sell - direction_change,29867.6,29744.9,136441.26,0.36,498.19
2023-08-09 15:00:00+00:00,long,buy,29744.9,,136373.04,-0.05,498.14
2023-08-09 16:00:00+00:00,long,sell - direction_change,29744.9,29749.3,136325.03,-0.04,498.11
2023-08-09 16:00:00+00:00,short,buy,29749.3,,136256.86,-0.05,498.06
2023-08-10 03:00:00+00:00,short,sell - direction_change,29749.3,29565.2,137031.94,0.57,498.63
2023-08-10 03:00:00+00:00,long,buy,29565.2,,136963.43,-0.05,498.58
2023-08-10 04:00:00+00:00,long,sell - direction_change,29565.2,29568.9,136912.09,-0.04,498.54
2023-08-10 04:00:00+00:00,short,buy,29568.9,,136843.63,-0.05,498.49
2023-08-10 13:00:00+00:00,short,sell - direction_change,29568.9,29552.2,136852.5,0.01,498.49
2023-08-10 13:00:00+00:00,long,buy,29552.2,,136784.07,-0.05,498.44
2023-08-10 14:00:00+00:00,long,sell - direction_change,29552.2,29669.8,137260.0,0.35,498.79
2023-08-10 14:00:00+00:00,short,buy,29669.8,,137191.37,-0.05,498.74
2023-08-11 05:00:00+00:00,short,sell - direction_change,29669.8,29405.2,138346.26,0.84,499.58
2023-08-11 05:00:00+00:00,long,buy,29405.2,,138277.09,-0.05,499.53
2023-08-11 07:00:00+00:00,long,sell - direction_change,29405.2,29451.1,138423.8,0.11,499.64
2023-08-11 07:00:00+00:00,short,buy,29451.1,,138354.58,-0.05,499.59
2023-08-11 13:00:00+00:00,short,sell - direction_change,29451.1,29417.0,138445.6,0.07,499.66
2023-08-11 13:00:00+00:00,long,buy,29417.0,,138376.38,-0.05,499.61
2023-08-11 15:00:00+00:00,long,sell - direction_change,29417.0,29481.0,138608.24,0.17,499.77
2023-08-11 15:00:00+00:00,short,buy,29481.0,,138538.94,-0.05,499.72
2023-08-11 19:00:00+00:00,short,sell - direction_change,29481.0,29361.9,139029.35,0.35,500.08
2023-08-11 19:00:00+00:00,long,buy,29361.9,,138959.84,-0.05,500.03
2023-08-11 21:00:00+00:00,long,sell - direction_change,29361.9,29407.3,139105.22,0.1,500.13
2023-08-11 21:00:00+00:00,short,buy,29407.3,,139035.67,-0.05,500.08
2023-08-11 22:00:00+00:00,short,sell - direction_change,29407.3,29401.6,138993.1,-0.03,500.05
2023-08-11 22:00:00+00:00,long,buy,29401.6,,138923.6,-0.05,500.0
2023-08-11 23:00:00+00:00,long,sell - direction_change,29401.6,29420.1,138941.55,0.01,500.01
2023-08-11 23:00:00+00:00,short,buy,29420.1,,138872.08,-0.05,499.96
2023-08-12 00:00:00+00:00,short,sell - direction_change,29420.1,29415.5,138824.36,-0.03,499.93
2023-08-12 00:00:00+00:00,long,buy,29415.5,,138754.95,-0.05,499.88
2023-08-12 01:00:00+00:00,long,sell - direction_change,29415.5,29445.0,138824.72,0.05,499.93
2023-08-12 01:00:00+00:00,short,buy,29445.0,,138755.31,-0.05,499.88
2023-08-12 04:00:00+00:00,short,sell - direction_change,29445.0,29388.0,138954.54,0.14,500.02
2023-08-12 04:00:00+00:00,long,buy,29388.0,,138885.06,-0.05,499.97
2023-08-12 05:00:00+00:00,long,sell - direction_change,29388.0,29404.9,138895.49,0.01,499.98
2023-08-12 05:00:00+00:00,short,buy,29404.9,,138826.04,-0.05,499.93
2023-08-12 06:00:00+00:00,short,sell - direction_change,29404.9,29393.2,138811.86,-0.01,499.92
2023-08-12 06:00:00+00:00,long,buy,29393.2,,138742.46,-0.05,499.87
2023-08-12 08:00:00+00:00,long,sell - direction_change,29393.2,29410.2,138753.33,0.01,499.88
2023-08-12 08:00:00+00:00,short,buy,29410.2,,138683.95,-0.05,499.83
2023-08-12 09:00:00+00:00,short,sell - direction_change,29410.2,29382.9,138743.35,0.04,499.87
2023-08-12 09:00:00+00:00,long,buy,29382.9,,138673.97,-0.05,499.82
2023-08-12 13:00:00+00:00,long,sell - direction_change,29382.9,29414.5,138753.77,0.06,499.88
2023-08-12 13:00:00+00:00,short,buy,29414.5,,138684.4,-0.05,499.83
2023-08-12 14:00:00+00:00,short,sell - direction_change,29414.5,29396.4,138700.39,0.01,499.84
2023-08-12 14:00:00+00:00,long,buy,29396.4,,138631.04,-0.05,499.79
2023-08-12 19:00:00+00:00,long,sell - direction_change,29396.4,29417.9,138663.12,0.02,499.81
2023-08-12 19:00:00+00:00,short,buy,29417.9,,138593.79,-0.05,499.76
2023-08-12 20:00:00+00:00,short,sell - direction_change,29417.9,29407.6,138573.02,-0.01,499.75
2023-08-12 20:00:00+00:00,long,buy,29407.6,,138503.73,-0.05,499.7
2023-08-13 03:00:00+00:00,long,sell - direction_change,29407.6,29434.5,138561.17,0.04,499.74
2023-08-13 03:00:00+00:00,short,buy,29434.5,,138491.89,-0.05,499.69
2023-08-13 17:00:00+00:00,short,sell - direction_change,29434.5,29345.0,138843.75,0.25,499.95
2023-08-13 17:00:00+00:00,long,buy,29345.0,,138774.33,-0.05,499.9
2023-08-13 21:00:00+00:00,long,sell - direction_change,29345.0,29411.9,139021.32,0.18,500.07
2023-08-13 21:00:00+00:00,short,buy,29411.9,,138951.81,-0.05,500.02
2023-08-14 03:00:00+00:00,short,sell - direction_change,29411.9,29310.0,139363.74,0.3,500.32
2023-08-14 03:00:00+00:00,long,buy,29310.0,,139294.06,-0.05,500.27
2023-08-14 12:00:00+00:00,long,sell - direction_change,29310.0,29399.8,139651.18,0.26,500.53
2023-08-14 12:00:00+00:00,short,buy,29399.8,,139581.35,-0.05,500.48
2023-08-14 13:00:00+00:00,short,sell - direction_change,29399.8,29372.1,139643.07,0.04,500.52
2023-08-14 13:00:00+00:00,long,buy,29372.1,,139573.25,-0.05,500.47
2023-08-14 18:00:00+00:00,long,sell - direction_change,29372.1,29475.3,139993.86,0.3,500.77
2023-08-14 18:00:00+00:00,short,buy,29475.3,,139923.87,-0.05,500.72
2023-08-14 22:00:00+00:00,short,sell - direction_change,29475.3,29390.3,140257.41,0.24,500.96
2023-08-14 22:00:00+00:00,long,buy,29390.3,,140187.28,-0.05,500.91
2023-08-15 01:00:00+00:00,long,sell - direction_change,29390.3,29424.0,140277.93,0.06,500.97
2023-08-15 01:00:00+00:00,short,buy,29424.0,,140207.79,-0.05,500.92
2023-08-15 14:00:00+00:00,short,sell - direction_change,29424.0,29359.2,140446.47,0.17,501.09
2023-08-15 14:00:00+00:00,long,buy,29359.2,,140376.24,-0.05,501.04
2023-08-15 15:00:00+00:00,long,sell - direction_change,29359.2,29442.5,140704.34,0.23,501.28
2023-08-15 15:00:00+00:00,short,buy,29442.5,,140633.99,-0.05,501.23
2023-08-17 00:38:00+00:00,short,sell - take_profit,29442.5,28559.225,144782.69,2.95,504.18
2023-08-17 01:00:00+00:00,short,buy,28566.6,,144710.3,-0.05,504.13
2023-08-17 11:00:00+00:00,short,sell - direction_change,28566.6,28532.3,144811.7,0.07,504.2
2023-08-17 11:00:00+00:00,long,buy,28532.3,,144739.29,-0.05,504.15
2023-08-17 12:00:00+00:00,long,sell - direction_change,28532.3,28540.0,144705.99,-0.02,504.13
2023-08-17 12:00:00+00:00,short,buy,28540.0,,144633.63,-0.05,504.08
2023-08-17 19:00:00+00:00,short,sell - direction_change,28540.0,27875.0,147931.37,2.28,506.36
2023-08-17 19:00:00+00:00,long,buy,27875.0,,147857.41,-0.05,506.31
2023-08-17 20:00:00+00:00,long,sell - direction_change,27875.0,27889.4,147859.86,0.0,506.31
2023-08-17 20:00:00+00:00,short,buy,27889.4,,147785.93,-0.05,506.26
2023-08-17 21:42:00+00:00,short,sell - take_profit,27889.4,27052.718,152145.61,2.95,509.21
2023-08-17 22:00:00+00:00,short,buy,26250.0,,152069.54,-0.05,509.16
2023-08-17 22:01:00+00:00,short,sell - stop_loss,26250.0,26512.5,150472.81,-1.05,508.11
2023-08-17 23:00:00+00:00,short,buy,26790.0,,150397.57,-0.05,508.06
2023-08-18 00:00:00+00:00,short,sell - direction_change,26790.0,26609.7,151334.57,0.62,508.68
2023-08-18 00:00:00+00:00,long,buy,26609.7,,151258.9,-0.05,508.63
2023-08-18 01:00:00+00:00,long,sell - direction_change,26609.7,26723.3,151829.01,0.38,509.01
2023-08-18 01:00:00+00:00,short,buy,26723.3,,151753.1,-0.05,508.96
2023-08-18 05:00:00+00:00,short,sell - direction_change,26723.3,26256.5,154328.03,1.7,510.65
2023-08-18 05:00:00+00:00,long,buy,26256.5,,154250.87,-0.05,510.6
2023-08-18 09:00:00+00:00,long,sell - direction_change,26256.5,26577.0,156056.61,1.17,511.77
2023-08-18 09:00:00+00:00,short,buy,26577.0,,155978.58,-0.05,511.72
2023-08-18 16:58:00+00:00,short,sell - take_profit,26577.0,25779.69,160579.95,2.95,514.67
2023-08-18 17:00:00+00:00,short,buy,25889.5,,160499.66,-0.05,514.62
2023-08-18 18:37:00+00:00,short,sell - stop_loss,25889.5,26148.395,158814.41,-1.05,513.57
2023-08-18 19:00:00+00:00,short,buy,26110.6,,158735.0,-0.05,513.52
2023-08-18 20:00:00+00:00,short,sell - direction_change,26110.6,26053.4,159003.37,0.17,513.69
2023-08-18 20:00:00+00:00,long,buy,26053.4,,158923.87,-0.05,513.64
2023-08-18 21:00:00+00:00,long,sell - direction_change,26053.4,26072.6,158961.53,0.02,513.67
2023-08-18 21:00:00+00:00,short,buy,26072.6,,158882.05,-0.05,513.62
2023-08-18 22:00:00+00:00,short,sell - direction_change,26072.6,26050.2,158939.11,0.04,513.65
2023-08-18 22:00:00+00:00,long,buy,26050.2,,158859.64,-0.05,513.6
2023-08-18 23:00:00+00:00,long,sell - direction_change,26050.2,26055.1,158810.09,-0.03,513.57
2023-08-18 23:00:00+00:00,short,buy,26055.1,,158730.68,-0.05,513.52
2023-08-19 00:00:00+00:00,short,sell - direction_change,26055.1,26042.0,158731.13,0.0,513.52
2023-08-19 00:00:00+00:00,long,buy,26042.0,,158651.76,-0.05,513.47
2023-08-19 01:00:00+00:00,long,sell - direction_change,26042.0,26087.2,158847.8,0.12,513.6
2023-08-19 01:00:00+00:00,short,buy,26087.2,,158768.38,-0.05,513.55
2023-08-19 02:00:00+00:00,short,sell - direction_change,26087.2,26001.1,159213.0,0.28,513.83
2023-08-19 02:00:00+00:00,long,buy,26001.1,,159133.4,-0.05,513.78
2023-08-19 03:00:00+00:00,long,sell - direction_change,26001.1,25987.3,158969.37,-0.1,513.67
2023-08-19 03:00:00+00:00,short,buy,25987.3,,158889.88,-0.05,513.62
2023-08-19 15:00:00+00:00,short,sell - direction_change,25987.3,25961.9,158965.74,0.05,513.67
2023-08-19 15:00:00+00:00,long,buy,25961.9,,158886.26,-0.05,513.62
2023-08-20 01:00:00+00:00,long,sell - direction_change,25961.9,26168.9,160073.65,0.75,514.37
2023-08-20 01:00:00+00:00,short,buy,26168.9,,159993.61,-0.05,514.32
2023-08-20 03:00:00+00:00,short,sell - direction_change,26168.9,26081.7,160446.74,0.28,514.6
2023-08-20 03:00:00+00:00,long,buy,26081.7,,160366.52,-0.05,514.55
2023-08-20 05:00:00+00:00,long,sell - direction_change,26081.7,26104.9,160428.99,0.04,514.59
2023-08-20 05:00:00+00:00,short,buy,26104.9,,160348.77,-0.05,514.54
2023-08-20 06:00:00+00:00,short,sell - direction_change,26104.9,26075.1,160451.64,0.06,514.6
2023-08-20 06:00:00+00:00,long,buy,26075.1,,160371.42,-0.05,514.55
2023-08-20 14:00:00+00:00,long,sell - direction_change,26075.1,26127.0,160610.44,0.15,514.7
2023-08-20 14:00:00+00:00,short,buy,26127.0,,160530.13,-0.05,514.65
2023-08-20 15:00:00+00:00,short,sell - direction_change,26127.0,26050.0,160922.97,0.24,514.9
2023-08-20 15:00:00+00:00,long,buy,26050.0,,160842.51,-0.05,514.85
2023-08-20 16:00:00+00:00,long,sell - direction_change,26050.0,26095.0,161039.93,0.12,514.97
2023-08-20 16:00:00+00:00,short,buy,26095.0,,160959.41,-0.05,514.92
2023-08-20 17:00:00+00:00,short,sell - direction_change,26095.0,26035.9,161243.48,0.18,515.1
2023-08-20 17:00:00+00:00,long,buy,26035.9,,161162.85,-0.05,515.05
2023-08-21 02:00:00+00:00,long,sell - direction_change,26035.9,26131.8,161675.9,0.32,515.37
2023-08-21 02:00:00+00:00,short,buy,26131.8,,161595.06,-0.05,515.32
2023-08-21 13:00:00+00:00,short,sell - direction_change,26131.8,25988.1,162402.88,0.5,515.82
2023-08-21 13:00:00+00:00,long,buy,25988.1,,162321.68,-0.05,515.77
2023-08-21 15:00:00+00:00,long,sell - direction_change,25988.1,26094.0,162901.97,0.36,516.12
2023-08-21 15:00:00+00:00,short,buy,26094.0,,162820.52,-0.05,516.07
2023-08-21 17:00:00+00:00,short,sell - direction_change,26094.0,26002.1,163312.54,0.3,516.38
2023-08-21 17:00:00+00:00,long,buy,26002.1,,163230.89,-0.05,516.33
2023-08-21 18:00:00+00:00,long,sell - direction_change,26002.1,26039.1,163381.54,0.09,516.42
2023-08-21 18:00:00+00:00,short,buy,26039.1,,163299.85,-0.05,516.37
2023-08-21 19:00:00+00:00,short,sell - direction_change,26039.1,26021.0,163331.71,0.02,516.39
2023-08-21 19:00:00+00:00,long,buy,26021.0,,163250.05,-0.05,516.34
2023-08-21 23:00:00+00:00,long,sell - direction_change,26021.0,26118.4,163779.49,0.32,516.66
2023-08-21 23:00:00+00:00,short,buy,26118.4,,163697.6,-0.05,516.61
2023-08-22 02:00:00+00:00,short,sell - direction_change,26118.4,26035.6,164134.7,0.27,516.88
2023-08-22 02:00:00+00:00,long,buy,26035.6,,164052.63,-0.05,516.83
2023-08-22 03:00:00+00:00,long,sell - direction_change,26035.6,26052.1,164074.57,0.01,516.84
2023-08-22 03:00:00+00:00,short,buy,26052.1,,163992.54,-0.05,516.79
2023-08-22 07:00:00+00:00,short,sell - direction_change,26052.1,26058.0,163873.4,-0.07,516.72
2023-08-22 07:00:00+00:00,long,buy,26058.0,,163791.46,-0.05,516.67
2023-08-22 08:00:00+00:00,long,sell - direction_change,26058.0,26091.7,163921.4,0.08,516.75
2023-08-22 08:00:00+00:00,short,buy,26091.7,,163839.43,-0.05,516.7
2023-08-22 21:27:00+00:00,short,sell - take_profit,26091.7,25308.949,168672.7,2.95,519.65
2023-08-22 22:00:00+00:00,short,buy,25652.4,,168588.36,-0.05,519.6
2023-08-22 23:00:00+00:00,short,sell - direction_change,25652.4,25797.5,167550.47,-0.62,518.98
2023-08-22 23:00:00+00:00,long,buy,25797.5,,167466.69,-0.05,518.93
2023-08-23 10:00:00+00:00,long,sell - direction_change,25797.5,26030.0,168892.25,0.85,519.78
2023-08-23 10:00:00+00:00,short,buy,26030.0,,168807.8,-0.05,519.73
2023-08-23 13:00:00+00:00,short,sell - direction_change,26030.0,25832.6,170003.56,0.71,520.44
2023-08-23 13:00:00+00:00,long,buy,25832.6,,169918.56,-0.05,520.39
2023-08-23 19:40:00+00:00,long,sell - take_profit,25832.6,26607.577999999998,174931.16,2.95,523.34
2023-08-23 20:00:00+00:00,long,buy,26615.2,,174843.69,-0.05,523.29
2023-08-23 21:47:00+00:00,long,sell - stop_loss,26615.2,26349.048,173007.84,-1.05,522.24
2023-08-23 22:00:00+00:00,long,buy,26306.3,,172921.33,-0.05,522.19
2023-08-24 13:00:00+00:00,long,sell - direction_change,26306.3,26377.5,173302.9,0.22,522.41
2023-08-24 13:00:00+00:00,short,buy,26377.5,,173216.24,-0.05,522.36
2023-08-25 01:00:00+00:00,short,sell - direction_change,26377.5,26129.1,174760.83,0.89,523.25
2023-08-25 01:00:00+00:00,long,buy,26129.1,,174673.45,-0.05,523.2
2023-08-25 02:00:00+00:00,long,sell - direction_change,26129.1,26137.7,174643.61,-0.02,523.19
2023-08-25 02:00:00+00:00,short,buy,26137.7,,174556.29,-0.05,523.14
2023-08-25 05:00:00+00:00,short,sell - direction_change,26137.7,26013.8,175296.45,0.42,523.56
2023-08-25 05:00:00+00:00,long,buy,26013.8,,175208.81,-0.05,523.51
2023-08-25 06:00:00+00:00,long,sell - direction_change,26013.8,26045.0,175331.34,0.07,523.58
2023-08-25 06:00:00+00:00,short,buy,26045.0,,175243.67,-0.05,523.53
2023-08-25 21:00:00+00:00,short,sell - direction_change,26045.0,26045.9,175150.0,-0.05,523.48
2023-08-25 21:00:00+00:00,long,buy,26045.9,,175062.42,-0.05,523.43
2023-08-25 22:00:00+00:00,long,sell - direction_change,26045.9,26068.4,175126.12,0.04,523.46
2023-08-25 22:00:00+00:00,short,buy,26068.4,,175038.56,-0.05,523.41
2023-08-25 23:00:00+00:00,short,sell - direction_change,26068.4,26043.6,175117.56,0.05,523.46
2023-08-25 23:00:00+00:00,long,buy,26043.6,,175030.0,-0.05,523.41
2023-08-26 00:00:00+00:00,long,sell - direction_change,26043.6,26051.7,174996.92,-0.02,523.39
2023-08-26 00:00:00+00:00,short,buy,26051.7,,174909.42,-0.05,523.34
2023-08-26 01:00:00+00:00,short,sell - direction_change,26051.7,26030.0,174967.66,0.03,523.37
2023-08-26 01:00:00+00:00,long,buy,26030.0,,174880.18,-0.05,523.32
2023-08-26 07:00:00+00:00,long,sell - direction_change,26030.0,26066.8,175039.98,0.09,523.42
2023-08-26 07:00:00+00:00,short,buy,26066.8,,174952.46,-0.05,523.37
2023-08-26 11:00:00+00:00,short,sell - direction_change,26066.8,26023.9,175152.91,0.11,523.48
2023-08-26 11:00:00+00:00,long,buy,26023.9,,175065.34,-0.05,523.43
2023-08-26 12:00:00+00:00,long,sell - direction_change,26023.9,26036.0,175059.2,-0.0,523.43
2023-08-26 12:00:00+00:00,short,buy,26036.0,,174971.67,-0.05,523.38
2023-08-26 13:00:00+00:00,short,sell - direction_change,26036.0,26016.4,175015.9,0.03,523.4
2023-08-26 13:00:00+00:00,long,buy,26016.4,,174928.4,-0.05,523.35
2023-08-26 16:00:00+00:00,long,sell - direction_change,26016.4,26040.2,175000.96,0.04,523.39
2023-08-26 16:00:00+00:00,short,buy,26040.2,,174913.46,-0.05,523.34
2023-08-26 19:00:00+00:00,short,sell - direction_change,26040.2,26010.2,175027.51,0.07,523.41
2023-08-26 19:00:00+00:00,long,buy,26010.2,,174940.0,-0.05,523.36
2023-08-26 20:00:00+00:00,long,sell - direction_change,26010.2,26023.1,174939.29,-0.0,523.36
2023-08-26 20:00:00+00:00,short,buy,26023.1,,174851.82,-0.05,523.31
2023-08-27 04:00:00+00:00,short,sell - direction_change,26023.1,26009.7,174854.43,0.0,523.31
2023-08-27 04:00:00+00:00,long,buy,26009.7,,174767.0,-0.05,523.26
2023-08-27 21:00:00+00:00,long,sell - direction_change,26009.7,26083.2,175173.49,0.23,523.49
2023-08-27 21:00:00+00:00,short,buy,26083.2,,175085.9,-0.05,523.44
2023-08-27 22:00:00+00:00,short,sell - direction_change,26083.2,26058.6,175163.49,0.04,523.49
2023-08-27 22:00:00+00:00,long,buy,26058.6,,175075.91,-0.05,523.44
2023-08-28 00:00:00+00:00,long,sell - direction_change,26058.6,26087.6,175183.21,0.06,523.5
2023-08-28 00:00:00+00:00,short,buy,26087.6,,175095.62,-0.05,523.45
2023-08-28 12:00:00+00:00,short,sell - direction_change,26087.6,25992.8,175644.35,0.31,523.76
2023-08-28 12:00:00+00:00,long,buy,25992.8,,175556.53,-0.05,523.71
2023-08-28 19:00:00+00:00,long,sell - direction_change,25992.8,26134.4,176425.12,0.49,524.21
2023-08-28 19:00:00+00:00,short,buy,26134.4,,176336.91,-0.05,524.16
2023-08-28 22:00:00+00:00,short,sell - direction_change,26134.4,25966.9,177378.92,0.59,524.75
2023-08-28 22:00:00+00:00,long,buy,25966.9,,177290.23,-0.05,524.7
2023-08-29 04:00:00+00:00,long,sell - direction_change,25966.9,26068.4,177894.58,0.34,525.04
2023-08-29 04:00:00+00:00,short,buy,26068.4,,177805.63,-0.05,524.99
2023-08-29 05:00:00+00:00,short,sell - direction_change,26068.4,26046.0,177869.51,0.04,525.02
2023-08-29 05:00:00+00:00,long,buy,26046.0,,177780.58,-0.05,524.97
2023-08-29 06:00:00+00:00,long,sell - direction_change,26046.0,26050.5,177722.4,-0.03,524.94
2023-08-29 06:00:00+00:00,short,buy,26050.5,,177633.54,-0.05,524.89
2023-08-29 12:00:00+00:00,short,sell - direction_change,26050.5,25962.2,178146.83,0.29,525.18
2023-08-29 12:00:00+00:00,long,buy,25962.2,,178057.75,-0.05,525.13
2023-08-29 14:21:00+00:00,long,sell - take_profit,25962.2,26741.066000000003,183310.46,2.95,528.08
2023-08-29 15:00:00+00:00,long,buy,27484.8,,183218.8,-0.05,528.03
2023-08-30 11:00:00+00:00,long,sell - direction_change,27484.8,27421.8,182707.22,-0.28,527.75
2023-08-30 11:00:00+00:00,short,buy,27421.8,,182615.87,-0.05,527.7
2023-08-30 12:00:00+00:00,short,sell - direction_change,27421.8,27323.4,183179.86,0.31,528.01
2023-08-30 12:00:00+00:00,long,buy,27323.4,,183088.27,-0.05,527.96
2023-08-30 14:00:00+00:00,long,sell - direction_change,27323.4,27363.7,183266.76,0.1,528.06
2023-08-30 14:00:00+00:00,short,buy,27363.7,,183175.13,-0.05,528.01
2023-08-31 06:00:00+00:00,short,sell - direction_change,27363.7,27237.6,183927.67,0.41,528.42
2023-08-31 06:00:00+00:00,long,buy,27237.6,,183835.7,-0.05,528.37
2023-08-31 08:00:00+00:00,long,sell - direction_change,27237.6,27249.2,183822.08,-0.01,528.36
2023-08-31 08:00:00+00:00,short,buy,27249.2,,183730.17,-0.05,528.31
2023-08-31 11:00:00+00:00,short,sell - direction_change,27249.2,27190.3,184035.44,0.17,528.48
2023-08-31 11:00:00+00:00,long,buy,27190.3,,183943.42,-0.05,528.43
2023-08-31 12:00:00+00:00,long,sell - direction_change,27190.3,27291.8,184538.1,0.32,528.75
2023-08-31 12:00:00+00:00,short,buy,27291.8,,184445.83,-0.05,528.7
2023-08-31 16:37:00+00:00,short,sell - take_profit,27291.8,26473.046,189886.99,2.95,531.65
2023-08-31 17:00:00+00:00,short,buy,26223.3,,189792.04,-0.05,531.6
2023-08-31 21:00:00+00:00,short,sell - direction_change,26223.3,26007.4,191259.73,0.77,532.37
2023-08-31 21:00:00+00:00,long,buy,26007.4,,191164.1,-0.05,532.32
2023-08-31 21:07:00+00:00,long,sell - stop_loss,26007.4,25747.326,189156.88,-1.05,531.27
2023-08-31 22:00:00+00:00,long,buy,26013.0,,189062.3,-0.05,531.22
2023-08-31 23:00:00+00:00,long,sell - direction_change,26013.0,26042.8,189184.35,0.06,531.29
2023-08-31 23:00:00+00:00,short,buy,26042.8,,189089.76,-0.05,531.24
2023-09-01 09:00:00+00:00,short,sell - direction_change,26042.8,25972.0,189509.28,0.22,531.46
2023-09-01 09:00:00+00:00,long,buy,25972.0,,189414.52,-0.05,531.41
2023-09-01 10:00:00+00:00,long,sell - direction_change,25972.0,26020.4,189672.8,0.14,531.55
2023-09-01 10:00:00+00:00,short,buy,26020.4,,189577.96,-0.05,531.5
2023-09-01 11:00:00+00:00,short,sell - direction_change,26020.4,25987.2,189725.06,0.08,531.57
2023-09-01 11:00:00+00:00,long,buy,25987.2,,189630.2,-0.05,531.52
2023-09-01 13:00:00+00:00,long,sell - direction_change,25987.2,26050.5,189997.29,0.19,531.72
2023-09-01 13:00:00+00:00,short,buy,26050.5,,189902.29,-0.05,531.67
2023-09-01 21:00:00+00:00,short,sell - direction_change,26050.5,25763.5,191899.5,1.05,532.72
2023-09-01 21:00:00+00:00,long,buy,25763.5,,191803.55,-0.05,532.67
2023-09-01 22:00:00+00:00,long,sell - direction_change,25763.5,25792.1,191920.57,0.06,532.73
2023-09-01 22:00:00+00:00,short,buy,25792.1,,191824.61,-0.05,532.68
2023-09-02 00:00:00+00:00,short,sell - direction_change,25792.1,25795.6,191702.67,-0.06,532.62
2023-09-02 00:00:00+00:00,long,buy,25795.6,,191606.82,-0.05,532.57
2023-09-02 01:00:00+00:00,long,sell - direction_change,25795.6,25777.5,191376.57,-0.12,532.45
2023-09-02 01:00:00+00:00,short,buy,25777.5,,191280.88,-0.05,532.4
2023-09-02 03:00:00+00:00,short,sell - direction_change,25777.5,25749.6,191392.27,0.06,532.45
2023-09-02 03:00:00+00:00,long,buy,25749.6,,191296.57,-0.05,532.4
2023-09-02 04:00:00+00:00,long,sell - direction_change,25749.6,25786.1,191472.09,0.09,532.5
2023-09-02 04:00:00+00:00,short,buy,25786.1,,191376.35,-0.05,532.45
2023-09-02 05:00:00+00:00,short,sell - direction_change,25786.1,25768.5,191411.28,0.02,532.46
2023-09-02 05:00:00+00:00,long,buy,25768.5,,191315.58,-0.05,532.41
2023-09-02 06:00:00+00:00,long,sell - direction_change,25768.5,25808.8,191519.12,0.11,532.52
2023-09-02 06:00:00+00:00,short,buy,25808.8,,191423.36,-0.05,532.47
2023-09-02 09:00:00+00:00,short,sell - direction_change,25808.8,25766.8,191639.17,0.11,532.58
2023-09-02 09:00:00+00:00,long,buy,25766.8,,191543.35,-0.05,532.53
2023-09-03 02:00:00+00:00,long,sell - direction_change,25766.8,25852.8,192086.88,0.28,532.82
2023-09-03 02:00:00+00:00,short,buy,25852.8,,191990.83,-0.05,532.77
2023-09-03 03:00:00+00:00,short,sell - direction_change,25852.8,25847.0,191937.91,-0.03,532.74
2023-09-03 03:00:00+00:00,long,buy,25847.0,,191841.94,-0.05,532.69
2023-09-03 15:00:00+00:00,long,sell - direction_change,25847.0,25914.8,192249.25,0.21,532.9
2023-09-03 15:00:00+00:00,short,buy,25914.8,,192153.12,-0.05,532.85
2023-09-03 17:00:00+00:00,short,sell - direction_change,25914.8,25832.7,192665.8,0.27,533.12
2023-09-03 17:00:00+00:00,long,buy,25832.7,,192569.47,-0.05,533.07
2023-09-03 22:00:00+00:00,long,sell - direction_change,25832.7,25956.0,193392.32,0.43,533.5
2023-09-03 22:00:00+00:00,short,buy,25956.0,,193295.62,-0.05,533.45
2023-09-03 23:00:00+00:00,short,sell - direction_change,25956.0,25938.5,193329.3,0.02,533.46
2023-09-03 23:00:00+00:00,long,buy,25938.5,,193232.63,-0.05,533.41
2023-09-04 00:00:00+00:00,long,sell - direction_change,25938.5,25962.1,193311.83,0.04,533.45
2023-09-04 00:00:00+00:00,short,buy,25962.1,,193215.17,-0.05,533.4
2023-09-04 02:00:00+00:00,short,sell - direction_change,25962.1,25897.7,193597.84,0.2,533.6
2023-09-04 02:00:00+00:00,long,buy,25897.7,,193501.05,-0.05,533.55
2023-09-04 05:00:00+00:00,long,sell - direction_change,25897.7,25969.6,193941.51,0.23,533.78
2023-09-04 05:00:00+00:00,short,buy,25969.6,,193844.54,-0.05,533.73
2023-09-04 06:00:00+00:00,short,sell - direction_change,25969.6,25920.4,194114.86,0.14,533.87
2023-09-04 06:00:00+00:00,long,buy,25920.4,,194017.81,-0.05,533.82
2023-09-04 09:00:00+00:00,long,sell - direction_change,25920.4,25973.8,194320.5,0.16,533.98
2023-09-04 09:00:00+00:00,short,buy,25973.8,,194223.34,-0.05,533.93
2023-09-04 18:00:00+00:00,short,sell - direction_change,25973.8,25894.5,194719.21,0.26,534.18
2023-09-04 18:00:00+00:00,long,buy,25894.5,,194621.85,-0.05,534.13
2023-09-04 19:00:00+00:00,long,sell - direction_change,25894.5,25900.8,194571.89,-0.03,534.11
2023-09-04 19:00:00+00:00,short,buy,25900.8,,194474.6,-0.05,534.06
2023-09-05 04:00:00+00:00,short,sell - direction_change,25900.8,25681.7,196022.47,0.8,534.85
2023-09-05 04:00:00+00:00,long,buy,25681.7,,195924.45,-0.05,534.8
2023-09-05 05:00:00+00:00,long,sell - direction_change,25681.7,25683.6,195840.99,-0.04,534.76
2023-09-05 05:00:00+00:00,short,buy,25683.6,,195743.07,-0.05,534.71
2023-09-05 07:00:00+00:00,short,sell - direction_change,25683.6,25679.8,195674.16,-0.04,534.67
2023-09-05 07:00:00+00:00,long,buy,25679.8,,195576.32,-0.05,534.62
2023-09-05 08:00:00+00:00,long,sell - direction_change,25679.8,25724.7,195820.49,0.12,534.75
2023-09-05 08:00:00+00:00,short,buy,25724.7,,195722.58,-0.05,534.7
2023-09-05 10:00:00+00:00,short,sell - direction_change,25724.7,25740.9,195501.46,-0.11,534.59
2023-09-05 10:00:00+00:00,long,buy,25740.9,,195403.71,-0.05,534.54
2023-09-05 13:00:00+00:00,long,sell - direction_change,25740.9,25809.7,195828.28,0.22,534.75
2023-09-05 13:00:00+00:00,short,buy,25809.7,,195730.37,-0.05,534.7
2023-09-05 15:00:00+00:00,short,sell - direction_change,25809.7,25702.1,196448.5,0.37,535.07
2023-09-05 15:00:00+00:00,long,buy,25702.1,,196350.27,-0.05,535.02
2023-09-05 16:00:00+00:00,long,sell - direction_change,25702.1,25747.9,196601.99,0.13,535.15
2023-09-05 16:00:00+00:00,short,buy,25747.9,,196503.68,-0.05,535.1
2023-09-05 22:00:00+00:00,short,sell - direction_change,25747.9,25720.8,196612.26,0.06,535.15
2023-09-05 22:00:00+00:00,long,buy,25720.8,,196513.95,-0.05,535.1
2023-09-06 04:00:00+00:00,long,sell - direction_change,25720.8,25770.1,196792.36,0.14,535.24
2023-09-06 04:00:00+00:00,short,buy,25770.1,,196693.96,-0.05,535.19
2023-09-06 06:00:00+00:00,short,sell - direction_change,25770.1,25735.6,196858.94,0.08,535.28
2023-09-06 06:00:00+00:00,long,buy,25735.6,,196760.51,-0.05,535.23
2023-09-06 07:00:00+00:00,long,sell - direction_change,25735.6,25765.7,196892.26,0.07,535.3
2023-09-06 07:00:00+00:00,short,buy,25765.7,,196793.81,-0.05,535.25
2023-09-06 17:00:00+00:00,short,sell - direction_change,25765.7,25585.9,198068.7,0.65,535.89
2023-09-06 17:00:00+00:00,long,buy,25585.9,,197969.66,-0.05,535.84
2023-09-06 17:05:00+00:00,long,sell - stop_loss,25585.9,25330.041,195890.98,-1.05,534.79
2023-09-06 18:00:00+00:00,short,buy,25845.6,,195793.04,-0.05,534.74
2023-09-06 21:00:00+00:00,short,sell - direction_change,25845.6,25671.5,197014.03,0.62,535.37
2023-09-06 21:00:00+00:00,long,buy,25671.5,,196915.52,-0.05,535.32
2023-09-07 09:00:00+00:00,long,sell - direction_change,25671.5,25732.4,197284.21,0.19,535.5
2023-09-07 09:00:00+00:00,short,buy,25732.4,,197185.56,-0.05,535.45
2023-09-07 10:00:00+00:00,short,sell - direction_change,25732.4,25725.9,197136.78,-0.02,535.43
2023-09-07 10:00:00+00:00,long,buy,25725.9,,197038.21,-0.05,535.38
2023-09-07 11:00:00+00:00,long,sell - direction_change,25725.9,25741.3,197057.64,0.01,535.39
2023-09-07 11:00:00+00:00,short,buy,25741.3,,196959.11,-0.05,535.34
2023-09-07 14:00:00+00:00,short,sell - direction_change,25741.3,25633.2,197687.76,0.37,535.71
2023-09-07 14:00:00+00:00,long,buy,25633.2,,197588.92,-0.05,535.66
2023-09-07 21:21:00+00:00,long,sell - take_profit,25633.2,26402.196,203417.79,2.95,538.61
2023-09-07 22:00:00+00:00,long,buy,26149.6,,203316.08,-0.05,538.56
2023-09-08 09:00:00+00:00,long,sell - direction_change,26149.6,26184.5,203485.77,0.08,538.64
2023-09-08 09:00:00+00:00,short,buy,26184.5,,203384.03,-0.05,538.59
2023-09-08 13:00:00+00:00,short,sell - direction_change,26184.5,25839.3,205963.63,1.27,539.86
2023-09-08 13:00:00+00:00,long,buy,25839.3,,205860.64,-0.05,539.81
2023-09-08 14:00:00+00:00,long,sell - direction_change,25839.3,25873.3,206028.59,0.08,539.89
2023-09-08 14:00:00+00:00,short,buy,25873.3,,205925.58,-0.05,539.84
2023-09-08 20:00:00+00:00,short,sell - direction_change,25873.3,25883.6,205740.64,-0.09,539.75
2023-09-08 20:00:00+00:00,long,buy,25883.6,,205637.76,-0.05,539.7
2023-09-08 21:00:00+00:00,long,sell - direction_change,25883.6,25893.7,205615.19,-0.01,539.69
2023-09-08 21:00:00+00:00,short,buy,25893.7,,205512.38,-0.05,539.64
2023-09-08 23:00:00+00:00,short,sell - direction_change,25893.7,25890.0,205438.99,-0.04,539.61
2023-09-08 23:00:00+00:00,long,buy,25890.0,,205336.27,-0.05,539.56
2023-09-09 00:00:00+00:00,long,sell - direction_change,25890.0,25899.9,205312.12,-0.01,539.54
2023-09-09 00:00:00+00:00,short,buy,25899.9,,205209.46,-0.05,539.49
2023-09-09 01:00:00+00:00,short,sell - direction_change,25899.9,25846.4,205530.75,0.16,539.65
2023-09-09 01:00:00+00:00,long,buy,25846.4,,205427.98,-0.05,539.6
2023-09-09 03:00:00+00:00,long,sell - direction_change,25846.4,25877.7,205574.04,0.07,539.67
2023-09-09 03:00:00+00:00,short,buy,25877.7,,205471.26,-0.05,539.62
2023-09-09 15:00:00+00:00,short,sell - direction_change,25877.7,25833.3,205721.06,0.12,539.74
2023-09-09 15:00:00+00:00,long,buy,25833.3,,205618.2,-0.05,539.69
2023-09-09 17:00:00+00:00,long,sell - direction_change,25833.3,25883.5,205914.95,0.14,539.84
2023-09-09 17:00:00+00:00,short,buy,25883.5,,205812.0,-0.05,539.79
2023-09-09 19:00:00+00:00,short,sell - direction_change,25883.5,25853.7,205946.04,0.07,539.85
2023-09-09 19:00:00+00:00,long,buy,25853.7,,205843.07,-0.05,539.8
2023-09-09 20:00:00+00:00,long,sell - direction_change,25853.7,25858.0,205774.39,-0.03,539.77
2023-09-09 20:00:00+00:00,short,buy,25858.0,,205671.5,-0.05,539.72
2023-09-09 21:00:00+00:00,short,sell - direction_change,25858.0,25850.4,205629.11,-0.02,539.7
2023-09-09 21:00:00+00:00,long,buy,25850.4,,205526.3,-0.05,539.65
2023-09-10 00:00:00+00:00,long,sell - direction_change,25850.4,25892.6,205759.05,0.11,539.76
2023-09-10 00:00:00+00:00,short,buy,25892.6,,205656.17,-0.05,539.71
2023-09-10 20:00:00+00:00,short,sell - direction_change,25892.6,25786.7,206394.47,0.36,540.07
2023-09-10 20:00:00+00:00,long,buy,25786.7,,206291.27,-0.05,540.02
2023-09-11 00:00:00+00:00,long,sell - direction_change,25786.7,25828.4,206521.72,0.11,540.13
2023-09-11 00:00:00+00:00,short,buy,25828.4,,206418.46,-0.05,540.08
2023-09-11 03:00:00+00:00,short,sell - direction_change,25828.4,25723.6,207152.81,0.36,540.44
2023-09-11 03:00:00+00:00,long,buy,25723.6,,207049.23,-0.05,540.39
2023-09-11 08:00:00+00:00,long,sell - direction_change,25723.6,25801.4,207571.92,0.25,540.64
2023-09-11 08:00:00+00:00,short,buy,25801.4,,207468.13,-0.05,540.59
2023-09-11 14:47:00+00:00,short,sell - take_profit,25801.4,25027.358,213588.44,2.95,543.54
2023-09-11 15:00:00+00:00,short,buy,25138.8,,213481.65,-0.05,543.49
2023-09-11 22:00:00+00:00,short,sell - direction_change,25138.8,25137.8,213383.4,-0.05,543.45
2023-09-11 22:00:00+00:00,long,buy,25137.8,,213276.71,-0.05,543.4
2023-09-11 23:00:00+00:00,long,sell - direction_change,25137.8,25139.7,213186.19,-0.04,543.35
2023-09-11 23:00:00+00:00,short,buy,25139.7,,213079.6,-0.05,543.3
2023-09-12 00:00:00+00:00,short,sell - direction_change,25139.7,25150.4,212882.36,-0.09,543.21
2023-09-12 00:00:00+00:00,long,buy,25150.4,,212775.92,-0.05,543.16
2023-09-12 01:00:00+00:00,long,sell - direction_change,25150.4,25192.9,213029.09,0.12,543.28
2023-09-12 01:00:00+00:00,short,buy,25192.9,,212922.58,-0.05,543.23
2023-09-12 02:00:00+00:00,short,sell - direction_change,25192.9,25130.2,213346.04,0.2,543.43
2023-09-12 02:00:00+00:00,long,buy,25130.2,,213239.36,-0.05,543.38
2023-09-12 03:24:00+00:00,long,sell - take_profit,25130.2,25884.106,219529.93,2.95,546.33
2023-09-12 04:00:00+00:00,long,buy,25788.2,,219420.16,-0.05,546.28
2023-09-12 16:30:00+00:00,long,sell - take_profit,25788.2,26561.846,225893.05,2.95,549.23
2023-09-12 17:00:00+00:00,long,buy,26094.4,,225780.11,-0.05,549.18
2023-09-12 23:00:00+00:00,long,sell - direction_change,26094.4,25957.1,224479.24,-0.58,548.6
2023-09-12 23:00:00+00:00,short,buy,25957.1,,224367.0,-0.05,548.55
2023-09-13 00:00:00+00:00,short,sell - direction_change,25957.1,25825.8,225389.74,0.46,549.01
2023-09-13 00:00:00+00:00,long,buy,25825.8,,225277.05,-0.05,548.96
2023-09-13 05:00:00+00:00,long,sell - direction_change,25825.8,25912.9,225924.18,0.29,549.24
2023-09-13 05:00:00+00:00,short,buy,25912.9,,225811.21,-0.05,549.19
2023-09-13 06:00:00+00:00,short,sell - direction_change,25912.9,25886.4,225929.24,0.05,549.25
2023-09-13 06:00:00+00:00,long,buy,25886.4,,225816.27,-0.05,549.2
2023-09-13 07:00:00+00:00,long,sell - direction_change,25886.4,25945.7,226220.66,0.18,549.38
2023-09-13 07:00:00+00:00,short,buy,25945.7,,226107.55,-0.05,549.33
2023-09-13 09:00:00+00:00,short,sell - direction_change,25945.7,25940.3,226041.55,-0.03,549.3
2023-09-13 09:00:00+00:00,long,buy,25940.3,,225928.53,-0.05,549.25
2023-09-14 13:21:00+00:00,long,sell - take_profit,25940.3,26718.509,232593.42,2.95,552.2
2023-09-14 14:00:00+00:00,long,buy,26570.6,,232477.13,-0.05,552.15
2023-09-15 00:00:00+00:00,long,sell - direction_change,26570.6,26510.3,231833.3,-0.28,551.87
2023-09-15 00:00:00+00:00,short,buy,26510.3,,231717.38,-0.05,551.82
2023-09-15 01:00:00+00:00,short,sell - direction_change,26510.3,26463.1,232014.08,0.13,551.95
2023-09-15 01:00:00+00:00,long,buy,26463.1,,231898.08,-0.05,551.9
2023-09-15 11:00:00+00:00,long,sell - direction_change,26463.1,26625.9,233208.76,0.57,552.46
2023-09-15 11:00:00+00:00,short,buy,26625.9,,233092.15,-0.05,552.41
2023-09-15 18:00:00+00:00,short,sell - direction_change,26625.9,26322.6,235630.8,1.09,553.5
2023-09-15 18:00:00+00:00,long,buy,26322.6,,235512.98,-0.05,553.45
2023-09-15 19:00:00+00:00,long,sell - direction_change,26322.6,26333.6,235493.64,-0.01,553.44
2023-09-15 19:00:00+00:00,short,buy,26333.6,,235375.9,-0.05,553.39
2023-09-15 21:00:00+00:00,short,sell - direction_change,26333.6,26403.1,234637.0,-0.31,553.08
2023-09-15 21:00:00+00:00,long,buy,26403.1,,234519.68,-0.05,553.03
2023-09-16 06:00:00+00:00,long,sell - direction_change,26403.1,26523.2,235469.18,0.4,553.44
2023-09-16 06:00:00+00:00,short,buy,26523.2,,235351.45,-0.05,553.39
2023-09-16 07:00:00+00:00,short,sell - direction_change,26523.2,26475.6,235656.15,0.13,553.51
2023-09-16 07:00:00+00:00,long,buy,26475.6,,235538.32,-0.05,553.46
2023-09-16 08:00:00+00:00,long,sell - direction_change,26475.6,26486.0,235513.07,-0.01,553.45
2023-09-16 08:00:00+00:00,short,buy,26486.0,,235395.32,-0.05,553.4
2023-09-16 10:00:00+00:00,short,sell - direction_change,26486.0,26487.0,235268.73,-0.05,553.35
2023-09-16 10:00:00+00:00,long,buy,26487.0,,235151.1,-0.05,553.3
2023-09-16 14:00:00+00:00,long,sell - direction_change,26487.0,26535.9,235467.66,0.13,553.43
2023-09-16 14:00:00+00:00,short,buy,26535.9,,235349.92,-0.05,553.38
2023-09-16 15:00:00+00:00,short,sell - direction_change,26535.9,26487.6,235660.63,0.13,553.52
2023-09-16 15:00:00+00:00,long,buy,26487.6,,235542.8,-0.05,553.47
2023-09-16 20:00:00+00:00,long,sell - direction_change,26487.6,26524.1,235749.6,0.09,553.55
2023-09-16 20:00:00+00:00,short,buy,26524.1,,235631.73,-0.05,553.5
2023-09-16 21:00:00+00:00,short,sell - direction_change,26524.1,26515.8,235587.65,-0.02,553.49
2023-09-16 21:00:00+00:00,long,buy,26515.8,,235469.85,-0.05,553.44
2023-09-17 00:00:00+00:00,long,sell - direction_change,26515.8,26547.0,235629.18,0.07,553.5
2023-09-17 00:00:00+00:00,short,buy,26547.0,,235511.37,-0.05,553.45
2023-09-17 04:00:00+00:00,short,sell - direction_change,26547.0,26511.1,235712.1,0.09,553.54
2023-09-17 04:00:00+00:00,long,buy,26511.1,,235594.25,-0.05,553.49
2023-09-17 07:00:00+00:00,long,sell - direction_change,26511.1,26534.2,235681.73,0.04,553.53
2023-09-17 07:00:00+00:00,short,buy,26534.2,,235563.89,-0.05,553.48
2023-09-17 08:00:00+00:00,short,sell - direction_change,26534.2,26482.6,235904.2,0.14,553.62
2023-09-17 08:00:00+00:00,long,buy,26482.6,,235786.25,-0.05,553.57
2023-09-17 14:00:00+00:00,long,sell - direction_change,26482.6,26529.5,236085.92,0.13,553.7
2023-09-17 14:00:00+00:00,short,buy,26529.5,,235967.88,-0.05,553.65
2023-09-17 15:00:00+00:00,short,sell - direction_change,26529.5,26526.0,235881.03,-0.04,553.61
2023-09-17 15:00:00+00:00,long,buy,26526.0,,235763.09,-0.05,553.56
2023-09-17 16:00:00+00:00,long,sell - direction_change,26526.0,26536.9,235742.09,-0.01,553.55
2023-09-17 16:00:00+00:00,short,buy,26536.9,,235624.21,-0.05,553.5
2023-09-18 02:00:00+00:00,short,sell - direction_change,26536.9,26449.6,236281.55,0.28,553.78
2023-09-18 02:00:00+00:00,long,buy,26449.6,,236163.41,-0.05,553.73
2023-09-18 12:02:00+00:00,long,sell - take_profit,26449.6,27243.088,243130.23,2.95,556.68
2023-09-18 13:00:00+00:00,long,buy,27354.6,,243008.66,-0.05,556.63
2023-09-18 17:19:00+00:00,long,sell - stop_loss,27354.6,27081.054,240457.07,-1.05,555.58
2023-09-18 18:00:00+00:00,short,buy,26747.8,,240336.84,-0.05,555.53
2023-09-18 19:00:00+00:00,short,sell - direction_change,26747.8,26697.3,240670.43,0.14,555.67
2023-09-18 19:00:00+00:00,long,buy,26697.3,,240550.1,-0.05,555.62
2023-09-18 20:00:00+00:00,long,sell - direction_change,26697.3,26803.2,241384.01,0.35,555.97
2023-09-18 20:00:00+00:00,short,buy,26803.2,,241263.32,-0.05,555.92
2023-09-18 21:00:00+00:00,short,sell - direction_change,26803.2,26757.5,241554.05,0.12,556.04
2023-09-18 21:00:00+00:00,long,buy,26757.5,,241433.27,-0.05,555.99
2023-09-18 23:00:00+00:00,long,sell - direction_change,26757.5,26859.1,242229.29,0.33,556.32
2023-09-18 23:00:00+00:00,short,buy,26859.1,,242108.18,-0.05,556.27
2023-09-19 04:00:00+00:00,short,sell - direction_change,26859.1,26805.1,242473.88,0.15,556.42
2023-09-19 04:00:00+00:00,long,buy,26805.1,,242352.64,-0.05,556.37
2023-09-19 05:00:00+00:00,long,sell - direction_change,26805.1,26848.1,242620.24,0.11,556.48
2023-09-19 05:00:00+00:00,short,buy,26848.1,,242498.93,-0.05,556.43
2023-09-19 06:00:00+00:00,short,sell - direction_change,26848.1,26782.9,242966.58,0.19,556.62
2023-09-19 06:00:00+00:00,long,buy,26782.9,,242845.1,-0.05,556.57
2023-09-19 21:00:00+00:00,long,sell - direction_change,26782.9,27171.5,246247.18,1.4,557.97
2023-09-19 21:00:00+00:00,short,buy,27171.5,,246124.06,-0.05,557.92
2023-09-19 22:00:00+00:00,short,sell - direction_change,27171.5,27145.8,246233.79,0.04,557.97
2023-09-19 22:00:00+00:00,long,buy,27145.8,,246110.67,-0.05,557.92
2023-09-20 03:00:00+00:00,long,sell - direction_change,27145.8,27152.0,246043.83,-0.03,557.89
2023-09-20 03:00:00+00:00,short,buy,27152.0,,245920.81,-0.05,557.84
2023-09-20 07:00:00+00:00,short,sell - direction_change,27152.0,27049.2,246728.93,0.33,558.17
2023-09-20 07:00:00+00:00,long,buy,27049.2,,246605.56,-0.05,558.12
2023-09-20 09:00:00+00:00,long,sell - direction_change,27049.2,27172.3,247604.55,0.41,558.52
2023-09-20 09:00:00+00:00,short,buy,27172.3,,247480.75,-0.05,558.47
2023-09-20 13:00:00+00:00,short,sell - direction_change,27172.3,27056.3,248413.52,0.38,558.85
2023-09-20 13:00:00+00:00,long,buy,27056.3,,248289.31,-0.05,558.8
2023-09-20 14:00:00+00:00,long,sell - direction_change,27056.3,27146.6,248993.83,0.28,559.08
2023-09-20 14:00:00+00:00,short,buy,27146.6,,248869.33,-0.05,559.03
2023-09-20 15:00:00+00:00,short,sell - direction_change,27146.6,27110.0,249080.43,0.08,559.12
2023-09-20 15:00:00+00:00,long,buy,27110.0,,248955.89,-0.05,559.07
2023-09-20 18:00:00+00:00,long,sell - direction_change,27110.0,27184.2,249512.8,0.22,559.29
2023-09-20 18:00:00+00:00,short,buy,27184.2,,249388.05,-0.05,559.24
2023-09-20 20:00:00+00:00,short,sell - direction_change,27184.2,26916.5,251719.24,0.93,560.18
2023-09-20 20:00:00+00:00,long,buy,26916.5,,251593.38,-0.05,560.13
2023-09-20 22:00:00+00:00,long,sell - direction_change,26916.5,27100.4,253186.53,0.63,560.76
2023-09-20 22:00:00+00:00,short,buy,27100.4,,253059.93,-0.05,560.71
2023-09-22 00:00:00+00:00,short,sell - direction_change,27100.4,26552.6,258048.69,1.97,562.68
2023-09-22 00:00:00+00:00,long,buy,26552.6,,257919.66,-0.05,562.63
2023-09-22 02:00:00+00:00,long,sell - direction_change,26552.6,26615.1,258397.8,0.19,562.82
2023-09-22 02:00:00+00:00,short,buy,26615.1,,258268.6,-0.05,562.77
2023-09-22 04:00:00+00:00,short,sell - direction_change,26615.1,26616.9,258122.0,-0.06,562.71
2023-09-22 04:00:00+00:00,long,buy,26616.9,,257992.94,-0.05,562.66
2023-09-22 10:00:00+00:00,long,sell - direction_change,26616.9,26625.8,257950.21,-0.02,562.64
2023-09-22 10:00:00+00:00,short,buy,26625.8,,257821.23,-0.05,562.59
2023-09-22 11:00:00+00:00,short,sell - direction_change,26625.8,26580.6,258130.0,0.12,562.71
2023-09-22 11:00:00+00:00,long,buy,26580.6,,258000.93,-0.05,562.66
2023-09-22 13:00:00+00:00,long,sell - direction_change,26580.6,26574.6,257813.69,-0.07,562.59
2023-09-22 13:00:00+00:00,short,buy,26574.6,,257684.79,-0.05,562.54
2023-09-22 14:00:00+00:00,short,sell - direction_change,26574.6,26598.0,257329.04,-0.14,562.4
2023-09-22 14:00:00+00:00,long,buy,26598.0,,257200.38,-0.05,562.35
2023-09-22 15:00:00+00:00,long,sell - direction_change,26598.0,26666.9,257738.04,0.21,562.56
2023-09-22 15:00:00+00:00,short,buy,26666.9,,257609.17,-0.05,562.51
2023-09-23 00:00:00+00:00,short,sell - direction_change,26666.9,26566.7,258448.32,0.33,562.84
2023-09-23 00:00:00+00:00,long,buy,26566.7,,258319.1,-0.05,562.79
2023-09-23 01:00:00+00:00,long,sell - direction_change,26566.7,26592.2,258437.88,0.05,562.83
2023-09-23 01:00:00+00:00,short,buy,26592.2,,258308.66,-0.05,562.78
2023-09-23 06:00:00+00:00,short,sell - direction_change,26592.2,26529.9,258784.67,0.18,562.97
2023-09-23 06:00:00+00:00,long,buy,26529.9,,258655.28,-0.05,562.92
2023-09-23 08:00:00+00:00,long,sell - direction_change,26529.9,26571.9,258935.44,0.11,563.03
2023-09-23 08:00:00+00:00,short,buy,26571.9,,258805.97,-0.05,562.98
2023-09-23 12:00:00+00:00,short,sell - direction_change,26571.9,26562.5,258768.12,-0.01,562.96
2023-09-23 12:00:00+00:00,long,buy,26562.5,,258638.74,-0.05,562.91
2023-09-23 13:00:00+00:00,long,sell - direction_change,26562.5,26563.8,258522.07,-0.05,562.87
2023-09-23 13:00:00+00:00,short,buy,26563.8,,258392.81,-0.05,562.82
2023-09-23 15:00:00+00:00,short,sell - direction_change,26563.8,26551.9,258379.37,-0.01,562.81
2023-09-23 15:00:00+00:00,long,buy,26551.9,,258250.18,-0.05,562.76
2023-09-23 21:00:00+00:00,long,sell - direction_change,26551.9,26572.6,258322.39,0.03,562.79
2023-09-23 21:00:00+00:00,short,buy,26572.6,,258193.23,-0.05,562.74
2023-09-23 23:00:00+00:00,short,sell - direction_change,26572.6,26549.7,258286.64,0.04,562.78
2023-09-23 23:00:00+00:00,long,buy,26549.7,,258157.5,-0.05,562.73
2023-09-24 00:00:00+00:00,long,sell - direction_change,26549.7,26563.0,258157.74,0.0,562.73
2023-09-24 00:00:00+00:00,short,buy,26563.0,,258028.66,-0.05,562.68
2023-09-24 01:00:00+00:00,short,sell - direction_change,26563.0,26554.1,257986.1,-0.02,562.66
2023-09-24 01:00:00+00:00,long,buy,26554.1,,257857.11,-0.05,562.61
2023-09-24 03:00:00+00:00,long,sell - direction_change,26554.1,26574.8,257929.19,0.03,562.64
2023-09-24 03:00:00+00:00,short,buy,26574.8,,257800.23,-0.05,562.59
2023-09-24 08:00:00+00:00,short,sell - direction_change,26574.8,26552.4,257888.63,0.03,562.62
2023-09-24 08:00:00+00:00,long,buy,26552.4,,257759.68,-0.05,562.57
2023-09-24 15:00:00+00:00,long,sell - direction_change,26552.4,26576.4,257863.78,0.04,562.61
2023-09-24 15:00:00+00:00,short,buy,26576.4,,257734.85,-0.05,562.56
2023-09-24 17:00:00+00:00,short,sell - direction_change,26576.4,26562.5,257740.79,0.0,562.56
2023-09-24 17:00:00+00:00,long,buy,26562.5,,257611.92,-0.05,562.51
2023-09-24 19:00:00+00:00,long,sell - direction_change,26562.5,26580.6,257658.65,0.02,562.53
2023-09-24 19:00:00+00:00,short,buy,26580.6,,257529.82,-0.05,562.48
2023-09-25 13:00:00+00:00,short,sell - direction_change,26580.6,26092.0,262134.92,1.79,564.27
2023-09-25 13:00:00+00:00,long,buy,26092.0,,262003.86,-0.05,564.22
2023-09-25 14:00:00+00:00,long,sell - direction_change,26092.0,26153.0,262485.39,0.18,564.4
2023-09-25 14:00:00+00:00,short,buy,26153.0,,262354.15,-0.05,564.35
2023-09-25 15:00:00+00:00,short,sell - direction_change,26153.0,26123.4,262519.9,0.06,564.42
2023-09-25 15:00:00+00:00,long,buy,26123.4,,262388.64,-0.05,564.37
2023-09-26 05:00:00+00:00,long,sell - direction_change,26123.4,26331.2,264344.63,0.75,565.11
2023-09-26 05:00:00+00:00,short,buy,26331.2,,264212.46,-0.05,565.06
2023-09-26 06:00:00+00:00,short,sell - direction_change,26331.2,26308.1,264312.14,0.04,565.1
2023-09-26 06:00:00+00:00,long,buy,26308.1,,264179.99,-0.05,565.05
2023-09-26 07:00:00+00:00,long,sell - direction_change,26308.1,26279.7,263762.71,-0.16,564.89
2023-09-26 07:00:00+00:00,short,buy,26279.7,,263630.83,-0.05,564.84
2023-09-26 08:00:00+00:00,short,sell - direction_change,26279.7,26256.3,263733.76,0.04,564.88
2023-09-26 08:00:00+00:00,long,buy,26256.3,,263601.89,-0.05,564.83
2023-09-26 10:00:00+00:00,long,sell - direction_change,26256.3,26258.8,263495.19,-0.04,564.79
2023-09-26 10:00:00+00:00,short,buy,26258.8,,263363.44,-0.05,564.74
2023-09-26 23:00:00+00:00,short,sell - direction_change,26258.8,26145.1,264372.12,0.38,565.12
2023-09-26 23:00:00+00:00,long,buy,26145.1,,264239.93,-0.05,565.07
2023-09-27 02:00:00+00:00,long,sell - direction_change,26145.1,26245.1,265118.48,0.33,565.41
2023-09-27 02:00:00+00:00,short,buy,26245.1,,264985.92,-0.05,565.36
2023-09-27 03:00:00+00:00,short,sell - direction_change,26245.1,26216.2,265145.22,0.06,565.42
2023-09-27 03:00:00+00:00,long,buy,26216.2,,265012.64,-0.05,565.37
2023-09-27 14:00:00+00:00,long,sell - direction_change,26216.2,26607.8,268838.72,1.44,566.81
2023-09-27 14:00:00+00:00,short,buy,26607.8,,268704.3,-0.05,566.76
2023-09-27 15:00:00+00:00,short,sell - direction_change,26607.8,26184.0,272849.78,1.54,568.3
2023-09-27 15:00:00+00:00,long,buy,26184.0,,272713.35,-0.05,568.25
2023-09-27 16:00:00+00:00,long,sell - direction_change,26184.0,26293.4,273716.43,0.37,568.62
2023-09-27 16:00:00+00:00,short,buy,26293.4,,273579.57,-0.05,568.57
2023-09-27 22:00:00+00:00,short,sell - direction_change,26293.4,26269.0,273696.66,0.04,568.61
2023-09-27 22:00:00+00:00,long,buy,26269.0,,273559.81,-0.05,568.56
2023-09-28 15:59:00+00:00,long,sell - take_profit,26269.0,27057.07,281629.82,2.95,571.51
2023-09-28 16:00:00+00:00,long,buy,27012.3,,281489.01,-0.05,571.46
2023-09-29 11:00:00+00:00,long,sell - direction_change,27012.3,27012.4,281349.31,-0.05,571.41
2023-09-29 11:00:00+00:00,short,buy,27012.4,,281208.63,-0.05,571.36
2023-09-29 12:00:00+00:00,short,sell - direction_change,27012.4,26958.3,281631.23,0.15,571.51
2023-09-29 12:00:00+00:00,long,buy,26958.3,,281490.41,-0.05,571.46
2023-09-29 13:00:00+00:00,long,sell - direction_change,26958.3,26988.6,281666.05,0.06,571.53
2023-09-29 13:00:00+00:00,short,buy,26988.6,,281525.22,-0.05,571.48
2023-09-29 23:00:00+00:00,short,sell - direction_change,26988.6,26875.1,282568.4,0.37,571.85
2023-09-29 23:00:00+00:00,long,buy,26875.1,,282427.12,-0.05,571.8
2023-09-30 01:00:00+00:00,long,sell - direction_change,26875.1,26922.1,282779.82,0.12,571.92
2023-09-30 01:00:00+00:00,short,buy,26922.1,,282638.43,-0.05,571.87
2023-09-30 02:00:00+00:00,short,sell - direction_change,26922.1,26882.0,282918.1,0.1,571.97
2023-09-30 02:00:00+00:00,long,buy,26882.0,,282776.64,-0.05,571.92
2023-09-30 06:00:00+00:00,long,sell - direction_change,26882.0,26924.2,283079.16,0.11,572.03
2023-09-30 06:00:00+00:00,short,buy,26924.2,,282937.62,-0.05,571.98
2023-09-30 07:00:00+00:00,short,sell - direction_change,26924.2,26912.4,282920.15,-0.01,571.97
2023-09-30 07:00:00+00:00,long,buy,26912.4,,282778.69,-0.05,571.92
2023-09-30 23:00:00+00:00,long,sell - direction_change,26912.4,26996.5,283520.97,0.26,572.18
2023-09-30 23:00:00+00:00,short,buy,26996.5,,283379.21,-0.05,572.13
2023-10-01 00:00:00+00:00,short,sell - direction_change,26996.5,26951.0,283715.13,0.12,572.25
2023-10-01 00:00:00+00:00,long,buy,26951.0,,283573.27,-0.05,572.2
2023-10-01 16:00:00+00:00,long,sell - direction_change,26951.0,27135.8,285375.92,0.64,572.84
2023-10-01 16:00:00+00:00,short,buy,27135.8,,285233.23,-0.05,572.79
2023-10-01 18:00:00+00:00,short,sell - direction_change,27135.8,27061.7,285869.5,0.22,573.01
2023-10-01 18:00:00+00:00,long,buy,27061.7,,285726.57,-0.05,572.96
2023-10-01 22:17:00+00:00,long,sell - take_profit,27061.7,27873.551000000003,294155.5,2.95,575.91
2023-10-01 23:00:00+00:00,long,buy,27989.6,,294008.42,-0.05,575.86
2023-10-02 18:00:00+00:00,long,sell - direction_change,27989.6,28046.1,294454.91,0.15,576.01
2023-10-02 18:00:00+00:00,short,buy,28046.1,,294307.68,-0.05,575.96
2023-10-02 19:00:00+00:00,short,sell - direction_change,28046.1,27789.9,296849.02,0.86,576.83
2023-10-02 19:00:00+00:00,long,buy,27789.9,,296700.59,-0.05,576.78
2023-10-02 20:00:00+00:00,long,sell - direction_change,27789.9,27955.3,298318.14,0.55,577.32
2023-10-02 20:00:00+00:00,short,buy,27955.3,,298168.98,-0.05,577.27
2023-10-03 08:00:00+00:00,short,sell - direction_change,27955.3,27528.0,302577.45,1.48,578.75
2023-10-03 08:00:00+00:00,long,buy,27528.0,,302426.16,-0.05,578.7
2023-10-03 09:00:00+00:00,long,sell - direction_change,27528.0,27584.0,302890.17,0.15,578.85
2023-10-03 09:00:00+00:00,short,buy,27584.0,,302738.72,-0.05,578.8
2023-10-03 10:00:00+00:00,short,sell - direction_change,27584.0,27530.3,303176.72,0.14,578.95
2023-10-03 10:00:00+00:00,long,buy,27530.3,,303025.13,-0.05,578.9
2023-10-03 11:00:00+00:00,long,sell - direction_change,27530.3,27611.6,303768.49,0.25,579.14
2023-10-03 11:00:00+00:00,short,buy,27611.6,,303616.6,-0.05,579.09
2023-10-03 21:00:00+00:00,short,sell - direction_change,27611.6,27384.5,305961.98,0.77,579.87
2023-10-03 21:00:00+00:00,long,buy,27384.5,,305809.0,-0.05,579.82
2023-10-03 22:00:00+00:00,long,sell - direction_change,27384.5,27388.0,305695.18,-0.04,579.78
2023-10-03 22:00:00+00:00,short,buy,27388.0,,305542.33,-0.05,579.73
2023-10-04 02:00:00+00:00,short,sell - direction_change,27388.0,27323.0,306114.71,0.19,579.92
2023-10-04 02:00:00+00:00,long,buy,27323.0,,305961.65,-0.05,579.87
2023-10-04 04:00:00+00:00,long,sell - direction_change,27323.0,27416.3,306853.44,0.29,580.16
2023-10-04 04:00:00+00:00,short,buy,27416.3,,306700.01,-0.05,580.11
2023-10-04 05:00:00+00:00,short,sell - direction_change,27416.3,27378.6,306968.4,0.09,580.2
2023-10-04 05:00:00+00:00,long,buy,27378.6,,306814.92,-0.05,580.15
2023-10-04 13:00:00+00:00,long,sell - direction_change,27378.6,27553.0,308615.9,0.59,580.73
2023-10-04 13:00:00+00:00,short,buy,27553.0,,308461.59,-0.05,580.68
2023-10-04 16:00:00+00:00,short,sell - direction_change,27553.0,27388.3,310151.21,0.55,581.23
2023-10-04 16:00:00+00:00,long,buy,27388.3,,309996.14,-0.05,581.18
2023-10-04 19:00:00+00:00,long,sell - direction_change,27388.3,27613.8,312393.48,0.77,581.95
2023-10-04 19:00:00+00:00,short,buy,27613.8,,312237.28,-0.05,581.9
2023-10-04 20:00:00+00:00,short,sell - direction_change,27613.8,27606.3,312165.97,-0.02,581.88
2023-10-04 20:00:00+00:00,long,buy,27606.3,,312009.88,-0.05,581.83
2023-10-05 07:00:00+00:00,long,sell - direction_change,27606.3,27643.0,312268.67,0.08,581.91
2023-10-05 07:00:00+00:00,short,buy,27643.0,,312112.53,-0.05,581.86
2023-10-05 08:00:00+00:00,short,sell - direction_change,27643.0,27595.4,312493.92,0.12,581.99
2023-10-05 08:00:00+00:00,long,buy,27595.4,,312337.67,-0.05,581.94
2023-10-05 15:00:00+00:00,long,sell - direction_change,27595.4,27946.3,316153.15,1.22,583.16
2023-10-05 15:00:00+00:00,short,buy,27946.3,,315995.08,-0.05,583.11
2023-10-06 07:00:00+00:00,short,sell - direction_change,27946.3,27478.1,321131.12,1.63,584.73
2023-10-06 07:00:00+00:00,long,buy,27478.1,,320970.56,-0.05,584.68
2023-10-06 12:00:00+00:00,long,sell - direction_change,27478.1,27750.0,323986.12,0.94,585.62
2023-10-06 12:00:00+00:00,short,buy,27750.0,,323824.13,-0.05,585.57
2023-10-06 14:00:00+00:00,short,sell - direction_change,27750.0,27513.8,326418.52,0.8,586.37
2023-10-06 14:00:00+00:00,long,buy,27513.8,,326255.31,-0.05,586.32
2023-10-06 21:38:00+00:00,long,sell - take_profit,27513.8,28339.214,335879.84,2.95,589.27
2023-10-06 22:00:00+00:00,long,buy,28030.2,,335711.9,-0.05,589.22
2023-10-07 18:00:00+00:00,long,sell - direction_change,28030.2,27918.2,334202.64,-0.45,588.77
2023-10-07 18:00:00+00:00,short,buy,27918.2,,334035.54,-0.05,588.72
2023-10-07 21:00:00+00:00,short,sell - direction_change,27918.2,27909.9,333967.83,-0.02,588.7
2023-10-07 21:00:00+00:00,long,buy,27909.9,,333800.85,-0.05,588.65
2023-10-08 04:00:00+00:00,long,sell - direction_change,27909.9,28050.0,335309.53,0.45,589.11
2023-10-08 04:00:00+00:00,short,buy,28050.0,,335141.88,-0.05,589.06
2023-10-08 05:00:00+00:00,short,sell - direction_change,28050.0,27915.3,336583.71,0.43,589.49
2023-10-08 05:00:00+00:00,long,buy,27915.3,,336415.41,-0.05,589.44
2023-10-08 06:00:00+00:00,long,sell - direction_change,27915.3,27925.0,336364.1,-0.02,589.42
2023-10-08 06:00:00+00:00,short,buy,27925.0,,336195.92,-0.05,589.37
2023-10-08 14:00:00+00:00,short,sell - direction_change,27925.0,27898.1,336351.68,0.05,589.42
2023-10-08 14:00:00+00:00,long,buy,27898.1,,336183.5,-0.05,589.37
2023-10-08 15:00:00+00:00,long,sell - direction_change,27898.1,27917.0,336243.17,0.02,589.38
2023-10-08 15:00:00+00:00,short,buy,27917.0,,336075.04,-0.05,589.33
2023-10-08 16:00:00+00:00,short,sell - direction_change,27917.0,27883.5,336310.29,0.07,589.4
2023-10-08 16:00:00+00:00,long,buy,27883.5,,336142.14,-0.05,589.35
2023-10-08 17:00:00+00:00,long,sell - direction_change,27883.5,27902.8,336206.73,0.02,589.37
2023-10-08 17:00:00+00:00,short,buy,27902.8,,336038.63,-0.05,589.32
2023-10-08 19:00:00+00:00,short,sell - direction_change,27902.8,27859.1,336396.9,0.11,589.43
2023-10-08 19:00:00+00:00,long,buy,27859.1,,336228.7,-0.05,589.38
2023-10-09 00:00:00+00:00,long,sell - direction_change,27859.1,27901.2,336568.68,0.1,589.48
2023-10-09 00:00:00+00:00,short,buy,27901.2,,336400.4,-0.05,589.43
2023-10-09 01:00:00+00:00,short,sell - direction_change,27901.2,27808.8,337346.25,0.28,589.71
2023-10-09 01:00:00+00:00,long,buy,27808.8,,337177.58,-0.05,589.66
2023-10-09 05:00:00+00:00,long,sell - direction_change,27808.8,27916.6,338316.05,0.34,590.0
2023-10-09 05:00:00+00:00,short,buy,27916.6,,338146.89,-0.05,589.95
2023-10-09 19:00:00+00:00,short,sell - direction_change,27916.6,27555.0,342357.79,1.25,591.2
2023-10-09 19:00:00+00:00,long,buy,27555.0,,342186.61,-0.05,591.15
2023-10-09 22:00:00+00:00,long,sell - direction_change,27555.0,27607.4,342666.24,0.14,591.29
2023-10-09 22:00:00+00:00,short,buy,27607.4,,342494.9,-0.05,591.24
2023-10-09 23:00:00+00:00,short,sell - direction_change,27607.4,27575.9,342714.44,0.06,591.3
2023-10-09 23:00:00+00:00,long,buy,27575.9,,342543.08,-0.05,591.25
2023-10-10 00:00:00+00:00,long,sell - direction_change,27575.9,27578.4,342402.87,-0.04,591.21
2023-10-10 00:00:00+00:00,short,buy,27578.4,,342231.67,-0.05,591.16
2023-10-10 01:00:00+00:00,short,sell - direction_change,27578.4,27538.5,342555.69,0.09,591.25
2023-10-10 01:00:00+00:00,long,buy,27538.5,,342384.41,-0.05,591.2
2023-10-10 03:00:00+00:00,long,sell - direction_change,27538.5,27668.2,343825.77,0.42,591.62
2023-10-10 03:00:00+00:00,short,buy,27668.2,,343653.85,-0.05,591.57
2023-10-10 06:00:00+00:00,short,sell - direction_change,27668.2,27595.9,344380.03,0.21,591.79
2023-10-10 06:00:00+00:00,long,buy,27595.9,,344207.84,-0.05,591.74
2023-10-10 11:00:00+00:00,long,sell - direction_change,27595.9,27596.8,344046.96,-0.05,591.69
2023-10-10 11:00:00+00:00,short,buy,27596.8,,343874.94,-0.05,591.64
2023-10-11 00:00:00+00:00,short,sell - direction_change,27596.8,27381.3,346388.28,0.73,592.37
2023-10-11 00:00:00+00:00,long,buy,27381.3,,346215.09,-0.05,592.32
2023-10-11 01:00:00+00:00,long,sell - direction_change,27381.3,27453.9,346959.95,0.22,592.54
2023-10-11 01:00:00+00:00,short,buy,27453.9,,346786.47,-0.05,592.49
2023-10-11 16:12:00+00:00,short,sell - take_profit,27453.9,26630.283,357016.67,2.95,595.44
2023-10-11 17:00:00+00:00,short,buy,26672.8,,356838.16,-0.05,595.39
2023-10-12 02:00:00+00:00,short,sell - direction_change,26672.8,26766.0,355412.88,-0.4,594.99
2023-10-12 02:00:00+00:00,long,buy,26766.0,,355235.17,-0.05,594.94
2023-10-12 04:00:00+00:00,long,sell - direction_change,26766.0,26836.0,355986.59,0.21,595.15
2023-10-12 04:00:00+00:00,short,buy,26836.0,,355808.59,-0.05,595.1
2023-10-12 05:00:00+00:00,short,sell - direction_change,26836.0,26809.4,355983.37,0.05,595.15
2023-10-12 05:00:00+00:00,long,buy,26809.4,,355805.38,-0.05,595.1
2023-10-12 06:00:00+00:00,long,sell - direction_change,26809.4,26865.9,356377.32,0.16,595.26
2023-10-12 06:00:00+00:00,short,buy,26865.9,,356199.14,-0.05,595.21
2023-10-12 11:00:00+00:00,short,sell - direction_change,26865.9,26746.2,357608.07,0.4,595.6
2023-10-12 11:00:00+00:00,long,buy,26746.2,,357429.26,-0.05,595.55
2023-10-12 12:00:00+00:00,long,sell - direction_change,26746.2,26827.4,358335.68,0.25,595.81
2023-10-12 12:00:00+00:00,short,buy,26827.4,,358156.52,-0.05,595.76
2023-10-12 23:00:00+00:00,short,sell - direction_change,26827.4,26738.9,359158.95,0.28,596.04
2023-10-12 23:00:00+00:00,long,buy,26738.9,,358979.37,-0.05,595.99
2023-10-13 09:00:00+00:00,long,sell - direction_change,26738.9,26783.1,359393.28,0.12,596.1
2023-10-13 09:00:00+00:00,short,buy,26783.1,,359213.58,-0.05,596.05
2023-10-13 10:00:00+00:00,short,sell - direction_change,26783.1,26725.7,359803.82,0.16,596.22
2023-10-13 10:00:00+00:00,long,buy,26725.7,,359623.92,-0.05,596.17
2023-10-13 14:00:00+00:00,long,sell - direction_change,26725.7,26843.0,361022.51,0.39,596.55
2023-10-13 14:00:00+00:00,short,buy,26843.0,,360842.0,-0.05,596.5
2023-10-13 16:00:00+00:00,short,sell - direction_change,26843.0,26692.9,362679.33,0.51,597.01
2023-10-13 16:00:00+00:00,long,buy,26692.9,,362497.99,-0.05,596.96
2023-10-13 17:00:00+00:00,long,sell - direction_change,26692.9,26786.0,363581.06,0.3,597.26
2023-10-13 17:00:00+00:00,short,buy,26786.0,,363399.27,-0.05,597.21
2023-10-13 19:00:00+00:00,short,sell - direction_change,26786.0,26734.6,363914.91,0.14,597.35
2023-10-13 19:00:00+00:00,long,buy,26734.6,,363732.95,-0.05,597.3
2023-10-13 22:00:00+00:00,long,sell - direction_change,26734.6,27005.4,367235.4,0.96,598.27
2023-10-13 22:00:00+00:00,short,buy,27005.4,,367051.79,-0.05,598.22
2023-10-13 23:00:00+00:00,short,sell - direction_change,27005.4,26813.9,369471.09,0.66,598.88
2023-10-13 23:00:00+00:00,long,buy,26813.9,,369286.35,-0.05,598.83
2023-10-14 06:00:00+00:00,long,sell - direction_change,26813.9,26874.2,369932.17,0.17,599.0
2023-10-14 06:00:00+00:00,short,buy,26874.2,,369747.21,-0.05,598.95
2023-10-14 07:00:00+00:00,short,sell - direction_change,26874.2,26851.1,369880.15,0.04,598.99
2023-10-14 07:00:00+00:00,long,buy,26851.1,,369695.21,-0.05,598.94
2023-10-14 10:00:00+00:00,long,sell - direction_change,26851.1,26870.7,369780.23,0.02,598.96
2023-10-14 10:00:00+00:00,short,buy,26870.7,,369595.34,-0.05,598.91
2023-10-14 12:00:00+00:00,short,sell - direction_change,26870.7,26860.1,369556.34,-0.01,598.9
2023-10-14 12:00:00+00:00,long,buy,26860.1,,369371.56,-0.05,598.85
2023-10-14 19:00:00+00:00,long,sell - direction_change,26860.1,26858.5,369164.87,-0.06,598.79
2023-10-14 19:00:00+00:00,short,buy,26858.5,,368980.29,-0.05,598.74
2023-10-15 01:00:00+00:00,short,sell - direction_change,26858.5,26835.0,369118.64,0.04,598.78
2023-10-15 01:00:00+00:00,long,buy,26835.0,,368934.08,-0.05,598.73
2023-10-15 02:00:00+00:00,long,sell - direction_change,26835.0,26876.6,369321.54,0.11,598.84
2023-10-15 02:00:00+00:00,short,buy,26876.6,,369136.88,-0.05,598.79
2023-10-15 03:00:00+00:00,short,sell - direction_change,26876.6,26870.5,369036.09,-0.03,598.76
2023-10-15 03:00:00+00:00,long,buy,26870.5,,368851.57,-0.05,598.71
2023-10-15 11:00:00+00:00,long,sell - direction_change,26870.5,26880.8,368808.53,-0.01,598.7
2023-10-15 11:00:00+00:00,short,buy,26880.8,,368624.13,-0.05,598.65
2023-10-15 14:00:00+00:00,short,sell - direction_change,26880.8,26849.7,368866.3,0.07,598.71
2023-10-15 14:00:00+00:00,long,buy,26849.7,,368681.87,-0.05,598.66
2023-10-16 05:16:00+00:00,long,sell - take_profit,26849.7,27655.191000000003,379557.98,2.95,601.61
2023-10-16 06:00:00+00:00,long,buy,27903.4,,379368.2,-0.05,601.56
2023-10-16 13:28:00+00:00,long,sell - take_profit,27903.4,28740.502000000004,390559.57,2.95,604.51
2023-10-16 14:00:00+00:00,long,buy,27986.5,,390364.29,-0.05,604.46
2023-10-17 12:00:00+00:00,long,sell - direction_change,27986.5,28408.8,396059.47,1.46,605.92
2023-10-17 12:00:00+00:00,short,buy,28408.8,,395861.44,-0.05,605.87
2023-10-17 13:00:00+00:00,short,sell - direction_change,28408.8,28203.5,398524.26,0.67,606.54
2023-10-17 13:00:00+00:00,long,buy,28203.5,,398325.0,-0.05,606.49
2023-10-18 00:00:00+00:00,long,sell - direction_change,28203.5,28382.0,400646.83,0.58,607.08
2023-10-18 00:00:00+00:00,short,buy,28382.0,,400446.51,-0.05,607.03
2023-10-18 02:00:00+00:00,short,sell - direction_change,28382.0,28340.0,400838.87,0.1,607.13
2023-10-18 02:00:00+00:00,long,buy,28340.0,,400638.45,-0.05,607.08
2023-10-18 09:00:00+00:00,long,sell - direction_change,28340.0,28543.4,403313.57,0.67,607.74
2023-10-18 09:00:00+00:00,short,buy,28543.4,,403111.91,-0.05,607.69
2023-10-18 22:00:00+00:00,short,sell - direction_change,28543.4,28252.9,407013.02,0.97,608.66
2023-10-18 22:00:00+00:00,long,buy,28252.9,,406809.52,-0.05,608.61
2023-10-18 23:00:00+00:00,long,sell - direction_change,28252.9,28329.9,407714.82,0.22,608.83
2023-10-18 23:00:00+00:00,short,buy,28329.9,,407510.97,-0.05,608.78
2023-10-19 00:00:00+00:00,short,sell - direction_change,28329.9,28307.2,407633.74,0.03,608.81
2023-10-19 00:00:00+00:00,long,buy,28307.2,,407429.92,-0.05,608.76
2023-10-19 01:00:00+00:00,long,sell - direction_change,28307.2,28370.1,408131.54,0.17,608.94
2023-10-19 01:00:00+00:00,short,buy,28370.1,,407927.47,-0.05,608.89
2023-10-19 05:00:00+00:00,short,sell - direction_change,28370.1,28271.7,409138.38,0.3,609.18
2023-10-19 05:00:00+00:00,long,buy,28271.7,,408933.81,-0.05,609.13
2023-10-19 08:00:00+00:00,long,sell - direction_change,28271.7,28314.9,409354.21,0.1,609.24
2023-10-19 08:00:00+00:00,short,buy,28314.9,,409149.53,-0.05,609.19
2023-10-19 09:00:00+00:00,short,sell - direction_change,28314.9,28307.8,409047.55,-0.02,609.16
2023-10-19 09:00:00+00:00,long,buy,28307.8,,408843.03,-0.05,609.11
2023-10-20 00:00:00+00:00,long,sell - direction_change,28307.8,28697.0,414259.73,1.32,610.44
2023-10-20 00:00:00+00:00,short,buy,28697.0,,414052.6,-0.05,610.39
2023-10-20 01:00:00+00:00,short,sell - direction_change,28697.0,28620.6,414947.91,0.22,610.6
2023-10-20 01:00:00+00:00,long,buy,28620.6,,414740.43,-0.05,610.55
2023-10-20 08:17:00+00:00,long,sell - take_profit,28620.6,29479.218,426975.27,2.95,613.5
2023-10-20 09:00:00+00:00,long,buy,29719.8,,426761.79,-0.05,613.45
2023-10-20 12:46:00+00:00,long,sell - stop_loss,29719.8,29422.602,422280.79,-1.05,612.4
2023-10-20 13:00:00+00:00,long,buy,29498.8,,422069.65,-0.05,612.35
2023-10-21 01:00:00+00:00,long,sell - direction_change,29498.8,29615.1,423522.64,0.34,612.7
2023-10-21 01:00:00+00:00,short,buy,29615.1,,423310.87,-0.05,612.65
2023-10-21 03:00:00+00:00,short,sell - direction_change,29615.1,29472.0,425144.66,0.43,613.08
2023-10-21 03:00:00+00:00,long,buy,29472.0,,424932.08,-0.05,613.03
2023-10-21 18:01:00+00:00,long,sell - take_profit,29472.0,30356.16,437467.58,2.95,615.98
2023-10-21 19:00:00+00:00,long,buy,30194.9,,437248.85,-0.05,615.93
2023-10-21 23:36:00+00:00,long,sell - stop_loss,30194.9,29892.951,432657.73,-1.05,614.88
2023-10-22 00:00:00+00:00,long,buy,29895.4,,432441.4,-0.05,614.83
2023-10-22 07:00:00+00:00,long,sell - direction_change,29895.4,30062.1,434636.52,0.51,615.34
2023-10-22 07:00:00+00:00,short,buy,30062.1,,434419.21,-0.05,615.29
2023-10-22 10:00:00+00:00,short,sell - direction_change,30062.1,29864.0,437064.68,0.61,615.9
2023-10-22 10:00:00+00:00,long,buy,29864.0,,436846.15,-0.05,615.85
2023-10-22 14:00:00+00:00,long,sell - direction_change,29864.0,29933.0,437637.05,0.18,616.03
2023-10-22 14:00:00+00:00,short,buy,29933.0,,437418.23,-0.05,615.98
2023-10-22 17:00:00+00:00,short,sell - direction_change,29933.0,29854.4,438348.12,0.21,616.19
2023-10-22 17:00:00+00:00,long,buy,29854.4,,438128.95,-0.05,616.14
2023-10-22 18:00:00+00:00,long,sell - direction_change,29854.4,29903.3,438627.52,0.11,616.25
2023-10-22 18:00:00+00:00,short,buy,29903.3,,438408.2,-0.05,616.2
2023-10-22 22:00:00+00:00,short,sell - direction_change,29903.3,29740.5,440575.79,0.49,616.7
2023-10-22 22:00:00+00:00,long,buy,29740.5,,440355.5,-0.05,616.65
2023-10-23 01:32:00+00:00,long,sell - take_profit,29740.5,30632.715,453345.99,2.95,619.6
2023-10-23 02:00:00+00:00,long,buy,30336.7,,453119.32,-0.05,619.55
2023-10-23 16:55:00+00:00,long,sell - take_profit,30336.7,31246.801000000003,466486.34,2.95,622.5
2023-10-23 17:00:00+00:00,long,buy,31197.5,,466253.09,-0.05,622.45
2023-10-23 17:28:00+00:00,long,sell - stop_loss,31197.5,30885.525,461357.44,-1.05,621.4
2023-10-23 18:00:00+00:00,long,buy,30964.1,,461126.76,-0.05,621.35
2023-10-23 18:44:00+00:00,long,sell - stop_loss,30964.1,30654.459,456284.93,-1.05,620.3
2023-10-23 19:00:00+00:00,long,buy,31156.5,,456056.78,-0.05,620.25
2023-10-23 22:28:00+00:00,long,sell - take_profit,31156.5,32091.195,469510.46,2.95,623.2
2023-10-23 23:00:00+00:00,long,buy,33358.8,,469275.7,-0.05,623.15
2023-10-23 23:10:00+00:00,long,sell - stop_loss,33358.8,33025.212,464348.31,-1.05,622.1
2023-10-24 00:00:00+00:00,long,buy,33074.0,,464116.13,-0.05,622.05
2023-10-24 01:58:00+00:00,long,sell - take_profit,33074.0,34066.22,477807.56,2.95,625.0
2023-10-24 02:00:00+00:00,long,buy,34182.2,,477568.66,-0.05,624.95
2023-10-24 02:26:00+00:00,long,sell - take_profit,34182.2,35207.666,491656.93,2.95,627.9
2023-10-24 03:00:00+00:00,long,buy,34566.0,,491411.1,-0.05,627.85
2023-10-24 03:56:00+00:00,long,sell - stop_loss,34566.0,34220.34,486251.29,-1.05,626.8
2023-10-24 04:00:00+00:00,long,buy,34071.1,,486008.16,-0.05,626.75
2023-10-24 07:27:00+00:00,long,sell - stop_loss,34071.1,33730.388999999996,480905.07,-1.05,625.7
2023-10-24 08:00:00+00:00,long,buy,34025.8,,480664.62,-0.05,625.65
2023-10-24 15:26:00+00:00,long,sell - stop_loss,34025.8,33685.542,475617.64,-1.05,624.6
2023-10-24 16:00:00+00:00,long,buy,33673.9,,475379.84,-0.05,624.55
2023-10-24 19:00:00+00:00,long,sell - direction_change,33673.9,33860.9,477782.05,0.51,625.05
2023-10-24 19:00:00+00:00,short,buy,33860.9,,477543.16,-0.05,625.0
2023-10-24 20:00:00+00:00,short,sell - direction_change,33860.9,33792.0,478276.09,0.15,625.16
2023-10-24 20:00:00+00:00,long,buy,33792.0,,478036.96,-0.05,625.11
2023-10-25 07:00:00+00:00,long,sell - direction_change,33792.0,34122.8,482477.58,0.93,626.04
2023-10-25 07:00:00+00:00,short,buy,34122.8,,482236.35,-0.05,625.99
2023-10-25 09:00:00+00:00,short,sell - direction_change,34122.8,33944.4,484516.44,0.47,626.46
2023-10-25 09:00:00+00:00,long,buy,33944.4,,484274.19,-0.05,626.41
2023-10-25 15:33:00+00:00,long,sell - take_profit,33944.4,34962.732,498560.27,2.95,629.36
2023-10-25 16:00:00+00:00,long,buy,34841.5,,498310.99,-0.05,629.31
2023-10-25 16:42:00+00:00,long,sell - stop_loss,34841.5,34493.085,493078.73,-1.05,628.26
2023-10-25 17:00:00+00:00,long,buy,34473.3,,492832.19,-0.05,628.21
2023-10-26 05:00:00+00:00,long,sell - direction_change,34473.3,34699.8,495823.83,0.61,628.82
2023-10-26 05:00:00+00:00,short,buy,34699.8,,495575.92,-0.05,628.77
2023-10-26 06:00:00+00:00,short,sell - direction_change,34699.8,34518.7,497914.57,0.47,629.24
2023-10-26 06:00:00+00:00,long,buy,34518.7,,497665.61,-0.05,629.19
2023-10-26 09:00:00+00:00,long,sell - direction_change,34518.7,34517.9,497405.24,-0.05,629.14
2023-10-26 09:00:00+00:00,short,buy,34517.9,,497156.54,-0.05,629.09
2023-10-26 17:00:00+00:00,short,sell - direction_change,34517.9,33777.7,507568.96,2.09,631.18
2023-10-26 17:00:00+00:00,long,buy,33777.7,,507315.17,-0.05,631.13
2023-10-26 19:00:00+00:00,long,sell - direction_change,33777.7,33986.9,510203.54,0.57,631.7
2023-10-26 19:00:00+00:00,short,buy,33986.9,,509948.44,-0.05,631.65
2023-10-27 02:00:00+00:00,short,sell - direction_change,33986.9,33849.0,511762.55,0.36,632.0
2023-10-27 02:00:00+00:00,long,buy,33849.0,,511506.67,-0.05,631.95
2023-10-27 04:00:00+00:00,long,sell - direction_change,33849.0,34124.1,515408.07,0.76,632.72
2023-10-27 04:00:00+00:00,short,buy,34124.1,,515150.37,-0.05,632.67
2023-10-27 06:00:00+00:00,short,sell - direction_change,34124.1,34087.1,515451.36,0.06,632.73
2023-10-27 06:00:00+00:00,long,buy,34087.1,,515193.63,-0.05,632.68
2023-10-27 07:00:00+00:00,long,sell - direction_change,34087.1,34242.4,517283.25,0.41,633.08
2023-10-27 07:00:00+00:00,short,buy,34242.4,,517024.6,-0.05,633.03
2023-10-27 09:00:00+00:00,short,sell - direction_change,34242.4,34092.1,519035.46,0.39,633.42
2023-10-27 09:00:00+00:00,long,buy,34092.1,,518775.95,-0.05,633.37
2023-10-27 10:00:00+00:00,long,sell - direction_change,34092.1,34165.3,519630.44,0.16,633.53
2023-10-27 10:00:00+00:00,short,buy,34165.3,,519370.62,-0.05,633.48
2023-10-27 12:00:00+00:00,short,sell - direction_change,34165.3,34055.1,520786.16,0.27,633.76
2023-10-27 12:00:00+00:00,long,buy,34055.1,,520525.77,-0.05,633.71
2023-10-27 14:00:00+00:00,long,sell - direction_change,34055.1,34167.3,521980.46,0.28,633.99
2023-10-27 14:00:00+00:00,short,buy,34167.3,,521719.47,-0.05,633.94
2023-10-28 00:00:00+00:00,short,sell - direction_change,34167.3,33893.2,525644.0,0.75,634.69
2023-10-28 00:00:00+00:00,long,buy,33893.2,,525381.18,-0.05,634.64
2023-10-28 01:00:00+00:00,long,sell - direction_change,33893.2,33897.6,525186.69,-0.04,634.6
2023-10-28 01:00:00+00:00,short,buy,33897.6,,524924.1,-0.05,634.55
2023-10-28 02:00:00+00:00,short,sell - direction_change,33897.6,33924.4,524246.62,-0.13,634.42
2023-10-28 02:00:00+00:00,long,buy,33924.4,,523984.5,-0.05,634.37
2023-10-28 12:00:00+00:00,long,sell - direction_change,33924.4,34182.5,527709.03,0.71,635.08
2023-10-28 12:00:00+00:00,short,buy,34182.5,,527445.17,-0.05,635.03
2023-10-28 13:00:00+00:00,short,sell - direction_change,34182.5,34035.9,529443.53,0.38,635.41
2023-10-28 13:00:00+00:00,long,buy,34035.9,,529178.81,-0.05,635.36
2023-10-28 23:00:00+00:00,long,sell - direction_change,34035.9,34106.0,530004.11,0.16,635.52
2023-10-28 23:00:00+00:00,short,buy,34106.0,,529739.11,-0.05,635.47
2023-10-29 06:00:00+00:00,short,sell - direction_change,34106.0,34038.1,530528.87,0.15,635.62
2023-10-29 06:00:00+00:00,long,buy,34038.1,,530263.6,-0.05,635.57
2023-10-29 07:00:00+00:00,long,sell - direction_change,34038.1,34093.5,530861.52,0.11,635.68
2023-10-29 07:00:00+00:00,short,buy,34093.5,,530596.09,-0.05,635.63
2023-10-29 08:00:00+00:00,short,sell - direction_change,34093.5,34086.1,530445.96,-0.03,635.6
2023-10-29 08:00:00+00:00,long,buy,34086.1,,530180.74,-0.05,635.55
2023-10-30 02:00:00+00:00,long,sell - direction_change,34086.1,34431.3,535284.94,0.96,636.52
2023-10-30 02:00:00+00:00,short,buy,34431.3,,535017.3,-0.05,636.47
2023-10-30 04:00:00+00:00,short,sell - direction_change,34431.3,34276.6,537153.63,0.4,636.86
2023-10-30 04:00:00+00:00,long,buy,34276.6,,536885.05,-0.05,636.81
2023-10-30 05:00:00+00:00,long,sell - direction_change,34276.6,34324.2,537362.18,0.09,636.9
2023-10-30 05:00:00+00:00,short,buy,34324.2,,537093.5,-0.05,636.85
2023-10-30 08:00:00+00:00,short,sell - direction_change,34324.2,34191.8,538896.71,0.34,637.19
2023-10-30 08:00:00+00:00,long,buy,34191.8,,538627.26,-0.05,637.14
2023-10-30 16:00:00+00:00,long,sell - direction_change,34191.8,34664.5,545804.44,1.33,638.47
2023-10-30 16:00:00+00:00,short,buy,34664.5,,545531.54,-0.05,638.42
2023-10-30 21:00:00+00:00,short,sell - direction_change,34664.5,34426.2,549009.01,0.64,639.06
2023-10-30 21:00:00+00:00,long,buy,34426.2,,548734.51,-0.05,639.01
2023-10-30 22:00:00+00:00,long,sell - direction_change,34426.2,34542.0,550305.93,0.29,639.3
2023-10-30 22:00:00+00:00,short,buy,34542.0,,550030.77,-0.05,639.25
2023-10-30 23:00:00+00:00,short,sell - direction_change,34542.0,34475.7,550811.49,0.14,639.39
2023-10-30 23:00:00+00:00,long,buy,34475.7,,550536.08,-0.05,639.34
2023-10-31 01:00:00+00:00,long,sell - direction_change,34475.7,34525.5,551056.06,0.09,639.43
2023-10-31 01:00:00+00:00,short,buy,34525.5,,550780.53,-0.05,639.38
2023-10-31 08:00:00+00:00,short,sell - direction_change,34525.5,34151.9,556465.13,1.03,640.41
2023-10-31 08:00:00+00:00,long,buy,34151.9,,556186.9,-0.05,640.36
2023-10-31 12:00:00+00:00,long,sell - direction_change,34151.9,34504.1,561644.62,0.98,641.35
2023-10-31 12:00:00+00:00,short,buy,34504.1,,561363.8,-0.05,641.3
2023-10-31 16:00:00+00:00,short,sell - direction_change,34504.1,34290.3,564561.53,0.57,641.86
2023-10-31 16:00:00+00:00,long,buy,34290.3,,564279.25,-0.05,641.81
2023-10-31 17:00:00+00:00,long,sell - direction_change,34290.3,34445.1,566544.49,0.4,642.22
2023-10-31 17:00:00+00:00,short,buy,34445.1,,566261.22,-0.05,642.17
2023-10-31 18:00:00+00:00,short,sell - direction_change,34445.1,34397.3,566763.9,0.09,642.25
2023-10-31 18:00:00+00:00,long,buy,34397.3,,566480.52,-0.05,642.2
2023-10-31 21:00:00+00:00,long,sell - direction_change,34397.3,34651.7,570386.93,0.69,642.89
2023-10-31 21:00:00+00:00,short,buy,34651.7,,570101.73,-0.05,642.84
2023-10-31 22:00:00+00:00,short,sell - direction_change,34651.7,34494.0,572411.22,0.41,643.25
2023-10-31 22:00:00+00:00,long,buy,34494.0,,572125.01,-0.05,643.2
2023-11-01 05:00:00+00:00,long,sell - direction_change,34494.0,34456.6,571218.63,-0.16,643.04
2023-11-01 05:00:00+00:00,short,buy,34456.6,,570933.02,-0.05,642.99
2023-11-01 07:00:00+00:00,short,sell - direction_change,34456.6,34422.9,571205.95,0.05,643.04
2023-11-01 07:00:00+00:00,long,buy,34422.9,,570920.34,-0.05,642.99
2023-11-01 10:00:00+00:00,long,sell - direction_change,34422.9,34500.0,571913.62,0.17,643.16
2023-11-01 10:00:00+00:00,short,buy,34500.0,,571627.67,-0.05,643.11
2023-11-01 12:00:00+00:00,short,sell - direction_change,34500.0,34442.9,572287.94,0.12,643.23
2023-11-01 12:00:00+00:00,long,buy,34442.9,,572001.79,-0.05,643.18
2023-11-01 14:00:00+00:00,long,sell - direction_change,34442.9,34612.8,574537.37,0.44,643.62
2023-11-01 14:00:00+00:00,short,buy,34612.8,,574250.1,-0.05,643.57
2023-11-01 16:00:00+00:00,short,sell - direction_change,34612.8,34296.9,579203.97,0.86,644.43
2023-11-01 16:00:00+00:00,long,buy,34296.9,,578914.37,-0.05,644.38
2023-11-01 20:58:00+00:00,long,sell - take_profit,34296.9,35325.807,595992.34,2.95,647.33
2023-11-01 21:00:00+00:00,long,buy,35494.5,,595694.34,-0.05,647.28
2023-11-01 21:09:00+00:00,long,sell - stop_loss,35494.5,35139.555,589439.55,-1.05,646.23
2023-11-01 22:00:00+00:00,long,buy,35409.3,,589144.83,-0.05,646.18
2023-11-02 06:21:00+00:00,long,sell - stop_loss,35409.3,35055.207,582958.81,-1.05,645.13
2023-11-02 07:00:00+00:00,long,buy,35227.9,,582667.33,-0.05,645.08
2023-11-02 13:00:00+00:00,long,sell - direction_change,35227.9,35356.9,584509.65,0.32,645.4
2023-11-02 13:00:00+00:00,short,buy,35356.9,,584217.4,-0.05,645.35
2023-11-02 14:00:00+00:00,short,sell - direction_change,35356.9,34931.5,590954.36,1.15,646.5
2023-11-02 14:00:00+00:00,long,buy,34931.5,,590658.88,-0.05,646.45
2023-11-02 15:00:00+00:00,long,sell - direction_change,34931.5,34933.9,590404.13,-0.04,646.41
2023-11-02 15:00:00+00:00,short,buy,34933.9,,590108.93,-0.05,646.36
2023-11-02 16:00:00+00:00,short,sell - direction_change,34933.9,34645.1,594692.33,0.78,647.14
2023-11-02 16:00:00+00:00,long,buy,34645.1,,594394.99,-0.05,647.09
2023-11-02 17:00:00+00:00,long,sell - direction_change,34645.1,34647.1,594132.1,-0.04,647.04
2023-11-02 17:00:00+00:00,short,buy,34647.1,,593835.04,-0.05,646.99
2023-11-02 19:55:00+00:00,short,sell - stop_loss,34647.1,34993.570999999996,587599.77,-1.05,645.94
2023-11-02 20:00:00+00:00,short,buy,34998.2,,587305.97,-0.05,645.89
2023-11-02 21:00:00+00:00,short,sell - direction_change,34998.2,34903.3,588604.83,0.22,646.11
2023-11-02 21:00:00+00:00,long,buy,34903.3,,588310.53,-0.05,646.06
2023-11-02 22:00:00+00:00,long,sell - direction_change,34903.3,34926.9,588414.17,0.02,646.08
2023-11-02 22:00:00+00:00,short,buy,34926.9,,588119.96,-0.05,646.03
2023-11-02 23:00:00+00:00,short,sell - direction_change,34926.9,34786.3,590193.4,0.35,646.38
2023-11-02 23:00:00+00:00,long,buy,34786.3,,589898.31,-0.05,646.33
2023-11-03 00:00:00+00:00,long,sell - direction_change,34786.3,34940.1,592211.47,0.39,646.73
2023-11-03 00:00:00+00:00,short,buy,34940.1,,591915.36,-0.05,646.68
2023-11-03 14:00:00+00:00,short,sell - direction_change,34940.1,34576.2,597784.18,0.99,647.67
2023-11-03 14:00:00+00:00,long,buy,34576.2,,597485.29,-0.05,647.62
2023-11-03 17:00:00+00:00,long,sell - direction_change,34576.2,34661.8,598665.74,0.2,647.82
2023-11-03 17:00:00+00:00,short,buy,34661.8,,598366.4,-0.05,647.77
2023-11-03 18:00:00+00:00,short,sell - direction_change,34661.8,34407.4,602458.92,0.68,648.45
2023-11-03 18:00:00+00:00,long,buy,34407.4,,602157.7,-0.05,648.4
2023-11-04 00:00:00+00:00,long,sell - direction_change,34407.4,34700.5,606986.11,0.8,649.2
2023-11-04 00:00:00+00:00,short,buy,34700.5,,606682.61,-0.05,649.15
2023-11-04 01:00:00+00:00,short,sell - direction_change,34700.5,34680.1,606735.93,0.01,649.16
2023-11-04 01:00:00+00:00,long,buy,34680.1,,606432.57,-0.05,649.11
2023-11-04 11:00:00+00:00,long,sell - direction_change,34680.1,34724.5,606905.75,0.08,649.19
2023-11-04 11:00:00+00:00,short,buy,34724.5,,606602.3,-0.05,649.14
2023-11-04 12:00:00+00:00,short,sell - direction_change,34724.5,34706.2,606618.68,0.0,649.14
2023-11-04 12:00:00+00:00,long,buy,34706.2,,606315.37,-0.05,649.09
2023-11-04 13:00:00+00:00,long,sell - direction_change,34706.2,34750.1,606779.14,0.08,649.17
2023-11-04 13:00:00+00:00,short,buy,34750.1,,606475.75,-0.05,649.12
2023-11-04 14:00:00+00:00,short,sell - direction_change,34750.1,34696.2,607113.2,0.11,649.22
2023-11-04 14:00:00+00:00,long,buy,34696.2,,606809.65,-0.05,649.17
2023-11-04 15:00:00+00:00,long,sell - direction_change,34696.2,34730.3,607102.62,0.05,649.22
2023-11-04 15:00:00+00:00,short,buy,34730.3,,606799.07,-0.05,649.17
2023-11-04 17:00:00+00:00,short,sell - direction_change,34730.3,34693.9,607131.64,0.05,649.23
2023-11-04 17:00:00+00:00,long,buy,34693.9,,606828.08,-0.05,649.18
2023-11-04 19:00:00+00:00,long,sell - direction_change,34693.9,34775.9,607958.92,0.19,649.36
2023-11-04 19:00:00+00:00,short,buy,34775.9,,607654.94,-0.05,649.31
2023-11-04 20:00:00+00:00,short,sell - direction_change,34775.9,34721.1,608308.66,0.11,649.42
2023-11-04 20:00:00+00:00,long,buy,34721.1,,608004.5,-0.05,649.37
2023-11-05 13:00:00+00:00,long,sell - direction_change,34721.1,35096.1,614267.16,1.03,650.4
2023-11-05 13:00:00+00:00,short,buy,35096.1,,613960.03,-0.05,650.35
2023-11-05 16:00:00+00:00,short,sell - direction_change,35096.1,34893.9,617190.27,0.53,650.88
2023-11-05 16:00:00+00:00,long,buy,34893.9,,616881.68,-0.05,650.83
2023-11-05 21:00:00+00:00,long,sell - direction_change,34893.9,35029.1,618963.41,0.34,651.16
2023-11-05 21:00:00+00:00,short,buy,35029.1,,618653.92,-0.05,651.11
2023-11-05 22:00:00+00:00,short,sell - direction_change,35029.1,34652.8,624990.49,1.02,652.14
2023-11-05 22:00:00+00:00,long,buy,34652.8,,624677.99,-0.05,652.09
2023-11-06 01:00:00+00:00,long,sell - direction_change,34652.8,35075.2,631980.16,1.17,653.26
2023-11-06 01:00:00+00:00,short,buy,35075.2,,631664.17,-0.05,653.21
2023-11-06 09:00:00+00:00,short,sell - direction_change,35075.2,34971.2,633221.26,0.25,653.45
2023-11-06 09:00:00+00:00,long,buy,34971.2,,632904.65,-0.05,653.4
2023-11-06 16:00:00+00:00,long,sell - direction_change,34971.2,35094.5,634819.66,0.3,653.71
2023-11-06 16:00:00+00:00,short,buy,35094.5,,634502.25,-0.05,653.66
2023-11-06 17:00:00+00:00,short,sell - direction_change,35094.5,34980.0,636255.14,0.28,653.93
2023-11-06 17:00:00+00:00,long,buy,34980.0,,635937.01,-0.05,653.88
2023-11-06 18:00:00+00:00,long,sell - direction_change,34980.0,34995.1,635893.56,-0.01,653.87
2023-11-06 18:00:00+00:00,short,buy,34995.1,,635575.62,-0.05,653.82
2023-11-06 19:00:00+00:00,short,sell - direction_change,34995.1,34966.9,635769.99,0.03,653.86
2023-11-06 19:00:00+00:00,long,buy,34966.9,,635452.11,-0.05,653.81
2023-11-06 20:00:00+00:00,long,sell - direction_change,34966.9,35076.7,637129.77,0.26,654.07
2023-11-06 20:00:00+00:00,short,buy,35076.7,,636811.21,-0.05,654.02
2023-11-06 21:00:00+00:00,short,sell - direction_change,35076.7,35037.3,637208.1,0.06,654.08
2023-11-06 21:00:00+00:00,long,buy,35037.3,,636889.5,-0.05,654.03
2023-11-07 00:00:00+00:00,long,sell - direction_change,35037.3,35057.5,636938.24,0.01,654.04
2023-11-07 00:00:00+00:00,short,buy,35057.5,,636619.77,-0.05,653.99
2023-11-07 18:00:00+00:00,short,sell - direction_change,35057.5,34854.5,639987.8,0.53,654.52
2023-11-07 18:00:00+00:00,long,buy,34854.5,,639667.8,-0.05,654.47
2023-11-07 20:57:00+00:00,long,sell - take_profit,34854.5,35900.135,658538.0,2.95,657.42
2023-11-07 21:00:00+00:00,long,buy,35638.6,,658208.74,-0.05,657.37
2023-11-07 22:15:00+00:00,long,sell - stop_loss,35638.6,35282.214,651297.54,-1.05,656.32
2023-11-07 23:00:00+00:00,long,buy,35293.3,,650971.89,-0.05,656.27
2023-11-08 05:00:00+00:00,long,sell - direction_change,35293.3,35362.2,651917.24,0.15,656.41
2023-11-08 05:00:00+00:00,short,buy,35362.2,,651591.29,-0.05,656.36
2023-11-08 06:00:00+00:00,short,sell - direction_change,35362.2,35276.8,652839.09,0.19,656.56
2023-11-08 06:00:00+00:00,long,buy,35276.8,,652512.67,-0.05,656.51
2023-11-08 15:00:00+00:00,long,sell - direction_change,35276.8,35315.4,652900.39,0.06,656.56
2023-11-08 15:00:00+00:00,short,buy,35315.4,,652573.94,-0.05,656.51
2023-11-08 16:00:00+00:00,short,sell - direction_change,35315.4,35231.4,653799.85,0.19,656.7
2023-11-08 16:00:00+00:00,long,buy,35231.4,,653472.95,-0.05,656.65
2023-11-09 02:23:00+00:00,long,sell - take_profit,35231.4,36288.342000000004,672750.4,2.95,659.6
2023-11-09 03:00:00+00:00,long,buy,36382.5,,672414.02,-0.05,659.55
2023-11-09 14:11:00+00:00,long,sell - take_profit,36382.5,37473.975,692250.24,2.95,662.5
2023-11-09 15:00:00+00:00,long,buy,37922.4,,691904.11,-0.05,662.45
2023-11-09 15:25:00+00:00,long,sell - stop_loss,37922.4,37543.176,684639.12,-1.05,661.4
2023-11-09 16:00:00+00:00,long,buy,37141.5,,684296.8,-0.05,661.35
2023-11-09 16:11:00+00:00,long,sell - stop_loss,37141.5,36770.085,677111.68,-1.05,660.3
2023-11-09 17:00:00+00:00,long,buy,36360.0,,676773.13,-0.05,660.25
2023-11-10 06:00:00+00:00,long,sell - direction_change,36360.0,36775.8,684174.08,1.09,661.35
2023-11-10 06:00:00+00:00,short,buy,36775.8,,683831.99,-0.05,661.3
2023-11-10 10:00:00+00:00,short,sell - direction_change,36775.8,36584.4,687049.08,0.47,661.77
2023-11-10 10:00:00+00:00,long,buy,36584.4,,686705.56,-0.05,661.72
2023-11-11 03:00:00+00:00,long,sell - direction_change,36584.4,37131.1,696624.01,1.44,663.16
2023-11-11 03:00:00+00:00,short,buy,37131.1,,696275.7,-0.05,663.11
2023-11-11 04:00:00+00:00,short,sell - direction_change,37131.1,37064.2,697182.06,0.13,663.24
2023-11-11 04:00:00+00:00,long,buy,37064.2,,696833.47,-0.05,663.19
2023-11-11 07:00:00+00:00,long,sell - direction_change,37064.2,37114.6,697432.61,0.09,663.28
2023-11-11 07:00:00+00:00,short,buy,37114.6,,697083.89,-0.05,663.23
2023-11-11 09:00:00+00:00,short,sell - direction_change,37114.6,36990.0,699075.58,0.29,663.51
2023-11-11 09:00:00+00:00,long,buy,36990.0,,698726.04,-0.05,663.46
2023-11-11 10:00:00+00:00,long,sell - direction_change,36990.0,37057.6,699653.61,0.13,663.6
2023-11-11 10:00:00+00:00,short,buy,37057.6,,699303.78,-0.05,663.55
2023-11-11 12:00:00+00:00,short,sell - direction_change,37057.6,37014.1,699775.01,0.07,663.61
2023-11-11 12:00:00+00:00,long,buy,37014.1,,699425.12,-0.05,663.56
2023-11-11 15:00:00+00:00,long,sell - direction_change,37014.1,37259.0,703703.08,0.61,664.17
2023-11-11 15:00:00+00:00,short,buy,37259.0,,703351.23,-0.05,664.12
2023-11-11 16:00:00+00:00,short,sell - direction_change,37259.0,37071.5,706539.06,0.45,664.58
2023-11-11 16:00:00+00:00,long,buy,37071.5,,706185.79,-0.05,664.53
2023-11-11 17:00:00+00:00,long,sell - direction_change,37071.5,37155.2,707427.12,0.18,664.7
2023-11-11 17:00:00+00:00,short,buy,37155.2,,707073.41,-0.05,664.65
2023-11-11 18:00:00+00:00,short,sell - direction_change,37155.2,37133.9,707125.22,0.01,664.66
2023-11-11 18:00:00+00:00,long,buy,37133.9,,706771.66,-0.05,664.61
2023-11-11 20:00:00+00:00,long,sell - direction_change,37133.9,37177.8,707253.82,0.07,664.68
2023-11-11 20:00:00+00:00,short,buy,37177.8,,706900.19,-0.05,664.63
2023-11-11 23:00:00+00:00,short,sell - direction_change,37177.8,36912.7,711587.37,0.66,665.29
2023-11-11 23:00:00+00:00,long,buy,36912.7,,711231.57,-0.05,665.24
2023-11-12 00:00:00+00:00,long,sell - direction_change,36912.7,37162.1,715681.38,0.63,665.87
2023-11-12 00:00:00+00:00,short,buy,37162.1,,715323.54,-0.05,665.82
2023-11-12 05:00:00+00:00,short,sell - direction_change,37162.1,37030.2,717504.79,0.3,666.12
2023-11-12 05:00:00+00:00,long,buy,37030.2,,717146.03,-0.05,666.07
2023-11-12 09:00:00+00:00,long,sell - direction_change,37030.2,37127.7,718675.7,0.21,666.29
2023-11-12 09:00:00+00:00,short,buy,37127.7,,718316.36,-0.05,666.24
2023-11-12 10:00:00+00:00,short,sell - direction_change,37127.7,37089.6,718694.33,0.05,666.29
2023-11-12 10:00:00+00:00,long,buy,37089.6,,718334.98,-0.05,666.24
2023-11-12 12:00:00+00:00,long,sell - direction_change,37089.6,37087.6,717937.08,-0.06,666.18
2023-11-12 12:00:00+00:00,short,buy,37087.6,,717578.11,-0.05,666.13
2023-11-12 13:00:00+00:00,short,sell - direction_change,37087.6,37035.9,718219.62,0.09,666.22
2023-11-12 13:00:00+00:00,long,buy,37035.9,,717860.51,-0.05,666.17
2023-11-12 16:00:00+00:00,long,sell - direction_change,37035.9,37178.3,720261.7,0.33,666.51
2023-11-12 16:00:00+00:00,short,buy,37178.3,,719901.57,-0.05,666.46
2023-11-12 18:00:00+00:00,short,sell - direction_change,37178.3,37108.4,720895.12,0.14,666.6
2023-11-12 18:00:00+00:00,long,buy,37108.4,,720534.68,-0.05,666.55
2023-11-12 23:00:00+00:00,long,sell - direction_change,37108.4,37185.0,721661.75,0.16,666.7
2023-11-12 23:00:00+00:00,short,buy,37185.0,,721300.92,-0.05,666.65
2023-11-13 01:00:00+00:00,short,sell - direction_change,37185.0,37117.1,722257.37,0.13,666.78
2023-11-13 01:00:00+00:00,long,buy,37117.1,,721896.24,-0.05,666.73
2023-11-13 03:00:00+00:00,long,sell - direction_change,37117.1,37166.0,722486.36,0.08,666.82
2023-11-13 03:00:00+00:00,short,buy,37166.0,,722125.11,-0.05,666.77
2023-11-14 03:00:00+00:00,short,sell - direction_change,37166.0,36456.3,735553.33,1.86,668.63
2023-11-14 03:00:00+00:00,long,buy,36456.3,,735185.55,-0.05,668.58
2023-11-14 04:00:00+00:00,long,sell - direction_change,36456.3,36473.1,735156.75,-0.0,668.57
2023-11-14 04:00:00+00:00,short,buy,36473.1,,734789.17,-0.05,668.52
2023-11-14 07:00:00+00:00,short,sell - direction_change,36473.1,36676.9,730316.01,-0.61,667.91
2023-11-14 07:00:00+00:00,long,buy,36676.9,,729950.85,-0.05,667.86
2023-11-14 09:00:00+00:00,long,sell - direction_change,36676.9,36765.0,731339.26,0.19,668.05
2023-11-14 09:00:00+00:00,short,buy,36765.0,,730973.59,-0.05,668.0
2023-11-14 10:00:00+00:00,short,sell - direction_change,36765.0,36507.5,735727.8,0.65,668.65
2023-11-14 10:00:00+00:00,long,buy,36507.5,,735359.94,-0.05,668.6
2023-11-14 11:00:00+00:00,long,sell - direction_change,36507.5,36515.3,735149.37,-0.03,668.57
2023-11-14 11:00:00+00:00,short,buy,36515.3,,734781.8,-0.05,668.52
2023-11-14 13:00:00+00:00,short,sell - direction_change,36515.3,36376.9,737199.37,0.33,668.85
2023-11-14 13:00:00+00:00,long,buy,36376.9,,736830.77,-0.05,668.8
2023-11-14 15:00:00+00:00,long,sell - direction_change,36376.9,36616.1,741307.46,0.61,669.41
2023-11-14 15:00:00+00:00,short,buy,36616.1,,740936.81,-0.05,669.36
2023-11-14 18:51:00+00:00,short,sell - take_profit,36616.1,35517.617,762794.44,2.95,672.31
2023-11-14 19:00:00+00:00,long,buy,35242.4,,762413.04,-0.05,672.26
2023-11-14 20:00:00+00:00,long,sell - direction_change,35242.4,35306.0,763407.72,0.13,672.39
2023-11-14 20:00:00+00:00,short,buy,35306.0,,763026.02,-0.05,672.34
2023-11-14 21:00:00+00:00,short,sell - direction_change,35306.0,35301.3,762746.08,-0.04,672.31
2023-11-14 21:00:00+00:00,long,buy,35301.3,,762364.71,-0.05,672.26
2023-11-14 23:00:00+00:00,long,sell - direction_change,35301.3,35620.1,768868.31,0.85,673.11
2023-11-14 23:00:00+00:00,short,buy,35620.1,,768483.88,-0.05,673.06
2023-11-15 04:00:00+00:00,short,sell - direction_change,35620.1,35408.5,772664.79,0.54,673.6
2023-11-15 04:00:00+00:00,long,buy,35408.5,,772278.45,-0.05,673.55
2023-11-15 16:02:00+00:00,long,sell - take_profit,35408.5,36470.755,795060.67,2.95,676.5
2023-11-15 17:00:00+00:00,long,buy,36377.9,,794663.14,-0.05,676.45
2023-11-15 18:11:00+00:00,long,sell - take_profit,36377.9,37469.237,818105.7,2.95,679.4
2023-11-15 19:00:00+00:00,long,buy,37413.8,,817696.65,-0.05,679.35
2023-11-16 13:00:00+00:00,long,sell - direction_change,37413.8,37153.3,811594.45,-0.75,678.61
2023-11-16 13:00:00+00:00,short,buy,37153.3,,811188.65,-0.05,678.56
2023-11-16 16:00:00+00:00,short,sell - direction_change,37153.3,36423.3,826721.55,1.91,680.47
2023-11-16 16:00:00+00:00,long,buy,36423.3,,826308.19,-0.05,680.42
2023-11-16 17:00:00+00:00,long,sell - direction_change,36423.3,36581.9,829493.08,0.39,680.81
2023-11-16 17:00:00+00:00,short,buy,36581.9,,829078.33,-0.05,680.76
2023-11-16 20:00:00+00:00,short,sell - direction_change,36581.9,35936.4,843293.16,1.71,682.47
2023-11-16 20:00:00+00:00,long,buy,35936.4,,842871.51,-0.05,682.42
2023-11-16 22:00:00+00:00,long,sell - direction_change,35936.4,35970.0,843238.15,0.04,682.46
2023-11-16 22:00:00+00:00,short,buy,35970.0,,842816.53,-0.05,682.41
2023-11-17 00:00:00+00:00,short,sell - direction_change,35970.0,36176.0,837568.31,-0.62,681.79
2023-11-17 00:00:00+00:00,long,buy,36176.0,,837149.53,-0.05,681.74
2023-11-17 02:00:00+00:00,long,sell - direction_change,36176.0,36572.0,845894.8,1.04,682.79
2023-11-17 02:00:00+00:00,short,buy,36572.0,,845471.85,-0.05,682.74
2023-11-17 03:00:00+00:00,short,sell - direction_change,36572.0,36467.9,847455.7,0.23,682.97
2023-11-17 03:00:00+00:00,long,buy,36467.9,,847031.97,-0.05,682.92
2023-11-17 07:00:00+00:00,long,sell - direction_change,36467.9,36363.3,844178.94,-0.34,682.58
2023-11-17 07:00:00+00:00,short,buy,36363.3,,843756.85,-0.05,682.53
2023-11-17 08:00:00+00:00,short,sell - direction_change,36363.3,36251.9,845919.84,0.26,682.79
2023-11-17 08:00:00+00:00,long,buy,36251.9,,845496.88,-0.05,682.74
2023-11-17 09:00:00+00:00,long,sell - direction_change,36251.9,36414.3,848861.76,0.4,683.14
2023-11-17 09:00:00+00:00,short,buy,36414.3,,848437.33,-0.05,683.09
2023-11-17 11:00:00+00:00,short,sell - direction_change,36414.3,36374.4,848942.76,0.06,683.15
2023-11-17 11:00:00+00:00,long,buy,36374.4,,848518.29,-0.05,683.1
2023-11-17 13:00:00+00:00,long,sell - direction_change,36374.4,36540.9,851978.04,0.41,683.51
2023-11-17 13:00:00+00:00,short,buy,36540.9,,851552.05,-0.05,683.46
2023-11-17 17:00:00+00:00,short,sell - direction_change,36540.9,35995.0,863847.97,1.44,684.9
2023-11-17 17:00:00+00:00,long,buy,35995.0,,863416.04,-0.05,684.85
2023-11-18 03:00:00+00:00,long,sell - direction_change,35995.0,36416.0,873082.91,1.12,685.97
2023-11-18 03:00:00+00:00,short,buy,36416.0,,872646.37,-0.05,685.92
2023-11-18 07:00:00+00:00,short,sell - direction_change,36416.0,36267.3,875773.38,0.36,686.28
2023-11-18 07:00:00+00:00,long,buy,36267.3,,875335.5,-0.05,686.23
2023-11-18 09:00:00+00:00,long,sell - direction_change,36267.3,36457.2,879481.19,0.47,686.7
2023-11-18 09:00:00+00:00,short,buy,36457.2,,879041.45,-0.05,686.65
2023-11-18 10:00:00+00:00,short,sell - direction_change,36457.2,36410.0,879740.0,0.08,686.73
2023-11-18 10:00:00+00:00,long,buy,36410.0,,879300.13,-0.05,686.68
2023-11-19 00:00:00+00:00,long,sell - direction_change,36410.0,36580.9,882987.71,0.42,687.1
2023-11-19 00:00:00+00:00,short,buy,36580.9,,882546.21,-0.05,687.05
2023-11-19 03:00:00+00:00,short,sell - direction_change,36580.9,36464.0,884925.25,0.27,687.32
2023-11-19 03:00:00+00:00,long,buy,36464.0,,884482.79,-0.05,687.27
2023-11-19 05:00:00+00:00,long,sell - direction_change,36464.0,36544.0,885981.06,0.17,687.44
2023-11-19 05:00:00+00:00,short,buy,36544.0,,885538.07,-0.05,687.39
2023-11-19 06:00:00+00:00,short,sell - direction_change,36544.0,36522.0,885628.4,0.01,687.4
2023-11-19 06:00:00+00:00,long,buy,36522.0,,885185.59,-0.05,687.35
2023-11-19 10:00:00+00:00,long,sell - direction_change,36522.0,36638.7,887571.46,0.27,687.62
2023-11-19 10:00:00+00:00,short,buy,36638.7,,887127.67,-0.05,687.57
2023-11-19 15:00:00+00:00,short,sell - direction_change,36638.7,36468.0,890817.25,0.42,687.98
2023-11-19 15:00:00+00:00,long,buy,36468.0,,890371.84,-0.05,687.93
2023-11-19 16:00:00+00:00,long,sell - direction_change,36468.0,36575.1,892541.51,0.24,688.18
2023-11-19 16:00:00+00:00,short,buy,36575.1,,892095.24,-0.05,688.13
2023-11-19 17:00:00+00:00,short,sell - direction_change,36575.1,36560.5,892005.3,-0.01,688.12
2023-11-19 17:00:00+00:00,long,buy,36560.5,,891559.3,-0.05,688.07
2023-11-20 17:47:00+00:00,long,sell - take_profit,36560.5,37657.315,917860.3,2.95,691.02
2023-11-20 18:00:00+00:00,long,buy,37598.0,,917401.37,-0.05,690.97
2023-11-21 04:00:00+00:00,long,sell - direction_change,37598.0,37485.4,914195.2,-0.35,690.62
2023-11-21 04:00:00+00:00,short,buy,37485.4,,913738.1,-0.05,690.57
2023-11-21 06:00:00+00:00,short,sell - direction_change,37485.4,37374.2,915991.82,0.25,690.82
2023-11-21 06:00:00+00:00,long,buy,37374.2,,915533.83,-0.05,690.77
2023-11-21 07:00:00+00:00,long,sell - direction_change,37374.2,37389.9,915460.65,-0.01,690.76
2023-11-21 07:00:00+00:00,short,buy,37389.9,,915002.92,-0.05,690.71
2023-11-21 08:00:00+00:00,short,sell - direction_change,37389.9,37297.1,916816.42,0.2,690.91
2023-11-21 08:00:00+00:00,long,buy,37297.1,,916358.01,-0.05,690.86
2023-11-21 09:00:00+00:00,long,sell - direction_change,37297.1,37421.3,918951.32,0.28,691.14
2023-11-21 09:00:00+00:00,short,buy,37421.3,,918491.84,-0.05,691.09
2023-11-21 15:03:00+00:00,short,sell - take_profit,37421.3,36298.661,945587.35,2.95,694.04
2023-11-21 16:00:00+00:00,short,buy,36975.8,,945114.56,-0.05,693.99
2023-11-21 17:14:00+00:00,short,sell - stop_loss,36975.8,37345.558000000005,935190.86,-1.05,692.94
2023-11-21 18:00:00+00:00,short,buy,36913.6,,934723.26,-0.05,692.89
2023-11-21 23:57:00+00:00,short,sell - take_profit,36913.6,35806.191999999995,962297.6,2.95,695.84
2023-11-22 00:00:00+00:00,long,buy,35737.0,,961816.45,-0.05,695.79
2023-11-22 01:00:00+00:00,long,sell - direction_change,35737.0,36109.9,971371.67,0.99,696.78
2023-11-22 01:00:00+00:00,short,buy,36109.9,,970885.99,-0.05,696.73
2023-11-22 05:07:00+00:00,short,sell - stop_loss,36109.9,36470.999,960691.69,-1.05,695.68
2023-11-22 06:00:00+00:00,short,buy,36358.9,,960211.34,-0.05,695.63
2023-11-22 08:00:00+00:00,short,sell - direction_change,36358.9,36430.7,957835.05,-0.25,695.38
2023-11-22 08:00:00+00:00,long,buy,36430.7,,957356.13,-0.05,695.33
2023-11-22 11:00:00+00:00,long,sell - direction_change,36430.7,36661.7,962947.86,0.58,695.92
2023-11-22 11:00:00+00:00,short,buy,36661.7,,962466.39,-0.05,695.87
2023-11-22 12:00:00+00:00,short,sell - direction_change,36661.7,36465.8,967128.05,0.48,696.35
2023-11-22 12:00:00+00:00,long,buy,36465.8,,966644.48,-0.05,696.3
2023-11-22 14:00:00+00:00,long,sell - direction_change,36465.8,36597.3,969647.0,0.31,696.61
2023-11-22 14:00:00+00:00,short,buy,36597.3,,969162.17,-0.05,696.56
2023-11-22 15:00:00+00:00,short,sell - direction_change,36597.3,36402.1,973846.84,0.48,697.05
2023-11-22 15:00:00+00:00,long,buy,36402.1,,973359.91,-0.05,697.0
2023-11-22 16:00:00+00:00,long,sell - direction_change,36402.1,36480.6,974972.26,0.17,697.16
2023-11-22 16:00:00+00:00,short,buy,36480.6,,974484.77,-0.05,697.11
2023-11-22 17:00:00+00:00,short,sell - direction_change,36480.6,36470.0,974280.68,-0.02,697.09
2023-11-22 17:00:00+00:00,long,buy,36470.0,,973793.54,-0.05,697.04
2023-11-22 20:47:00+00:00,long,sell - take_profit,36470.0,37564.1,1002520.45,2.95,699.99
2023-11-22 21:00:00+00:00,long,buy,37629.7,,1002019.19,-0.05,699.94
2023-11-22 23:24:00+00:00,long,sell - stop_loss,37629.7,37253.403,991497.99,-1.05,698.89
2023-11-23 00:00:00+00:00,long,buy,37413.5,,991002.24,-0.05,698.84
2023-11-23 06:00:00+00:00,long,sell - direction_change,37413.5,37331.6,988337.38,-0.27,698.57
2023-11-23 06:00:00+00:00,short,buy,37331.6,,987843.21,-0.05,698.52
2023-11-23 07:00:00+00:00,short,sell - direction_change,37331.6,37279.4,988730.57,0.09,698.61
2023-11-23 07:00:00+00:00,long,buy,37279.4,,988236.21,-0.05,698.56
2023-11-23 11:00:00+00:00,long,sell - direction_change,37279.4,37469.9,992792.04,0.46,699.02
2023-11-23 11:00:00+00:00,short,buy,37469.9,,992295.64,-0.05,698.97
2023-11-23 20:00:00+00:00,short,sell - direction_change,37469.9,37282.4,996764.96,0.45,699.42
2023-11-23 20:00:00+00:00,long,buy,37282.4,,996266.57,-0.05,699.37
2023-11-23 21:00:00+00:00,long,sell - direction_change,37282.4,37282.9,995781.8,-0.05,699.33
2023-11-23 21:00:00+00:00,short,buy,37282.9,,995283.91,-0.05,699.28
2023-11-23 22:00:00+00:00,short,sell - direction_change,37282.9,37250.9,995640.52,0.04,699.31
2023-11-23 22:00:00+00:00,long,buy,37250.9,,995142.7,-0.05,699.26
2023-11-24 03:00:00+00:00,long,sell - direction_change,37250.9,37379.7,998085.97,0.3,699.56
2023-11-24 03:00:00+00:00,short,buy,37379.7,,997586.93,-0.05,699.51
2023-11-24 04:00:00+00:00,short,sell - direction_change,37379.7,37314.0,998841.53,0.13,699.63
2023-11-24 04:00:00+00:00,long,buy,37314.0,,998342.11,-0.05,699.58
2023-11-25 09:00:00+00:00,long,sell - direction_change,37314.0,37758.0,1009722.23,1.14,700.72
2023-11-25 09:00:00+00:00,short,buy,37758.0,,1009217.37,-0.05,700.67
2023-11-25 18:00:00+00:00,short,sell - direction_change,37758.0,37765.6,1008509.63,-0.07,700.6
2023-11-25 18:00:00+00:00,long,buy,37765.6,,1008005.37,-0.05,700.55
2023-11-25 22:00:00+00:00,long,sell - direction_change,37765.6,37781.0,1007912.41,-0.01,700.54
2023-11-25 22:00:00+00:00,short,buy,37781.0,,1007408.46,-0.05,700.49
2023-11-25 23:00:00+00:00,short,sell - direction_change,37781.0,37711.0,1008771.26,0.14,700.63
2023-11-25 23:00:00+00:00,long,buy,37711.0,,1008266.87,-0.05,700.58
2023-11-26 00:00:00+00:00,long,sell - direction_change,37711.0,37766.7,1009251.97,0.1,700.68
2023-11-26 00:00:00+00:00,short,buy,37766.7,,1008747.35,-0.05,700.63
2023-11-26 04:00:00+00:00,short,sell - direction_change,37766.7,37721.1,1009460.95,0.07,700.7
2023-11-26 04:00:00+00:00,long,buy,37721.1,,1008956.22,-0.05,700.65
2023-11-26 07:00:00+00:00,long,sell - direction_change,37721.1,37781.9,1010078.01,0.11,700.76
2023-11-26 07:00:00+00:00,short,buy,37781.9,,1009572.97,-0.05,700.71
2023-11-26 08:00:00+00:00,short,sell - direction_change,37781.9,37773.5,1009292.64,-0.03,700.68
2023-11-26 08:00:00+00:00,long,buy,37773.5,,1008787.99,-0.05,700.63
2023-11-26 10:00:00+00:00,long,sell - direction_change,37773.5,37751.6,1007698.73,-0.11,700.52
2023-11-26 10:00:00+00:00,short,buy,37751.6,,1007194.88,-0.05,700.47
2023-11-26 20:00:00+00:00,short,sell - direction_change,37751.6,37360.1,1017136.32,0.99,701.46
2023-11-26 20:00:00+00:00,long,buy,37360.1,,1016627.75,-0.05,701.41
2023-11-26 23:00:00+00:00,long,sell - direction_change,37360.1,37647.5,1023940.05,0.72,702.13
2023-11-26 23:00:00+00:00,short,buy,37647.5,,1023428.08,-0.05,702.08
2023-11-27 00:00:00+00:00,short,sell - direction_change,37647.5,37437.9,1028614.23,0.51,702.59
2023-11-27 00:00:00+00:00,long,buy,37437.9,,1028099.93,-0.05,702.54
2023-11-27 02:00:00+00:00,long,sell - direction_change,37437.9,37473.5,1028563.51,0.05,702.58
2023-11-27 02:00:00+00:00,short,buy,37473.5,,1028049.22,-0.05,702.53
2023-11-27 04:00:00+00:00,short,sell - direction_change,37473.5,37295.8,1032410.23,0.42,702.95
2023-11-27 04:00:00+00:00,long,buy,37295.8,,1031894.02,-0.05,702.9
2023-11-27 05:00:00+00:00,long,sell - direction_change,37295.8,37360.3,1033162.65,0.12,703.03
2023-11-27 05:00:00+00:00,short,buy,37360.3,,1032646.07,-0.05,702.98
2023-11-27 21:00:00+00:00,short,sell - direction_change,37360.3,36792.2,1047832.14,1.47,704.45
2023-11-27 21:00:00+00:00,long,buy,36792.2,,1047308.23,-0.05,704.4
2023-11-28 04:00:00+00:00,long,sell - direction_change,36792.2,37119.9,1056112.71,0.84,705.24
2023-11-28 04:00:00+00:00,short,buy,37119.9,,1055584.66,-0.05,705.19
2023-11-28 06:00:00+00:00,short,sell - direction_change,37119.9,36894.9,1061455.23,0.56,705.75
2023-11-28 06:00:00+00:00,long,buy,36894.9,,1060924.5,-0.05,705.7
2023-11-28 08:00:00+00:00,long,sell - direction_change,36894.9,37087.2,1065923.68,0.47,706.17
2023-11-28 08:00:00+00:00,short,buy,37087.2,,1065390.72,-0.05,706.12
2023-11-28 10:00:00+00:00,short,sell - direction_change,37087.2,37076.3,1065171.15,-0.02,706.1
2023-11-28 10:00:00+00:00,long,buy,37076.3,,1064638.56,-0.05,706.05
2023-11-28 17:22:00+00:00,long,sell - take_profit,37076.3,38188.58900000001,1096045.4,2.95,709.0
2023-11-28 18:00:00+00:00,long,buy,38202.4,,1095497.38,-0.05,708.95
2023-11-28 22:52:00+00:00,long,sell - stop_loss,38202.4,37820.376000000004,1083994.65,-1.05,707.9
2023-11-28 23:00:00+00:00,long,buy,37855.3,,1083452.66,-0.05,707.85
2023-11-29 14:00:00+00:00,long,sell - direction_change,37855.3,38106.9,1090111.95,0.61,708.46
2023-11-29 14:00:00+00:00,short,buy,38106.9,,1089566.89,-0.05,708.41
2023-11-30 02:00:00+00:00,short,sell - direction_change,38106.9,37685.7,1101065.22,1.06,709.47
2023-11-30 02:00:00+00:00,long,buy,37685.7,,1100514.69,-0.05,709.42
2023-11-30 06:00:00+00:00,long,sell - direction_change,37685.7,37871.2,1105381.48,0.44,709.86
2023-11-30 06:00:00+00:00,short,buy,37871.2,,1104828.79,-0.05,709.81
2023-11-30 11:00:00+00:00,short,sell - direction_change,37871.2,37661.7,1110388.19,0.5,710.31
2023-11-30 11:00:00+00:00,long,buy,37661.7,,1109833.0,-0.05,710.26
2023-11-30 13:00:00+00:00,long,sell - direction_change,37661.7,37861.9,1115177.67,0.48,710.74
2023-11-30 13:00:00+00:00,short,buy,37861.9,,1114620.08,-0.05,710.69
2023-11-30 18:00:00+00:00,short,sell - direction_change,37861.9,37728.7,1117984.06,0.3,710.99
2023-11-30 18:00:00+00:00,long,buy,37728.7,,1117425.06,-0.05,710.94
2023-11-30 20:00:00+00:00,long,sell - direction_change,37728.7,37745.4,1117360.96,-0.01,710.94
2023-11-30 20:00:00+00:00,short,buy,37745.4,,1116802.28,-0.05,710.89
2023-12-01 01:00:00+00:00,short,sell - direction_change,37745.4,37665.5,1118607.94,0.16,711.05
2023-12-01 01:00:00+00:00,long,buy,37665.5,,1118048.64,-0.05,711.0
2023-12-01 10:00:00+00:00,long,sell - take_profit,37665.5,38795.465000000004,1151031.07,2.95,713.95
2023-12-01 11:00:00+00:00,long,buy,38536.9,,1150455.56,-0.05,713.9
2023-12-02 02:00:00+00:00,long,sell - direction_change,38536.9,38734.4,1155776.37,0.46,714.36
2023-12-02 02:00:00+00:00,short,buy,38734.4,,1155198.48,-0.05,714.31
2023-12-02 03:00:00+00:00,short,sell - direction_change,38734.4,38703.4,1155545.41,0.03,714.34
2023-12-02 03:00:00+00:00,long,buy,38703.4,,1154967.64,-0.05,714.29
2023-12-02 05:00:00+00:00,long,sell - direction_change,38703.4,38804.0,1157392.21,0.21,714.5
2023-12-02 05:00:00+00:00,short,buy,38804.0,,1156813.51,-0.05,714.45
2023-12-02 06:00:00+00:00,short,sell - direction_change,38804.0,38727.3,1158521.67,0.15,714.6
2023-12-02 06:00:00+00:00,long,buy,38727.3,,1157942.4,-0.05,714.55
2023-12-02 07:00:00+00:00,long,sell - direction_change,38727.3,38762.6,1158418.9,0.04,714.59
2023-12-02 07:00:00+00:00,short,buy,38762.6,,1157839.69,-0.05,714.54
2023-12-02 08:00:00+00:00,short,sell - direction_change,38762.6,38683.9,1159611.54,0.15,714.69
2023-12-02 08:00:00+00:00,long,buy,38683.9,,1159031.74,-0.05,714.64
2023-12-02 11:00:00+00:00,long,sell - direction_change,38683.9,38735.8,1160007.23,0.08,714.73
2023-12-02 11:00:00+00:00,short,buy,38735.8,,1159427.22,-0.05,714.68
2023-12-02 12:00:00+00:00,short,sell - direction_change,38735.8,38722.8,1159236.62,-0.02,714.66
2023-12-02 12:00:00+00:00,long,buy,38722.8,,1158657.0,-0.05,714.61
2023-12-02 16:00:00+00:00,long,sell - direction_change,38722.8,38786.9,1159995.66,0.12,714.73
2023-12-02 16:00:00+00:00,short,buy,38786.9,,1159415.67,-0.05,714.68
2023-12-02 17:00:00+00:00,short,sell - direction_change,38786.9,38728.0,1160596.59,0.1,714.78
2023-12-02 17:00:00+00:00,long,buy,38728.0,,1160016.29,-0.05,714.73
2023-12-02 19:12:00+00:00,long,sell - take_profit,38728.0,39889.840000000004,1194236.78,2.95,717.68
2023-12-02 20:00:00+00:00,long,buy,39416.4,,1193639.66,-0.05,717.63
2023-12-04 01:23:00+00:00,long,sell - take_profit,39416.4,40598.892,1228852.03,2.95,720.58
2023-12-04 02:00:00+00:00,long,buy,40613.6,,1228237.6,-0.05,720.53
2023-12-04 09:10:00+00:00,long,sell - take_profit,40613.6,41832.008,1264470.61,2.95,723.48
2023-12-04 10:00:00+00:00,long,buy,41559.5,,1263838.38,-0.05,723.43
2023-12-04 15:34:00+00:00,long,sell - stop_loss,41559.5,41143.905,1250568.07,-1.05,722.38
2023-12-04 16:00:00+00:00,long,buy,41280.9,,1249942.79,-0.05,722.33
2023-12-05 06:00:00+00:00,long,sell - direction_change,41280.9,41910.0,1268366.31,1.47,723.8
2023-12-05 06:00:00+00:00,short,buy,41910.0,,1267732.13,-0.05,723.75
2023-12-05 09:00:00+00:00,short,sell - direction_change,41910.0,41614.8,1276027.74,0.65,724.41
2023-12-05 09:00:00+00:00,long,buy,41614.8,,1275389.73,-0.05,724.36
2023-12-05 10:00:00+00:00,long,sell - direction_change,41614.8,41701.0,1277393.85,0.16,724.52
2023-12-05 10:00:00+00:00,short,buy,41701.0,,1276755.15,-0.05,724.47
2023-12-05 11:00:00+00:00,short,sell - direction_change,41701.0,41618.0,1278657.98,0.15,724.61
2023-12-05 11:00:00+00:00,long,buy,41618.0,,1278018.65,-0.05,724.56
2023-12-05 16:40:00+00:00,long,sell - take_profit,41618.0,42866.54,1315720.2,2.95,727.51
2023-12-05 17:00:00+00:00,long,buy,42712.7,,1315062.34,-0.05,727.46
2023-12-05 17:29:00+00:00,long,sell - take_profit,42712.7,43994.081,1353856.68,2.95,730.41
2023-12-05 18:00:00+00:00,long,buy,43389.2,,1353179.75,-0.05,730.36
2023-12-06 20:00:00+00:00,long,sell - direction_change,43389.2,44008.8,1371826.63,1.38,731.74
2023-12-06 20:00:00+00:00,short,buy,44008.8,,1371140.72,-0.05,731.69
2023-12-07 00:00:00+00:00,short,sell - direction_change,44008.8,43775.1,1377736.32,0.48,732.17
2023-12-07 00:00:00+00:00,long,buy,43775.1,,1377047.45,-0.05,732.12
2023-12-07 06:00:00+00:00,long,sell - direction_change,43775.1,44019.9,1384059.68,0.51,732.63
2023-12-07 06:00:00+00:00,short,buy,44019.9,,1383367.65,-0.05,732.58
2023-12-07 07:00:00+00:00,short,sell - direction_change,44019.9,43875.0,1387229.59,0.28,732.86
2023-12-07 07:00:00+00:00,long,buy,43875.0,,1386535.98,-0.05,732.81
2023-12-07 08:00:00+00:00,long,sell - direction_change,43875.0,43899.4,1386613.8,0.01,732.82
2023-12-07 08:00:00+00:00,short,buy,43899.4,,1385920.49,-0.05,732.77
2023-12-07 15:00:00+00:00,short,sell - direction_change,43899.4,43501.1,1397802.01,0.86,733.62
2023-12-07 15:00:00+00:00,long,buy,43501.1,,1397103.11,-0.05,733.57
2023-12-07 17:00:00+00:00,long,sell - direction_change,43501.1,43710.9,1403142.6,0.43,734.01
2023-12-07 17:00:00+00:00,short,buy,43710.9,,1402441.03,-0.05,733.96
2023-12-07 20:00:00+00:00,short,sell - direction_change,43710.9,43239.2,1416874.05,1.03,734.99
2023-12-07 20:00:00+00:00,long,buy,43239.2,,1416165.61,-0.05,734.94
2023-12-07 22:00:00+00:00,long,sell - direction_change,43239.2,43397.1,1420629.05,0.32,735.25
2023-12-07 22:00:00+00:00,short,buy,43397.1,,1419918.74,-0.05,735.2
2023-12-08 04:00:00+00:00,short,sell - direction_change,43397.1,43402.7,1419025.55,-0.06,735.14
2023-12-08 04:00:00+00:00,long,buy,43402.7,,1418316.04,-0.05,735.09
2023-12-08 06:00:00+00:00,long,sell - direction_change,43402.7,43458.7,1419436.85,0.08,735.17
2023-12-08 06:00:00+00:00,short,buy,43458.7,,1418727.13,-0.05,735.12
2023-12-08 11:00:00+00:00,short,sell - direction_change,43458.7,43395.0,1420097.28,0.1,735.21
2023-12-08 11:00:00+00:00,long,buy,43395.0,,1419387.24,-0.05,735.16
2023-12-08 21:23:00+00:00,long,sell - take_profit,43395.0,44696.85,1461259.16,2.95,738.11
2023-12-08 22:00:00+00:00,long,buy,44572.0,,1460528.53,-0.05,738.06
2023-12-09 01:09:00+00:00,long,sell - stop_loss,44572.0,44126.28,1445192.98,-1.05,737.01
2023-12-09 02:00:00+00:00,long,buy,44148.0,,1444470.38,-0.05,736.96
2023-12-09 07:00:00+00:00,long,sell - direction_change,44148.0,44245.5,1446938.23,0.17,737.13
2023-12-09 07:00:00+00:00,short,buy,44245.5,,1446214.76,-0.05,737.08
2023-12-09 09:00:00+00:00,short,sell - direction_change,44245.5,43861.8,1458033.33,0.82,737.9
2023-12-09 09:00:00+00:00,long,buy,43861.8,,1457304.31,-0.05,737.85
2023-12-09 10:00:00+00:00,long,sell - direction_change,43861.8,43865.6,1456701.92,-0.04,737.81
2023-12-09 10:00:00+00:00,short,buy,43865.6,,1455973.56,-0.05,737.76
2023-12-09 12:00:00+00:00,short,sell - direction_change,43865.6,43838.2,1456155.03,0.01,737.77
2023-12-09 12:00:00+00:00,long,buy,43838.2,,1455426.95,-0.05,737.72
2023-12-09 14:00:00+00:00,long,sell - direction_change,43838.2,44030.0,1461066.99,0.39,738.11
2023-12-09 14:00:00+00:00,short,buy,44030.0,,1460336.46,-0.05,738.06
2023-12-09 15:00:00+00:00,short,sell - direction_change,44030.0,43963.6,1461808.57,0.1,738.16
2023-12-09 15:00:00+00:00,long,buy,43963.6,,1461077.67,-0.05,738.11
2023-12-09 16:00:00+00:00,long,sell - direction_change,43963.6,44088.0,1464481.41,0.23,738.34
2023-12-09 16:00:00+00:00,short,buy,44088.0,,1463749.17,-0.05,738.29
2023-12-09 20:00:00+00:00,short,sell - direction_change,44088.0,43954.8,1467439.62,0.25,738.55
2023-12-09 20:00:00+00:00,long,buy,43954.8,,1466705.9,-0.05,738.5
2023-12-09 21:00:00+00:00,long,sell - direction_change,43954.8,44018.0,1468081.44,0.09,738.59
2023-12-09 21:00:00+00:00,short,buy,44018.0,,1467347.4,-0.05,738.54
2023-12-10 06:00:00+00:00,short,sell - direction_change,44018.0,43927.5,1469630.56,0.16,738.7
2023-12-10 06:00:00+00:00,long,buy,43927.5,,1468895.74,-0.05,738.65
2023-12-10 08:00:00+00:00,long,sell - direction_change,43927.5,43995.8,1470445.18,0.11,738.75
2023-12-10 08:00:00+00:00,short,buy,43995.8,,1469709.96,-0.05,738.7
2023-12-10 12:00:00+00:00,short,sell - direction_change,43995.8,43760.1,1476848.83,0.49,739.19
2023-12-10 12:00:00+00:00,long,buy,43760.1,,1476110.4,-0.05,739.14
2023-12-10 13:00:00+00:00,long,sell - direction_change,43760.1,43912.1,1480499.59,0.3,739.43
2023-12-10 13:00:00+00:00,short,buy,43912.1,,1479759.34,-0.05,739.38
2023-12-10 15:00:00+00:00,short,sell - direction_change,43912.1,43861.8,1480714.48,0.06,739.45
2023-12-10 15:00:00+00:00,long,buy,43861.8,,1479974.12,-0.05,739.4
2023-12-10 16:00:00+00:00,long,sell - direction_change,43861.8,43945.3,1482051.57,0.14,739.54
2023-12-10 16:00:00+00:00,short,buy,43945.3,,1481310.55,-0.05,739.49
2023-12-10 18:00:00+00:00,short,sell - direction_change,43945.3,43851.6,1483728.34,0.16,739.65
2023-12-10 18:00:00+00:00,long,buy,43851.6,,1482986.47,-0.05,739.6
2023-12-10 19:00:00+00:00,long,sell - direction_change,43851.6,43864.5,1482681.24,-0.02,739.58
2023-12-10 19:00:00+00:00,short,buy,43864.5,,1481939.9,-0.05,739.53
2023-12-10 20:00:00+00:00,short,sell - direction_change,43864.5,43819.5,1482719.23,0.05,739.58
2023-12-10 20:00:00+00:00,long,buy,43819.5,,1481977.87,-0.05,739.53
2023-12-10 21:00:00+00:00,long,sell - direction_change,43819.5,43996.9,1487236.56,0.35,739.89
2023-12-10 21:00:00+00:00,short,buy,43996.9,,1486492.94,-0.05,739.84
2023-12-11 02:07:00+00:00,short,sell - take_profit,43996.9,42676.993,1530344.48,2.95,742.79
2023-12-11 03:00:00+00:00,short,buy,41962.3,,1529579.31,-0.05,742.74
2023-12-11 03:34:00+00:00,short,sell - stop_loss,41962.3,42381.923,1513518.73,-1.05,741.69
2023-12-11 04:00:00+00:00,short,buy,42312.7,,1512761.97,-0.05,741.64
2023-12-11 09:00:00+00:00,short,sell - direction_change,42312.7,42246.4,1514375.94,0.11,741.75
2023-12-11 09:00:00+00:00,long,buy,42246.4,,1513618.75,-0.05,741.7
2023-12-11 10:00:00+00:00,long,sell - direction_change,42246.4,42386.2,1517870.75,0.28,741.98
2023-12-11 10:00:00+00:00,short,buy,42386.2,,1517111.81,-0.05,741.93
2023-12-11 12:00:00+00:00,short,sell - direction_change,42386.2,42346.6,1517770.64,0.04,741.97
2023-12-11 12:00:00+00:00,long,buy,42346.6,,1517011.76,-0.05,741.92
2023-12-11 13:00:00+00:00,long,sell - direction_change,42346.6,42218.0,1511646.32,-0.35,741.57
2023-12-11 13:00:00+00:00,short,buy,42218.0,,1510890.5,-0.05,741.52
2023-12-11 18:12:00+00:00,short,sell - take_profit,42218.0,40951.46,1555461.77,2.95,744.47
2023-12-11 19:00:00+00:00,short,buy,41078.1,,1554684.04,-0.05,744.42
2023-12-12 00:00:00+00:00,short,sell - direction_change,41078.1,41271.1,1546602.22,-0.52,743.9
2023-12-12 00:00:00+00:00,long,buy,41271.1,,1545828.92,-0.05,743.85
2023-12-12 01:00:00+00:00,long,sell - direction_change,41271.1,41735.5,1562450.33,1.08,744.92
2023-12-12 01:00:00+00:00,short,buy,41735.5,,1561669.1,-0.05,744.87
2023-12-12 02:00:00+00:00,short,sell - direction_change,41735.5,41703.5,1562085.65,0.03,744.9
2023-12-12 02:00:00+00:00,long,buy,41703.5,,1561304.61,-0.05,744.85
2023-12-12 04:00:00+00:00,long,sell - direction_change,41703.5,41760.3,1562650.45,0.09,744.94
2023-12-12 04:00:00+00:00,short,buy,41760.3,,1561869.12,-0.05,744.89
2023-12-12 05:00:00+00:00,short,sell - direction_change,41760.3,41411.9,1574118.63,0.78,745.67
2023-12-12 05:00:00+00:00,long,buy,41411.9,,1573331.57,-0.05,745.62
2023-12-12 11:00:00+00:00,long,sell - direction_change,41411.9,41827.8,1588345.89,0.95,746.57
2023-12-12 11:00:00+00:00,short,buy,41827.8,,1587551.71,-0.05,746.52
2023-12-12 12:00:00+00:00,short,sell - direction_change,41827.8,41606.7,1595149.67,0.48,747.0
2023-12-12 12:00:00+00:00,long,buy,41606.7,,1594352.1,-0.05,746.95
2023-12-12 15:00:00+00:00,long,sell - direction_change,41606.7,41495.1,1589278.45,-0.32,746.63
2023-12-12 15:00:00+00:00,short,buy,41495.1,,1588483.81,-0.05,746.58
2023-12-12 18:00:00+00:00,short,sell - direction_change,41495.1,40734.5,1616806.28,1.78,748.37
2023-12-12 18:00:00+00:00,long,buy,40734.5,,1615997.88,-0.05,748.32
2023-12-12 19:00:00+00:00,long,sell - direction_change,40734.5,41335.0,1639012.6,1.42,749.74
2023-12-12 19:00:00+00:00,short,buy,41335.0,,1638193.1,-0.05,749.69
2023-12-12 23:00:00+00:00,short,sell - direction_change,41335.0,41258.1,1640421.71,0.14,749.83
2023-12-12 23:00:00+00:00,long,buy,41258.1,,1639601.5,-0.05,749.78
2023-12-13 00:00:00+00:00,long,sell - direction_change,41258.1,41514.9,1648986.96,0.57,750.35
2023-12-13 00:00:00+00:00,short,buy,41514.9,,1648162.46,-0.05,750.3
2023-12-13 07:00:00+00:00,short,sell - direction_change,41514.9,40885.5,1672325.88,1.47,751.77
2023-12-13 07:00:00+00:00,long,buy,40885.5,,1671489.72,-0.05,751.72
2023-12-13 09:00:00+00:00,long,sell - direction_change,40885.5,41291.8,1687264.42,0.94,752.66
2023-12-13 09:00:00+00:00,short,buy,41291.8,,1686420.78,-0.05,752.61
2023-12-13 12:00:00+00:00,short,sell - direction_change,41291.8,41035.3,1696053.43,0.57,753.18
2023-12-13 12:00:00+00:00,long,buy,41035.3,,1695205.4,-0.05,753.13
2023-12-13 19:00:00+00:00,long,sell - take_profit,41035.3,42266.359000000004,1745213.96,2.95,756.08
2023-12-13 20:00:00+00:00,long,buy,42746.7,,1744341.35,-0.05,756.03
2023-12-14 13:29:00+00:00,long,sell - stop_loss,42746.7,42319.233,1726025.77,-1.05,754.98
2023-12-14 14:00:00+00:00,long,buy,42564.8,,1725162.76,-0.05,754.93
2023-12-14 15:00:00+00:00,long,sell - direction_change,42564.8,42664.9,1728357.26,0.19,755.12
2023-12-14 15:00:00+00:00,short,buy,42664.9,,1727493.08,-0.05,755.07
2023-12-14 16:00:00+00:00,short,sell - direction_change,42664.9,42454.1,1735164.58,0.44,755.51
2023-12-14 16:00:00+00:00,long,buy,42454.1,,1734297.0,-0.05,755.46
2023-12-15 03:00:00+00:00,long,sell - direction_change,42454.1,42898.8,1751596.34,1.0,756.46
2023-12-15 03:00:00+00:00,short,buy,42898.8,,1750720.54,-0.05,756.41
2023-12-15 08:00:00+00:00,short,sell - direction_change,42898.8,42724.8,1756946.2,0.36,756.76
2023-12-15 08:00:00+00:00,long,buy,42724.8,,1756067.73,-0.05,756.71
2023-12-15 09:00:00+00:00,long,sell - direction_change,42724.8,42882.8,1761683.78,0.32,757.03
2023-12-15 09:00:00+00:00,short,buy,42882.8,,1760802.94,-0.05,756.98
2023-12-15 10:00:00+00:00,short,sell - direction_change,42882.8,42859.8,1760866.94,0.0,756.99
2023-12-15 10:00:00+00:00,long,buy,42859.8,,1759986.51,-0.05,756.94
2023-12-15 11:00:00+00:00,long,sell - direction_change,42859.8,42867.0,1759402.17,-0.03,756.9
2023-12-15 11:00:00+00:00,short,buy,42867.0,,1758522.47,-0.05,756.85
2023-12-16 01:00:00+00:00,short,sell - direction_change,42867.0,41934.2,1795909.24,2.13,758.98
2023-12-16 01:00:00+00:00,long,buy,41934.2,,1795011.28,-0.05,758.93
2023-12-16 05:00:00+00:00,long,sell - direction_change,41934.2,42312.8,1810319.91,0.85,759.78
2023-12-16 05:00:00+00:00,short,buy,42312.8,,1809414.75,-0.05,759.73
2023-12-16 07:00:00+00:00,short,sell - direction_change,42312.8,42231.9,1811969.55,0.14,759.87
2023-12-16 07:00:00+00:00,long,buy,42231.9,,1811063.57,-0.05,759.82
2023-12-16 13:00:00+00:00,long,sell - direction_change,42231.9,42442.0,1819167.92,0.45,760.27
2023-12-16 13:00:00+00:00,short,buy,42442.0,,1818258.34,-0.05,760.22
2023-12-16 14:00:00+00:00,short,sell - direction_change,42442.0,42417.0,1818420.23,0.01,760.23
2023-12-16 14:00:00+00:00,long,buy,42417.0,,1817511.02,-0.05,760.18
2023-12-16 21:00:00+00:00,long,sell - direction_change,42417.0,42359.7,1814147.04,-0.19,759.99
2023-12-16 21:00:00+00:00,short,buy,42359.7,,1813239.97,-0.05,759.94
2023-12-17 12:00:00+00:00,short,sell - direction_change,42359.7,41979.8,1828595.26,0.85,760.79
2023-12-17 12:00:00+00:00,long,buy,41979.8,,1827680.96,-0.05,760.74
2023-12-17 13:00:00+00:00,long,sell - direction_change,41979.8,41973.9,1826510.25,-0.06,760.68
2023-12-17 13:00:00+00:00,short,buy,41973.9,,1825597.0,-0.05,760.63
2023-12-17 16:00:00+00:00,short,sell - direction_change,41973.9,41828.5,1831008.17,0.3,760.92
2023-12-17 16:00:00+00:00,long,buy,41828.5,,1830092.67,-0.05,760.87
2023-12-17 21:00:00+00:00,long,sell - direction_change,41828.5,42152.0,1843331.49,0.72,761.6
2023-12-17 21:00:00+00:00,short,buy,42152.0,,1842409.82,-0.05,761.55
2023-12-18 02:35:00+00:00,short,sell - take_profit,42152.0,40887.44,1896760.91,2.95,764.5
2023-12-18 03:00:00+00:00,long,buy,40919.8,,1895812.53,-0.05,764.45
2023-12-18 04:00:00+00:00,long,sell - direction_change,40919.8,41107.0,1903537.59,0.41,764.85
2023-12-18 04:00:00+00:00,short,buy,41107.0,,1902585.83,-0.05,764.8
2023-12-18 11:00:00+00:00,short,sell - direction_change,41107.0,40845.9,1913719.22,0.59,765.39
2023-12-18 11:00:00+00:00,long,buy,40845.9,,1912762.36,-0.05,765.34
2023-12-18 12:00:00+00:00,long,sell - direction_change,40845.9,41137.2,1925447.19,0.66,766.0
2023-12-18 12:00:00+00:00,short,buy,41137.2,,1924484.47,-0.05,765.95
2023-12-18 13:00:00+00:00,short,sell - direction_change,41137.2,40941.1,1932696.19,0.43,766.38
2023-12-18 13:00:00+00:00,long,buy,40941.1,,1931729.85,-0.05,766.33
2023-12-18 21:04:00+00:00,long,sell - take_profit,40941.1,42169.333,1988715.88,2.95,769.28
2023-12-18 22:00:00+00:00,long,buy,42643.0,,1987721.52,-0.05,769.23
2023-12-19 16:00:00+00:00,long,sell - direction_change,42643.0,42512.9,1980663.3,-0.36,768.87
2023-12-19 16:00:00+00:00,short,buy,42512.9,,1979672.97,-0.05,768.82
2023-12-19 18:00:00+00:00,short,sell - direction_change,42512.9,41881.8,2008071.19,1.43,770.26
2023-12-19 18:00:00+00:00,long,buy,41881.8,,2007067.15,-0.05,770.21
2023-12-19 19:00:00+00:00,long,sell - direction_change,41881.8,42248.6,2023641.47,0.83,771.03
2023-12-19 19:00:00+00:00,short,buy,42248.6,,2022629.65,-0.05,770.98
2023-12-19 21:00:00+00:00,short,sell - direction_change,42248.6,42256.2,2021254.49,-0.07,770.92
2023-12-19 21:00:00+00:00,long,buy,42256.2,,2020243.87,-0.05,770.87
2023-12-19 22:00:00+00:00,long,sell - direction_change,42256.2,42549.2,2033241.9,0.64,771.51
2023-12-19 22:00:00+00:00,short,buy,42549.2,,2032225.28,-0.05,771.46
2023-12-20 00:00:00+00:00,short,sell - direction_change,42549.2,42298.2,2043197.37,0.54,772.0
2023-12-20 00:00:00+00:00,long,buy,42298.2,,2042175.77,-0.05,771.95
2023-12-20 01:00:00+00:00,long,sell - direction_change,42298.2,42442.9,2048140.86,0.29,772.24
2023-12-20 01:00:00+00:00,short,buy,42442.9,,2047116.79,-0.05,772.19
2023-12-20 02:00:00+00:00,short,sell - direction_change,42442.9,42329.1,2051582.07,0.22,772.41
2023-12-20 02:00:00+00:00,long,buy,42329.1,,2050556.28,-0.05,772.36
2023-12-20 13:46:00+00:00,long,sell - take_profit,42329.1,43598.973,2111047.69,2.95,775.31
2023-12-20 14:00:00+00:00,long,buy,43816.8,,2109992.16,-0.05,775.26
2023-12-20 20:06:00+00:00,long,sell - stop_loss,43816.8,43378.632000000005,2087837.24,-1.05,774.21
2023-12-20 21:00:00+00:00,long,buy,43481.6,,2086793.33,-0.05,774.16
2023-12-21 01:00:00+00:00,long,sell - direction_change,43481.6,43622.3,2092502.48,0.27,774.43
2023-12-21 01:00:00+00:00,short,buy,43622.3,,2091456.23,-0.05,774.38
2023-12-21 03:00:00+00:00,short,sell - direction_change,43622.3,43420.1,2100104.91,0.41,774.8
2023-12-21 03:00:00+00:00,long,buy,43420.1,,2099054.86,-0.05,774.75
2023-12-21 14:00:00+00:00,long,sell - direction_change,43420.1,44179.0,2134692.78,1.7,776.45
2023-12-21 14:00:00+00:00,short,buy,44179.0,,2133625.44,-0.05,776.4
2023-12-21 15:00:00+00:00,short,sell - direction_change,44179.0,43547.5,2163056.92,1.38,777.77
2023-12-21 15:00:00+00:00,long,buy,43547.5,,2161975.4,-0.05,777.72
2023-12-21 16:00:00+00:00,long,sell - direction_change,43547.5,43857.7,2176294.71,0.66,778.39
2023-12-21 16:00:00+00:00,short,buy,43857.7,,2175206.57,-0.05,778.34
2023-12-21 20:00:00+00:00,short,sell - direction_change,43857.7,43623.0,2185759.36,0.49,778.82
2023-12-21 20:00:00+00:00,long,buy,43623.0,,2184666.48,-0.05,778.77
2023-12-22 07:00:00+00:00,long,sell - direction_change,43623.0,43906.5,2197772.0,0.6,779.37
2023-12-22 07:00:00+00:00,short,buy,43906.5,,2196673.11,-0.05,779.32
2023-12-22 08:00:00+00:00,short,sell - direction_change,43906.5,43614.0,2210208.76,0.62,779.94
2023-12-22 08:00:00+00:00,long,buy,43614.0,,2209103.65,-0.05,779.89
2023-12-22 09:00:00+00:00,long,sell - direction_change,43614.0,43638.4,2209234.99,0.01,779.89
2023-12-22 09:00:00+00:00,short,buy,43638.4,,2208130.37,-0.05,779.84
2023-12-22 17:00:00+00:00,short,sell - direction_change,43638.4,43587.1,2209622.12,0.07,779.91
2023-12-22 17:00:00+00:00,long,buy,43587.1,,2208517.31,-0.05,779.86
2023-12-22 19:00:00+00:00,long,sell - direction_change,43587.1,43983.4,2227493.2,0.86,780.72
2023-12-22 19:00:00+00:00,short,buy,43983.4,,2226379.45,-0.05,780.67
2023-12-22 22:00:00+00:00,short,sell - direction_change,43983.4,43733.0,2237941.17,0.52,781.19
2023-12-22 22:00:00+00:00,long,buy,43733.0,,2236822.2,-0.05,781.14
2023-12-23 01:00:00+00:00,long,sell - direction_change,43733.0,43843.1,2241335.1,0.2,781.34
2023-12-23 01:00:00+00:00,short,buy,43843.1,,2240214.43,-0.05,781.29
2023-12-23 12:00:00+00:00,short,sell - direction_change,43843.1,43583.0,2252384.44,0.54,781.84
2023-12-23 12:00:00+00:00,long,buy,43583.0,,2251258.24,-0.05,781.79
2023-12-24 05:00:00+00:00,long,sell - direction_change,43583.0,43828.3,2262803.46,0.51,782.3
2023-12-24 05:00:00+00:00,short,buy,43828.3,,2261672.06,-0.05,782.25
2023-12-24 13:00:00+00:00,short,sell - direction_change,43828.3,43677.6,2268317.8,0.29,782.54
2023-12-24 13:00:00+00:00,long,buy,43677.6,,2267183.64,-0.05,782.49
2023-12-24 15:00:00+00:00,long,sell - direction_change,43677.6,43762.0,2270431.02,0.14,782.64
2023-12-24 15:00:00+00:00,short,buy,43762.0,,2269295.8,-0.05,782.59
2023-12-25 05:00:00+00:00,short,sell - direction_change,43762.0,43133.7,2300741.9,1.39,783.97
2023-12-25 05:00:00+00:00,long,buy,43133.7,,2299591.53,-0.05,783.92
2023-12-25 07:00:00+00:00,long,sell - direction_change,43133.7,43269.4,2305676.32,0.26,784.19
2023-12-25 07:00:00+00:00,short,buy,43269.4,,2304523.48,-0.05,784.14
2023-12-25 09:00:00+00:00,short,sell - direction_change,43269.4,43144.3,2310034.03,0.24,784.37
2023-12-25 09:00:00+00:00,long,buy,43144.3,,2308879.02,-0.05,784.32
2023-12-25 11:00:00+00:00,long,sell - direction_change,43144.3,43204.7,2310956.9,0.09,784.41
2023-12-25 11:00:00+00:00,short,buy,43204.7,,2309801.42,-0.05,784.36
2023-12-25 12:00:00+00:00,short,sell - direction_change,43204.7,43200.4,2308876.41,-0.04,784.32
2023-12-25 12:00:00+00:00,long,buy,43200.4,,2307721.97,-0.05,784.27
2023-12-25 23:00:00+00:00,long,sell - direction_change,43200.4,43716.7,2334148.34,1.15,785.42
2023-12-25 23:00:00+00:00,short,buy,43716.7,,2332981.26,-0.05,785.37
2023-12-26 01:00:00+00:00,short,sell - direction_change,43716.7,43491.1,2343854.12,0.47,785.84
2023-12-26 01:00:00+00:00,long,buy,43491.1,,2342682.19,-0.05,785.79
2023-12-26 02:00:00+00:00,long,sell - direction_change,43491.1,43549.2,2344640.45,0.08,785.87
2023-12-26 02:00:00+00:00,short,buy,43549.2,,2343468.13,-0.05,785.82
2023-12-26 09:45:00+00:00,short,sell - take_profit,43549.2,42242.723999999995,2412600.44,2.95,788.77
2023-12-26 10:00:00+00:00,short,buy,42449.0,,2411394.14,-0.05,788.72
2023-12-26 20:00:00+00:00,short,sell - direction_change,42449.0,42149.2,2427219.14,0.66,789.38
2023-12-26 20:00:00+00:00,long,buy,42149.2,,2426005.53,-0.05,789.33
2023-12-26 23:00:00+00:00,long,sell - direction_change,42149.2,42494.9,2444690.18,0.77,790.1
2023-12-26 23:00:00+00:00,short,buy,42494.9,,2443467.83,-0.05,790.05
2023-12-27 01:00:00+00:00,short,sell - direction_change,42494.9,42395.7,2447950.13,0.18,790.23
2023-12-27 01:00:00+00:00,long,buy,42395.7,,2446726.15,-0.05,790.18
2023-12-27 02:00:00+00:00,long,sell - direction_change,42395.7,42493.1,2451123.9,0.18,790.36
2023-12-27 02:00:00+00:00,short,buy,42493.1,,2449898.34,-0.05,790.31
2023-12-27 03:00:00+00:00,short,sell - direction_change,42493.1,42264.4,2461858.87,0.49,790.8
2023-12-27 03:00:00+00:00,long,buy,42264.4,,2460627.94,-0.05,790.75
2023-12-27 06:00:00+00:00,long,sell - direction_change,42264.4,42485.8,2472287.5,0.47,791.22
2023-12-27 06:00:00+00:00,short,buy,42485.8,,2471051.36,-0.05,791.17
2023-12-27 07:00:00+00:00,short,sell - direction_change,42485.8,42458.5,2471403.65,0.01,791.19
2023-12-27 07:00:00+00:00,long,buy,42458.5,,2470167.95,-0.05,791.14
2023-12-28 00:33:00+00:00,long,sell - take_profit,42458.5,43732.255000000005,2543037.91,2.95,794.09
2023-12-28 01:00:00+00:00,long,buy,43600.0,,2541766.39,-0.05,794.04
2023-12-28 05:11:00+00:00,long,sell - stop_loss,43600.0,43164.0,2515077.84,-1.05,792.99
2023-12-28 06:00:00+00:00,short,buy,43259.4,,2513820.3,-0.05,792.94
2023-12-28 07:00:00+00:00,short,sell - direction_change,43259.4,43071.2,2523499.76,0.39,793.32
2023-12-28 07:00:00+00:00,long,buy,43071.2,,2522238.01,-0.05,793.27
2023-12-28 08:00:00+00:00,long,sell - direction_change,43071.2,43087.3,2521919.71,-0.01,793.26
2023-12-28 08:00:00+00:00,short,buy,43087.3,,2520658.75,-0.05,793.21
2023-12-28 09:00:00+00:00,short,sell - direction_change,43087.3,42968.8,2526330.81,0.23,793.43
2023-12-28 09:00:00+00:00,long,buy,42968.8,,2525067.65,-0.05,793.38
2023-12-28 11:00:00+00:00,long,sell - direction_change,42968.8,43142.2,2533994.99,0.35,793.74
2023-12-28 11:00:00+00:00,short,buy,43142.2,,2532727.99,-0.05,793.69
2023-12-29 02:00:00+00:00,short,sell - direction_change,43142.2,42374.8,2576513.0,1.73,795.42
2023-12-29 02:00:00+00:00,long,buy,42374.8,,2575224.74,-0.05,795.37
2023-12-29 04:00:00+00:00,long,sell - direction_change,42374.8,42738.2,2596021.88,0.81,796.17
2023-12-29 04:00:00+00:00,short,buy,42738.2,,2594723.87,-0.05,796.12
2023-12-29 05:00:00+00:00,short,sell - direction_change,42738.2,42706.7,2595338.93,0.02,796.15
2023-12-29 05:00:00+00:00,long,buy,42706.7,,2594041.27,-0.05,796.1
2023-12-29 06:00:00+00:00,long,sell - direction_change,42706.7,42724.5,2593825.43,-0.01,796.09
2023-12-29 06:00:00+00:00,short,buy,42724.5,,2592528.52,-0.05,796.04
2023-12-29 09:00:00+00:00,short,sell - direction_change,42724.5,42518.1,2603756.63,0.43,796.47
2023-12-29 09:00:00+00:00,long,buy,42518.1,,2602454.76,-0.05,796.42
2023-12-29 15:00:00+00:00,long,sell - direction_change,42518.1,43066.1,2634695.6,1.24,797.66
2023-12-29 15:00:00+00:00,short,buy,43066.1,,2633378.25,-0.05,797.61
2023-12-29 17:10:00+00:00,short,sell - take_profit,43066.1,41774.117,2711062.91,2.95,800.56
2023-12-29 18:00:00+00:00,short,buy,41846.2,,2709707.38,-0.05,800.51
2023-12-29 21:13:00+00:00,short,sell - stop_loss,41846.2,42264.662,2681255.45,-1.05,799.46
2023-12-29 22:00:00+00:00,short,buy,41974.1,,2679914.83,-0.05,799.41
2023-12-29 23:00:00+00:00,short,sell - direction_change,41974.1,41794.8,2690022.61,0.38,799.79
2023-12-29 23:00:00+00:00,long,buy,41794.8,,2688677.6,-0.05,799.74
2023-12-30 00:00:00+00:00,long,sell - direction_change,41794.8,42095.1,2706651.69,0.67,800.41
2023-12-30 00:00:00+00:00,short,buy,42095.1,,2705298.37,-0.05,800.36
2023-12-30 03:00:00+00:00,short,sell - direction_change,42095.1,41940.0,2713913.43,0.32,800.67
2023-12-30 03:00:00+00:00,long,buy,41940.0,,2712556.47,-0.05,800.62
2023-12-30 06:00:00+00:00,long,sell - direction_change,41940.0,42148.2,2724665.96,0.45,801.07
2023-12-30 06:00:00+00:00,short,buy,42148.2,,2723303.63,-0.05,801.02
2023-12-30 12:00:00+00:00,short,sell - direction_change,42148.2,41933.6,2735807.83,0.46,801.48
2023-12-30 12:00:00+00:00,long,buy,41933.6,,2734439.93,-0.05,801.43
2023-12-31 01:00:00+00:00,long,sell - direction_change,41933.6,42395.1,2763166.57,1.05,802.48
2023-12-31 01:00:00+00:00,short,buy,42395.1,,2761784.99,-0.05,802.43
2023-12-31 03:00:00+00:00,short,sell - direction_change,42395.1,42119.6,2778351.26,0.6,803.03
2023-12-31 03:00:00+00:00,long,buy,42119.6,,2776962.08,-0.05,802.98
2023-12-31 05:00:00+00:00,long,sell - direction_change,42119.6,42265.6,2785199.44,0.3,803.28
2023-12-31 05:00:00+00:00,short,buy,42265.6,,2783806.84,-0.05,803.23
2023-12-31 06:00:00+00:00,short,sell - direction_change,42265.6,42235.3,2784410.63,0.02,803.25
2023-12-31 06:00:00+00:00,long,buy,42235.3,,2783018.43,-0.05,803.2
2023-12-31 21:00:00+00:00,long,sell - direction_change,42235.3,42599.2,2805605.45,0.81,804.01
2023-12-31 21:00:00+00:00,short,buy,42599.2,,2804202.65,-0.05,803.96
2024-01-01 00:00:00+00:00,short,sell - direction_change,42599.2,42314.0,2821574.57,0.62,804.58
2024-01-01 00:00:00+00:00,long,buy,42314.0,,2820163.79,-0.05,804.53
2024-01-01 02:00:00+00:00,long,sell - direction_change,42314.0,42647.9,2841007.63,0.74,805.27
2024-01-01 02:00:00+00:00,short,buy,42647.9,,2839587.13,-0.05,805.22
2024-01-01 07:00:00+00:00,short,sell - direction_change,42647.9,42423.4,2853115.02,0.48,805.7
2024-01-01 07:00:00+00:00,long,buy,42423.4,,2851688.46,-0.05,805.65
2024-01-01 20:01:00+00:00,long,sell - take_profit,42423.4,43696.102000000006,2935813.27,2.95,808.6
2024-01-01 21:00:00+00:00,long,buy,43753.2,,2934345.36,-0.05,808.55
2024-01-02 00:57:00+00:00,long,sell - take_profit,43753.2,45065.795999999995,3020908.55,2.95,811.5
2024-01-02 01:00:00+00:00,long,buy,45179.7,,3019398.1,-0.05,811.45
2024-01-02 21:01:00+00:00,long,sell - stop_loss,45179.7,44727.903,2987694.42,-1.05,810.4
2024-01-02 22:00:00+00:00,long,buy,45154.9,,2986200.57,-0.05,810.35
2024-01-02 23:00:00+00:00,long,sell - direction_change,45154.9,45006.7,2974906.65,-0.38,809.97
2024-01-02 23:00:00+00:00,short,buy,45006.7,,2973419.2,-0.05,809.92
2024-01-03 00:00:00+00:00,short,sell - direction_change,45006.7,44979.7,2973716.28,0.01,809.93
2024-01-03 00:00:00+00:00,long,buy,44979.7,,2972229.42,-0.05,809.88
2024-01-03 07:00:00+00:00,long,sell - direction_change,44979.7,45362.8,2996058.3,0.8,810.68
2024-01-03 07:00:00+00:00,short,buy,45362.8,,2994560.27,-0.05,810.63
2024-01-03 08:00:00+00:00,short,sell - direction_change,45362.8,45030.5,3014999.3,0.68,811.31
2024-01-03 08:00:00+00:00,long,buy,45030.5,,3013491.8,-0.05,811.26
2024-01-03 11:00:00+00:00,long,sell - direction_change,45030.5,45175.7,3021702.0,0.27,811.53
2024-01-03 11:00:00+00:00,short,buy,45175.7,,3020191.15,-0.05,811.48
2024-01-03 11:55:00+00:00,short,sell - take_profit,45175.7,43820.429,3109286.79,2.95,814.43
2024-01-03 12:00:00+00:00,short,buy,43728.9,,3107732.15,-0.05,814.38
2024-01-03 12:01:00+00:00,short,sell - take_profit,43728.9,42417.033,3199410.25,2.95,817.33
2024-01-03 13:00:00+00:00,short,buy,42795.8,,3197810.54,-0.05,817.28
2024-01-03 15:00:00+00:00,short,sell - direction_change,42795.8,42204.1,3240424.96,1.33,818.62
2024-01-03 15:00:00+00:00,long,buy,42204.1,,3238804.75,-0.05,818.57
2024-01-03 16:02:00+00:00,long,sell - take_profit,42204.1,43470.223,3334349.49,2.95,821.52
2024-01-03 17:00:00+00:00,short,buy,43009.1,,3332682.31,-0.05,821.47
2024-01-03 19:00:00+00:00,short,sell - direction_change,43009.1,42267.6,3388473.21,1.67,823.14
2024-01-03 19:00:00+00:00,long,buy,42267.6,,3386778.97,-0.05,823.09
2024-01-03 22:00:00+00:00,long,sell - direction_change,42267.6,42927.1,3437929.38,1.51,824.6
2024-01-03 22:00:00+00:00,short,buy,42927.1,,3436210.42,-0.05,824.55
2024-01-03 23:00:00+00:00,short,sell - direction_change,42927.1,42753.6,3448380.57,0.35,824.9
2024-01-03 23:00:00+00:00,long,buy,42753.6,,3446656.38,-0.05,824.85
2024-01-04 01:00:00+00:00,long,sell - direction_change,42753.6,42883.4,3455397.1,0.25,825.11
2024-01-04 01:00:00+00:00,short,buy,42883.4,,3453669.4,-0.05,825.06
2024-01-04 02:00:00+00:00,short,sell - direction_change,42883.4,42716.6,3465376.02,0.34,825.4
2024-01-04 02:00:00+00:00,long,buy,42716.6,,3463643.33,-0.05,825.35
2024-01-04 06:00:00+00:00,long,sell - direction_change,42716.6,43191.3,3500402.2,1.06,826.41
2024-01-04 06:00:00+00:00,short,buy,43191.3,,3498652.0,-0.05,826.36
2024-01-04 08:00:00+00:00,short,sell - direction_change,43191.3,42775.1,3530616.39,0.91,827.27
2024-01-04 08:00:00+00:00,long,buy,42775.1,,3528851.08,-0.05,827.22
2024-01-04 15:28:00+00:00,long,sell - take_profit,42775.1,44058.353,3632952.18,2.95,830.17
2024-01-04 16:00:00+00:00,long,buy,44050.4,,3631135.71,-0.05,830.12
2024-01-05 01:00:00+00:00,long,sell - direction_change,44050.4,44207.4,3642261.87,0.31,830.43
2024-01-05 01:00:00+00:00,short,buy,44207.4,,3640440.74,-0.05,830.38
2024-01-05 01:48:00+00:00,short,sell - take_profit,44207.4,42881.178,3747833.74,2.95,833.33
2024-01-05 02:00:00+00:00,long,buy,43373.5,,3745959.82,-0.05,833.28
2024-01-05 10:00:00+00:00,long,sell - direction_change,43373.5,44147.8,3810959.4,1.74,835.01
2024-01-05 10:00:00+00:00,short,buy,44147.8,,3809053.92,-0.05,834.96
2024-01-05 11:00:00+00:00,short,sell - direction_change,44147.8,43628.3,3851971.63,1.13,836.09
2024-01-05 11:00:00+00:00,long,buy,43628.3,,3850045.65,-0.05,836.04
2024-01-05 14:00:00+00:00,long,sell - direction_change,43628.3,43978.6,3879033.38,0.75,836.79
2024-01-05 14:00:00+00:00,short,buy,43978.6,,3877093.87,-0.05,836.74
2024-01-05 20:00:00+00:00,short,sell - direction_change,43978.6,43599.0,3908620.34,0.81,837.56
2024-01-05 20:00:00+00:00,long,buy,43599.0,,3906666.03,-0.05,837.51
2024-01-06 05:00:00+00:00,long,sell - direction_change,43599.0,43851.2,3927310.95,0.53,838.04
2024-01-06 05:00:00+00:00,short,buy,43851.2,,3925347.29,-0.05,837.99
2024-01-06 14:00:00+00:00,short,sell - direction_change,43851.2,43701.1,3936820.85,0.29,838.28
2024-01-06 14:00:00+00:00,long,buy,43701.1,,3934852.44,-0.05,838.23
2024-01-07 05:00:00+00:00,long,sell - direction_change,43701.1,43994.8,3959329.79,0.62,838.85
2024-01-07 05:00:00+00:00,short,buy,43994.8,,3957350.13,-0.05,838.8
2024-01-07 06:00:00+00:00,short,sell - direction_change,43994.8,43880.5,3965652.79,0.21,839.01
2024-01-07 06:00:00+00:00,long,buy,43880.5,,3963669.96,-0.05,838.96
2024-01-07 09:00:00+00:00,long,sell - direction_change,43880.5,44010.0,3973385.69,0.25,839.2
2024-01-07 09:00:00+00:00,short,buy,44010.0,,3971399.0,-0.05,839.15
2024-01-07 10:00:00+00:00,short,sell - direction_change,44010.0,43923.0,3977264.06,0.15,839.3
2024-01-07 10:00:00+00:00,long,buy,43923.0,,3975275.43,-0.05,839.25
2024-01-07 16:00:00+00:00,long,sell - direction_change,43923.0,44034.9,3983415.36,0.2,839.46
2024-01-07 16:00:00+00:00,short,buy,44034.9,,3981423.65,-0.05,839.41
2024-01-07 17:00:00+00:00,short,sell - direction_change,44034.9,43910.8,3990653.46,0.23,839.64
2024-01-07 17:00:00+00:00,long,buy,43910.8,,3988658.14,-0.05,839.59
2024-01-07 22:00:00+00:00,long,sell - direction_change,43910.8,44218.7,4014632.05,0.65,840.24
2024-01-07 22:00:00+00:00,short,buy,44218.7,,4012624.73,-0.05,840.19
2024-01-08 06:00:00+00:00,short,sell - direction_change,44218.7,43630.5,4063994.61,1.28,841.47
2024-01-08 06:00:00+00:00,long,buy,43630.5,,4061962.62,-0.05,841.42
2024-01-08 08:00:00+00:00,long,sell - direction_change,43630.5,43969.9,4091529.49,0.73,842.15
2024-01-08 08:00:00+00:00,short,buy,43969.9,,4089483.72,-0.05,842.1
2024-01-08 10:00:00+00:00,short,sell - direction_change,43969.9,43716.3,4111025.41,0.53,842.62
2024-01-08 10:00:00+00:00,long,buy,43716.3,,4108969.9,-0.05,842.57
2024-01-08 12:03:00+00:00,long,sell - take_profit,43716.3,45027.789000000004,4230184.51,2.95,845.52
2024-01-08 13:00:00+00:00,long,buy,45102.9,,4228069.42,-0.05,845.47
2024-01-08 18:38:00+00:00,long,sell - take_profit,45102.9,46455.987,4352797.47,2.95,848.42
2024-01-08 19:00:00+00:00,long,buy,46969.9,,4350621.07,-0.05,848.37
2024-01-09 00:37:00+00:00,long,sell - stop_loss,46969.9,46500.201,4304939.55,-1.05,847.32
2024-01-09 01:00:00+00:00,long,buy,46682.3,,4302787.08,-0.05,847.27
2024-01-09 12:56:00+00:00,long,sell - stop_loss,46682.3,46215.477,4257607.81,-1.05,846.22
2024-01-09 13:00:00+00:00,long,buy,46175.9,,4255479.01,-0.05,846.17
2024-01-09 21:00:00+00:00,long,sell - direction_change,46175.9,46636.1,4295762.39,0.95,847.12
2024-01-09 21:00:00+00:00,short,buy,46636.1,,4293614.51,-0.05,847.07
2024-01-09 21:11:00+00:00,short,sell - stop_loss,46636.1,47102.460999999996,4248531.55,-1.05,846.02
2024-01-09 22:00:00+00:00,long,buy,45450.1,,4246407.29,-0.05,845.97
2024-01-09 23:00:00+00:00,long,sell - direction_change,45450.1,46250.6,4319074.88,1.71,847.68
2024-01-09 23:00:00+00:00,short,buy,46250.6,,4316915.34,-0.05,847.63
2024-01-10 02:00:00+00:00,short,sell - direction_change,46250.6,45944.5,4343327.49,0.61,848.24
2024-01-10 02:00:00+00:00,long,buy,45944.5,,4341155.83,-0.05,848.19
2024-01-10 03:00:00+00:00,long,sell - direction_change,45944.5,45989.9,4343274.96,0.05,848.24
2024-01-10 03:00:00+00:00,short,buy,45989.9,,4341103.32,-0.05,848.19
2024-01-10 12:54:00+00:00,short,sell - take_profit,45989.9,44610.203,4469165.87,2.95,851.14
2024-01-10 13:00:00+00:00,long,buy,44679.2,,4466931.28,-0.05,851.09
2024-01-10 14:00:00+00:00,long,sell - direction_change,44679.2,45120.3,4508798.06,0.94,852.03
2024-01-10 14:00:00+00:00,short,buy,45120.3,,4506543.66,-0.05,851.98
2024-01-10 15:00:00+00:00,short,sell - direction_change,45120.3,44890.2,4527272.41,0.46,852.44
2024-01-10 15:00:00+00:00,long,buy,44890.2,,4525008.77,-0.05,852.39
2024-01-10 17:43:00+00:00,long,sell - take_profit,44890.2,46236.905999999995,4658496.53,2.95,855.34
2024-01-10 18:00:00+00:00,long,buy,46410.0,,4656167.28,-0.05,855.29
2024-01-10 18:09:00+00:00,long,sell - stop_loss,46410.0,45945.9,4607277.53,-1.05,854.24
2024-01-10 19:00:00+00:00,long,buy,46544.2,,4604973.89,-0.05,854.19
2024-01-10 19:09:00+00:00,long,sell - stop_loss,46544.2,46078.757999999994,4556621.66,-1.05,853.14
2024-01-10 20:00:00+00:00,long,buy,46498.8,,4554343.35,-0.05,853.09
2024-01-10 20:10:00+00:00,long,sell - stop_loss,46498.8,46033.812000000005,4506522.74,-1.05,852.04
2024-01-10 21:00:00+00:00,long,buy,46125.8,,4504269.48,-0.05,851.99
2024-01-10 21:18:00+00:00,long,sell - stop_loss,46125.8,45664.542,4456974.65,-1.05,850.94
2024-01-10 22:00:00+00:00,long,buy,45961.8,,4454746.17,-0.05,850.89
2024-01-10 23:06:00+00:00,long,sell - take_profit,45961.8,47340.654,4586161.18,2.95,853.84
2024-01-11 00:00:00+00:00,long,buy,46663.0,,4583868.1,-0.05,853.79
2024-01-11 03:12:00+00:00,long,sell - stop_loss,46663.0,46196.37,4535737.48,-1.05,852.74
2024-01-11 04:00:00+00:00,long,buy,46502.3,,4533469.61,-0.05,852.69
2024-01-11 05:39:00+00:00,long,sell - stop_loss,46502.3,46037.277,4485868.18,-1.05,851.64
2024-01-11 06:00:00+00:00,short,buy,46074.0,,4483625.25,-0.05,851.59
2024-01-11 07:00:00+00:00,short,sell - direction_change,46074.0,45899.9,4498325.73,0.33,851.92
2024-01-11 07:00:00+00:00,long,buy,45899.9,,4496076.57,-0.05,851.87
2024-01-11 12:36:00+00:00,long,sell - take_profit,45899.9,47276.897000000004,4628710.82,2.95,854.82
2024-01-11 13:00:00+00:00,long,buy,47451.0,,4626396.47,-0.05,854.77
2024-01-11 13:30:00+00:00,long,sell - stop_loss,47451.0,46976.49,4577819.31,-1.05,853.72
2024-01-11 14:00:00+00:00,long,buy,47329.5,,4575530.4,-0.05,853.67
2024-01-11 14:45:00+00:00,long,sell - take_profit,47329.5,48749.385,4710508.54,2.95,856.62
2024-01-11 15:00:00+00:00,long,buy,48577.1,,4708153.29,-0.05,856.57
2024-01-11 15:05:00+00:00,long,sell - stop_loss,48577.1,48091.329,4658717.68,-1.05,855.52
2024-01-11 16:00:00+00:00,long,buy,46813.4,,4656388.32,-0.05,855.47
2024-01-11 16:08:00+00:00,long,sell - stop_loss,46813.4,46345.266,4607496.24,-1.05,854.42
2024-01-11 17:00:00+00:00,long,buy,46038.0,,4605192.49,-0.05,854.37
2024-01-11 20:00:00+00:00,long,sell - direction_change,46038.0,46698.4,4668949.87,1.38,855.75
2024-01-11 20:00:00+00:00,short,buy,46698.4,,4666615.4,-0.05,855.7
2024-01-12 02:00:00+00:00,short,sell - direction_change,46698.4,46144.8,4719603.86,1.14,856.84
2024-01-12 02:00:00+00:00,long,buy,46144.8,,4717244.06,-0.05,856.79
2024-01-12 03:00:00+00:00,long,sell - direction_change,46144.8,46152.1,4715631.7,-0.03,856.75
2024-01-12 03:00:00+00:00,short,buy,46152.1,,4713273.88,-0.05,856.7
2024-01-12 15:24:00+00:00,short,sell - take_profit,46152.1,44767.537,4852315.46,2.95,859.65
2024-01-12 16:00:00+00:00,short,buy,44495.1,,4849889.3,-0.05,859.6
2024-01-12 20:00:00+00:00,short,sell - direction_change,44495.1,43497.4,4956211.94,2.19,861.8
2024-01-12 20:00:00+00:00,long,buy,43497.4,,4953733.83,-0.05,861.75
2024-01-12 21:00:00+00:00,long,sell - direction_change,43497.4,43686.7,4972815.54,0.39,862.13
2024-01-12 21:00:00+00:00,short,buy,43686.7,,4970329.13,-0.05,862.08
2024-01-12 22:04:00+00:00,short,sell - take_profit,43686.7,42376.098999999995,5116953.84,2.95,865.03
2024-01-12 23:00:00+00:00,long,buy,42517.9,,5114395.36,-0.05,864.98
2024-01-13 01:00:00+00:00,long,sell - direction_change,42517.9,42803.1,5146144.32,0.62,865.6
2024-01-13 01:00:00+00:00,short,buy,42803.1,,5143571.25,-0.05,865.55
2024-01-13 06:00:00+00:00,short,sell - direction_change,42803.1,43111.0,5103999.67,-0.77,864.78
2024-01-13 06:00:00+00:00,long,buy,43111.0,,5101447.67,-0.05,864.73
2024-01-13 07:00:00+00:00,long,sell - direction_change,43111.0,43159.7,5104659.76,0.06,864.8
2024-01-13 07:00:00+00:00,short,buy,43159.7,,5102107.43,-0.05,864.75
2024-01-13 08:00:00+00:00,short,sell - direction_change,43159.7,43102.1,5106365.54,0.08,864.83
2024-01-13 08:00:00+00:00,long,buy,43102.1,,5103812.36,-0.05,864.78
2024-01-13 10:00:00+00:00,long,sell - direction_change,43102.1,42927.4,5080573.85,-0.46,864.32
2024-01-13 10:00:00+00:00,short,buy,42927.4,,5078033.56,-0.05,864.27
2024-01-13 12:00:00+00:00,short,sell - direction_change,42927.4,42631.8,5110462.11,0.64,864.91
2024-01-13 12:00:00+00:00,long,buy,42631.8,,5107906.88,-0.05,864.86
2024-01-13 16:00:00+00:00,long,sell - direction_change,42631.8,43159.9,5168626.95,1.19,866.05
2024-01-13 16:00:00+00:00,short,buy,43159.9,,5166042.64,-0.05,866.0
2024-01-13 20:00:00+00:00,short,sell - direction_change,43159.9,42791.1,5207603.29,0.8,866.81
2024-01-13 20:00:00+00:00,long,buy,42791.1,,5204999.49,-0.05,866.76
2024-01-13 23:00:00+00:00,long,sell - direction_change,42791.1,42993.9,5227065.06,0.42,867.18
2024-01-13 23:00:00+00:00,short,buy,42993.9,,5224451.53,-0.05,867.13
2024-01-14 06:00:00+00:00,short,sell - direction_change,42993.9,42757.5,5250565.71,0.5,867.63
2024-01-14 06:00:00+00:00,long,buy,42757.5,,5247940.43,-0.05,867.58
2024-01-14 10:00:00+00:00,long,sell - direction_change,42757.5,43065.8,5283156.37,0.67,868.25
2024-01-14 10:00:00+00:00,short,buy,43065.8,,5280514.79,-0.05,868.2
2024-01-14 13:00:00+00:00,short,sell - direction_change,43065.8,42760.3,5315333.43,0.66,868.86
2024-01-14 13:00:00+00:00,long,buy,42760.3,,5312675.76,-0.05,868.81
2024-01-14 14:00:00+00:00,long,sell - direction_change,42760.3,42894.3,5326668.01,0.26,869.07
2024-01-14 14:00:00+00:00,short,buy,42894.3,,5324004.68,-0.05,869.02
2024-01-14 15:00:00+00:00,short,sell - direction_change,42894.3,42822.8,5330217.19,0.12,869.14
2024-01-14 15:00:00+00:00,long,buy,42822.8,,5327552.09,-0.05,869.09
2024-01-14 18:00:00+00:00,long,sell - direction_change,42822.8,42979.8,5344420.56,0.32,869.41
2024-01-14 18:00:00+00:00,short,buy,42979.8,,5341748.35,-0.05,869.36
2024-01-15 02:00:00+00:00,short,sell - direction_change,42979.8,42280.9,5425940.33,1.58,870.93
2024-01-15 02:00:00+00:00,long,buy,42280.9,,5423227.36,-0.05,870.88
2024-01-15 10:00:00+00:00,long,sell - direction_change,42280.9,42759.9,5481955.44,1.08,871.97
2024-01-15 10:00:00+00:00,short,buy,42759.9,,5479214.47,-0.05,871.92
2024-01-15 11:00:00+00:00,short,sell - direction_change,42759.9,42568.1,5501051.94,0.4,872.31
2024-01-15 11:00:00+00:00,long,buy,42568.1,,5498301.41,-0.05,872.26
2024-01-15 12:00:00+00:00,long,sell - direction_change,42568.1,42700.0,5512589.1,0.26,872.52
2024-01-15 12:00:00+00:00,short,buy,42700.0,,5509832.81,-0.05,872.47
2024-01-15 13:00:00+00:00,short,sell - direction_change,42700.0,42670.1,5510936.06,0.02,872.49
2024-01-15 13:00:00+00:00,long,buy,42670.1,,5508180.59,-0.05,872.44
2024-01-15 14:00:00+00:00,long,sell - direction_change,42670.1,42856.9,5529540.07,0.39,872.83
2024-01-15 14:00:00+00:00,short,buy,42856.9,,5526775.3,-0.05,872.78
2024-01-15 16:00:00+00:00,short,sell - direction_change,42856.9,42278.7,5598575.9,1.3,874.08
2024-01-15 16:00:00+00:00,long,buy,42278.7,,5595776.61,-0.05,874.03
2024-01-15 22:00:00+00:00,long,sell - direction_change,42278.7,42717.7,5651082.35,0.99,875.02
2024-01-15 22:00:00+00:00,short,buy,42717.7,,5648256.81,-0.05,874.97
2024-01-16 00:00:00+00:00,short,sell - direction_change,42717.7,42515.0,5672234.26,0.42,875.39
2024-01-16 00:00:00+00:00,long,buy,42515.0,,5669398.14,-0.05,875.34
2024-01-16 04:00:00+00:00,long,sell - direction_change,42515.0,42919.3,5720477.07,0.9,876.24
2024-01-16 04:00:00+00:00,short,buy,42919.3,,5717616.83,-0.05,876.19
2024-01-16 05:00:00+00:00,short,sell - direction_change,42919.3,42805.2,5729958.17,0.22,876.41
2024-01-16 05:00:00+00:00,long,buy,42805.2,,5727093.2,-0.05,876.36
2024-01-16 06:00:00+00:00,long,sell - direction_change,42805.2,42765.4,5718904.63,-0.14,876.22
2024-01-16 06:00:00+00:00,short,buy,42765.4,,5716045.18,-0.05,876.17
2024-01-16 07:00:00+00:00,short,sell - direction_change,42765.4,42744.5,5715980.66,-0.0,876.17
2024-01-16 07:00:00+00:00,long,buy,42744.5,,5713122.67,-0.05,876.12
2024-01-16 13:00:00+00:00,long,sell - direction_change,42744.5,43160.1,5765814.17,0.92,877.04
2024-01-16 13:00:00+00:00,short,buy,43160.1,,5762931.26,-0.05,876.99
2024-01-16 15:00:00+00:00,short,sell - direction_change,43160.1,42700.1,5821471.07,1.02,878.0
2024-01-16 15:00:00+00:00,long,buy,42700.1,,5818560.33,-0.05,877.95
2024-01-16 18:00:00+00:00,long,sell - direction_change,42700.1,43051.4,5863521.2,0.77,878.73
2024-01-16 18:00:00+00:00,short,buy,43051.4,,5860589.44,-0.05,878.68
2024-01-16 19:00:00+00:00,short,sell - direction_change,43051.4,43008.8,5863458.29,0.05,878.73
2024-01-16 19:00:00+00:00,long,buy,43008.8,,5860526.56,-0.05,878.68
2024-01-17 01:00:00+00:00,long,sell - direction_change,43008.8,43089.5,5868592.76,0.14,878.81
2024-01-17 01:00:00+00:00,short,buy,43089.5,,5865658.46,-0.05,878.76
2024-01-17 02:00:00+00:00,short,sell - direction_change,43089.5,42965.4,5879619.03,0.24,879.0
2024-01-17 02:00:00+00:00,long,buy,42965.4,,5876679.22,-0.05,878.95
2024-01-17 03:00:00+00:00,long,sell - direction_change,42965.4,42995.2,5877816.84,0.02,878.97
2024-01-17 03:00:00+00:00,short,buy,42995.2,,5874877.93,-0.05,878.92
2024-01-17 19:00:00+00:00,short,sell - direction_change,42995.2,42616.1,5923740.84,0.83,879.75
2024-01-17 19:00:00+00:00,long,buy,42616.1,,5920778.97,-0.05,879.7
2024-01-17 20:00:00+00:00,long,sell - direction_change,42616.1,42617.6,5918026.98,-0.05,879.66
2024-01-17 20:00:00+00:00,short,buy,42617.6,,5915067.96,-0.05,879.61
2024-01-17 23:00:00+00:00,short,sell - direction_change,42617.6,42727.1,5896912.48,-0.31,879.3
2024-01-17 23:00:00+00:00,long,buy,42727.1,,5893964.03,-0.05,879.25
2024-01-18 00:00:00+00:00,long,sell - direction_change,42727.1,42783.3,5898769.52,0.08,879.33
2024-01-18 00:00:00+00:00,short,buy,42783.3,,5895820.13,-0.05,879.28
2024-01-18 02:00:00+00:00,short,sell - direction_change,42783.3,42595.2,5918793.64,0.39,879.67
2024-01-18 02:00:00+00:00,long,buy,42595.2,,5915834.25,-0.05,879.62
2024-01-18 03:00:00+00:00,long,sell - direction_change,42595.2,42657.4,5921514.97,0.1,879.72
2024-01-18 03:00:00+00:00,short,buy,42657.4,,5918554.22,-0.05,879.67
2024-01-18 04:00:00+00:00,short,sell - direction_change,42657.4,42594.0,5924391.45,0.1,879.77
2024-01-18 04:00:00+00:00,long,buy,42594.0,,5921429.26,-0.05,879.72
2024-01-18 10:00:00+00:00,long,sell - direction_change,42594.0,42746.4,5939655.23,0.31,880.02
2024-01-18 10:00:00+00:00,short,buy,42746.4,,5936685.4,-0.05,879.97
2024-01-18 14:00:00+00:00,short,sell - direction_change,42746.4,42511.1,5966395.88,0.5,880.47
2024-01-18 14:00:00+00:00,long,buy,42511.1,,5963412.69,-0.05,880.42
2024-01-18 15:00:00+00:00,long,sell - direction_change,42511.1,42742.6,5992905.56,0.49,880.92
2024-01-18 15:00:00+00:00,short,buy,42742.6,,5989909.11,-0.05,880.87
2024-01-18 17:53:00+00:00,short,sell - take_profit,42742.6,41460.322,6166611.42,2.95,883.82
2024-01-18 18:00:00+00:00,short,buy,41813.9,,6163528.12,-0.05,883.77
2024-01-18 21:00:00+00:00,short,sell - direction_change,41813.9,40847.3,6302926.88,2.26,886.03
2024-01-18 21:00:00+00:00,long,buy,40847.3,,6299775.41,-0.05,885.98
2024-01-18 23:00:00+00:00,long,sell - direction_change,40847.3,41346.4,6373600.45,1.17,887.15
2024-01-18 23:00:00+00:00,short,buy,41346.4,,6370413.65,-0.05,887.1
2024-01-19 04:00:00+00:00,short,sell - direction_change,41346.4,41049.8,6412926.85,0.67,887.77
2024-01-19 04:00:00+00:00,long,buy,41049.8,,6409720.39,-0.05,887.72
2024-01-19 14:00:00+00:00,long,sell - direction_change,41049.8,41397.3,6460775.91,0.8,888.52
2024-01-19 14:00:00+00:00,short,buy,41397.3,,6457545.52,-0.05,888.47
2024-01-19 17:00:00+00:00,short,sell - direction_change,41397.3,40408.6,6608543.6,2.34,890.8
2024-01-19 17:00:00+00:00,long,buy,40408.6,,6605239.33,-0.05,890.75
2024-01-19 18:49:00+00:00,long,sell - take_profit,40408.6,41620.858,6800093.89,2.95,893.7
2024-01-19 19:00:00+00:00,long,buy,41810.6,,6796693.84,-0.05,893.65
2024-01-20 08:00:00+00:00,long,sell - direction_change,41810.6,41652.4,6767578.65,-0.43,893.23
2024-01-20 08:00:00+00:00,short,buy,41652.4,,6764194.86,-0.05,893.18
2024-01-20 10:00:00+00:00,short,sell - direction_change,41652.4,41518.9,6782492.66,0.27,893.45
2024-01-20 10:00:00+00:00,long,buy,41518.9,,6779101.42,-0.05,893.4
2024-01-20 14:00:00+00:00,long,sell - direction_change,41518.9,41633.6,6794439.79,0.23,893.62
2024-01-20 14:00:00+00:00,short,buy,41633.6,,6791042.57,-0.05,893.57
2024-01-20 15:00:00+00:00,short,sell - direction_change,41633.6,41542.8,6802457.85,0.17,893.74
2024-01-20 15:00:00+00:00,long,buy,41542.8,,6799056.62,-0.05,893.69
2024-01-21 05:00:00+00:00,long,sell - direction_change,41542.8,41674.8,6817260.72,0.27,893.96
2024-01-21 05:00:00+00:00,short,buy,41674.8,,6813852.09,-0.05,893.91
2024-01-21 07:00:00+00:00,short,sell - direction_change,41674.8,41603.9,6822037.35,0.12,894.03
2024-01-21 07:00:00+00:00,long,buy,41603.9,,6818626.34,-0.05,893.98
2024-01-21 16:00:00+00:00,long,sell - direction_change,41603.9,41652.7,6823215.05,0.07,894.05
2024-01-21 16:00:00+00:00,short,buy,41652.7,,6819803.44,-0.05,894.0
2024-01-21 17:00:00+00:00,short,sell - direction_change,41652.7,41601.5,6824776.52,0.07,894.07
2024-01-21 17:00:00+00:00,long,buy,41601.5,,6821364.13,-0.05,894.02
2024-01-21 20:00:00+00:00,long,sell - direction_change,41601.5,41721.2,6837580.56,0.24,894.26
2024-01-21 20:00:00+00:00,short,buy,41721.2,,6834161.77,-0.05,894.21
2024-01-21 21:00:00+00:00,short,sell - direction_change,41721.2,41644.9,6843243.05,0.13,894.34
2024-01-21 21:00:00+00:00,long,buy,41644.9,,6839821.43,-0.05,894.29
2024-01-21 22:00:00+00:00,long,sell - direction_change,41644.9,41781.8,6858886.18,0.28,894.57
2024-01-21 22:00:00+00:00,short,buy,41781.8,,6855456.74,-0.05,894.52
2024-01-22 09:57:00+00:00,short,sell - take_profit,41781.8,40528.346000000005,7057692.71,2.95,897.47
2024-01-22 10:00:00+00:00,short,buy,40745.4,,7054163.87,-0.05,897.42
2024-01-22 13:00:00+00:00,short,sell - direction_change,40745.4,40885.7,7026346.95,-0.39,897.02
2024-01-22 13:00:00+00:00,long,buy,40885.7,,7022833.77,-0.05,896.97
2024-01-22 14:00:00+00:00,long,sell - direction_change,40885.7,40942.0,7028992.86,0.09,897.06
2024-01-22 14:00:00+00:00,short,buy,40942.0,,7025478.37,-0.05,897.01
2024-01-22 19:31:00+00:00,short,sell - take_profit,40942.0,39713.74,7232729.98,2.95,899.96
2024-01-22 20:00:00+00:00,short,buy,39812.6,,7229113.61,-0.05,899.91
2024-01-22 20:27:00+00:00,short,sell - stop_loss,39812.6,40210.726,7153207.92,-1.05,898.86
2024-01-22 21:00:00+00:00,short,buy,40181.7,,7149631.32,-0.05,898.81
2024-01-23 04:00:00+00:00,short,sell - direction_change,40181.7,40000.1,7178369.05,0.4,899.21
2024-01-23 04:00:00+00:00,long,buy,40000.1,,7174779.86,-0.05,899.16
2024-01-23 06:00:00+00:00,long,sell - direction_change,40000.1,40064.8,7182797.65,0.11,899.28
2024-01-23 06:00:00+00:00,short,buy,40064.8,,7179206.25,-0.05,899.23
2024-01-23 10:16:00+00:00,short,sell - take_profit,40064.8,38862.856,7390992.84,2.95,902.18
2024-01-23 11:00:00+00:00,short,buy,38917.0,,7387297.34,-0.05,902.13
2024-01-23 15:41:00+00:00,short,sell - stop_loss,38917.0,39306.17,7309730.72,-1.05,901.08
2024-01-23 16:00:00+00:00,short,buy,39197.5,,7306075.85,-0.05,901.03
2024-01-23 17:00:00+00:00,short,sell - direction_change,39197.5,39312.7,7280950.53,-0.34,900.68
2024-01-23 17:00:00+00:00,long,buy,39312.7,,7277310.05,-0.05,900.63
2024-01-23 18:00:00+00:00,long,sell - direction_change,39312.7,39404.0,7290572.26,0.18,900.81
2024-01-23 18:00:00+00:00,short,buy,39404.0,,7286926.97,-0.05,900.76
2024-01-23 19:00:00+00:00,short,sell - direction_change,39404.0,39087.2,7341868.89,0.75,901.52
2024-01-23 19:00:00+00:00,long,buy,39087.2,,7338197.96,-0.05,901.47
2024-01-24 10:41:00+00:00,long,sell - take_profit,39087.2,40259.816,7554674.8,2.95,904.42
2024-01-24 11:00:00+00:00,long,buy,40346.5,,7550897.46,-0.05,904.37
2024-01-24 13:43:00+00:00,long,sell - stop_loss,40346.5,39943.034999999996,7471613.04,-1.05,903.32
2024-01-24 14:00:00+00:00,long,buy,39976.2,,7467877.23,-0.05,903.27
2024-01-24 18:00:00+00:00,long,sell - direction_change,39976.2,40131.0,7493061.18,0.34,903.6
2024-01-24 18:00:00+00:00,short,buy,40131.0,,7489314.65,-0.05,903.55
2024-01-24 21:00:00+00:00,short,sell - direction_change,40131.0,39547.9,7594389.1,1.4,904.96
2024-01-24 21:00:00+00:00,long,buy,39547.9,,7590591.9,-0.05,904.91
2024-01-25 09:00:00+00:00,long,sell - direction_change,39547.9,40069.4,7686890.26,1.27,906.18
2024-01-25 09:00:00+00:00,short,buy,40069.4,,7683046.81,-0.05,906.13
2024-01-25 10:00:00+00:00,short,sell - direction_change,40069.4,40023.4,7688025.49,0.06,906.19
2024-01-25 10:00:00+00:00,long,buy,40023.4,,7684181.48,-0.05,906.14
2024-01-25 12:00:00+00:00,long,sell - direction_change,40023.4,40165.5,7707621.48,0.31,906.45
2024-01-25 12:00:00+00:00,short,buy,40165.5,,7703767.67,-0.05,906.4
2024-01-25 14:00:00+00:00,short,sell - direction_change,40165.5,39907.1,7749477.06,0.59,906.99
2024-01-25 14:00:00+00:00,long,buy,39907.1,,7745602.33,-0.05,906.94
2024-01-25 15:00:00+00:00,long,sell - direction_change,39907.1,40000.0,7759760.56,0.18,907.12
2024-01-25 15:00:00+00:00,short,buy,40000.0,,7755880.68,-0.05,907.07
2024-01-25 19:00:00+00:00,short,sell - direction_change,40000.0,39832.5,7784480.49,0.37,907.44
2024-01-25 19:00:00+00:00,long,buy,39832.5,,7780588.25,-0.05,907.39
2024-01-25 20:00:00+00:00,long,sell - direction_change,39832.5,39982.9,7806075.99,0.33,907.72
2024-01-25 20:00:00+00:00,short,buy,39982.9,,7802172.95,-0.05,907.67
2024-01-25 22:00:00+00:00,short,sell - direction_change,39982.9,39917.8,7810975.33,0.11,907.78
2024-01-25 22:00:00+00:00,long,buy,39917.8,,7807069.85,-0.05,907.73
2024-01-26 00:00:00+00:00,long,sell - direction_change,39917.8,39953.3,7810109.35,0.04,907.77
2024-01-26 00:00:00+00:00,short,buy,39953.3,,7806204.3,-0.05,907.72
2024-01-26 01:00:00+00:00,short,sell - direction_change,39953.3,39889.9,7814688.49,0.11,907.83
2024-01-26 01:00:00+00:00,long,buy,39889.9,,7810781.15,-0.05,907.78
2024-01-26 07:00:00+00:00,long,sell - direction_change,39889.9,39993.0,7827063.61,0.21,907.99
2024-01-26 07:00:00+00:00,short,buy,39993.0,,7823150.08,-0.05,907.94
2024-01-26 08:00:00+00:00,short,sell - direction_change,39993.0,39956.0,7826476.19,0.04,907.98
2024-01-26 08:00:00+00:00,long,buy,39956.0,,7822562.95,-0.05,907.93
2024-01-26 11:30:00+00:00,long,sell - take_profit,39956.0,41154.68,8053328.56,2.95,910.88
2024-01-26 12:00:00+00:00,long,buy,41271.9,,8049301.89,-0.05,910.83
2024-01-27 08:00:00+00:00,long,sell - direction_change,41271.9,41699.0,8128575.0,0.98,911.81
2024-01-27 08:00:00+00:00,short,buy,41699.0,,8124510.71,-0.05,911.76
2024-01-27 09:00:00+00:00,short,sell - direction_change,41699.0,41455.3,8167930.25,0.53,912.3
2024-01-27 09:00:00+00:00,long,buy,41455.3,,8163846.29,-0.05,912.25
2024-01-28 04:57:00+00:00,long,sell - take_profit,41455.3,42698.959,8404679.75,2.95,915.2
2024-01-28 05:00:00+00:00,long,buy,42710.5,,8400477.41,-0.05,915.15
2024-01-28 06:44:00+00:00,long,sell - stop_loss,42710.5,42283.395,8312272.4,-1.05,914.1
2024-01-28 07:00:00+00:00,long,buy,42388.6,,8308116.26,-0.05,914.05
2024-01-28 14:00:00+00:00,long,sell - direction_change,42388.6,42385.7,8303393.81,-0.06,913.99
2024-01-28 14:00:00+00:00,short,buy,42385.7,,8299242.11,-0.05,913.94
2024-01-28 16:00:00+00:00,short,sell - direction_change,42385.7,42244.5,8322739.86,0.28,914.23
2024-01-28 16:00:00+00:00,long,buy,42244.5,,8318578.49,-0.05,914.18
2024-01-28 17:00:00+00:00,long,sell - direction_change,42244.5,42293.2,8324008.96,0.07,914.24
2024-01-28 17:00:00+00:00,short,buy,42293.2,,8319846.96,-0.05,914.19
2024-01-29 02:00:00+00:00,short,sell - direction_change,42293.2,42144.4,8344958.72,0.3,914.49
2024-01-29 02:00:00+00:00,long,buy,42144.4,,8340786.24,-0.05,914.44
2024-01-29 05:00:00+00:00,long,sell - direction_change,42144.4,42201.9,8347995.65,0.09,914.53
2024-01-29 05:00:00+00:00,short,buy,42201.9,,8343821.66,-0.05,914.48
2024-01-29 06:00:00+00:00,short,sell - direction_change,42201.9,42127.9,8354280.43,0.13,914.6
2024-01-29 06:00:00+00:00,long,buy,42127.9,,8350103.29,-0.05,914.55
2024-01-29 07:00:00+00:00,long,sell - direction_change,42127.9,42150.6,8350427.57,0.0,914.56
2024-01-29 07:00:00+00:00,short,buy,42150.6,,8346252.36,-0.05,914.51
2024-01-29 09:00:00+00:00,short,sell - direction_change,42150.6,42107.3,8350653.08,0.05,914.56
2024-01-29 09:00:00+00:00,long,buy,42107.3,,8346477.75,-0.05,914.51
2024-01-29 12:00:00+00:00,long,sell - direction_change,42107.3,42233.2,8367260.32,0.25,914.76
2024-01-29 12:00:00+00:00,short,buy,42233.2,,8363076.69,-0.05,914.71
2024-01-29 15:00:00+00:00,short,sell - direction_change,42233.2,41933.6,8418222.35,0.66,915.37
2024-01-29 15:00:00+00:00,long,buy,41933.6,,8414013.24,-0.05,915.32
2024-01-29 16:45:00+00:00,long,sell - take_profit,41933.6,43191.608,8662226.63,2.95,918.27
2024-01-29 17:00:00+00:00,long,buy,43182.5,,8657895.52,-0.05,918.22
2024-01-30 22:00:00+00:00,long,sell - direction_change,43182.5,43528.5,8722938.0,0.75,918.97
2024-01-30 22:00:00+00:00,short,buy,43528.5,,8718576.54,-0.05,918.92
2024-01-31 05:00:00+00:00,short,sell - direction_change,43528.5,42951.5,8829787.93,1.28,920.2
2024-01-31 05:00:00+00:00,long,buy,42951.5,,8825373.04,-0.05,920.15
2024-01-31 06:00:00+00:00,long,sell - direction_change,42951.5,42965.0,8823734.24,-0.02,920.13
2024-01-31 06:00:00+00:00,short,buy,42965.0,,8819322.37,-0.05,920.08
2024-01-31 15:00:00+00:00,short,sell - direction_change,42965.0,42864.1,8835624.21,0.18,920.26
2024-01-31 15:00:00+00:00,long,buy,42864.1,,8831206.4,-0.05,920.21
2024-01-31 21:00:00+00:00,long,sell - direction_change,42864.1,42534.0,8758780.94,-0.82,919.39
2024-01-31 21:00:00+00:00,short,buy,42534.0,,8754401.55,-0.05,919.34
2024-01-31 22:00:00+00:00,short,sell - direction_change,42534.0,42472.8,8762620.61,0.09,919.44
2024-01-31 22:00:00+00:00,long,buy,42472.8,,8758239.3,-0.05,919.39
2024-01-31 23:00:00+00:00,long,sell - direction_change,42472.8,42634.7,8787245.29,0.33,919.72
2024-01-31 23:00:00+00:00,short,buy,42634.7,,8782851.66,-0.05,919.67
2024-02-01 13:00:00+00:00,short,sell - direction_change,42634.7,42133.9,8881626.25,1.12,920.79
2024-02-01 13:00:00+00:00,long,buy,42133.9,,8877185.44,-0.05,920.74
2024-02-02 00:24:00+00:00,long,sell - take_profit,42133.9,43397.917,9139062.41,2.95,923.69
2024-02-02 01:00:00+00:00,long,buy,43156.1,,9134492.88,-0.05,923.64
2024-02-02 13:00:00+00:00,long,sell - direction_change,43156.1,43114.3,9121078.18,-0.15,923.5
2024-02-02 13:00:00+00:00,short,buy,43114.3,,9116517.64,-0.05,923.45
2024-02-02 15:00:00+00:00,short,sell - direction_change,43114.3,42787.8,9180997.79,0.71,924.15
2024-02-02 15:00:00+00:00,long,buy,42787.8,,9176407.3,-0.05,924.1
2024-02-02 18:00:00+00:00,long,sell - direction_change,42787.8,42938.0,9204031.46,0.3,924.4
2024-02-02 18:00:00+00:00,short,buy,42938.0,,9199429.44,-0.05,924.35
2024-02-02 19:00:00+00:00,short,sell - direction_change,42938.0,42910.9,9200635.88,0.01,924.37
2024-02-02 19:00:00+00:00,long,buy,42910.9,,9196035.56,-0.05,924.32
2024-02-02 20:00:00+00:00,long,sell - direction_change,42910.9,43044.2,9220004.45,0.26,924.58
2024-02-02 20:00:00+00:00,short,buy,43044.2,,9215394.45,-0.05,924.53
2024-02-02 22:00:00+00:00,short,sell - direction_change,43044.2,42976.3,9225323.56,0.11,924.64
2024-02-02 22:00:00+00:00,long,buy,42976.3,,9220710.9,-0.05,924.59
2024-02-03 02:00:00+00:00,long,sell - direction_change,42976.3,43200.4,9264181.96,0.47,925.06
2024-02-03 02:00:00+00:00,short,buy,43200.4,,9259549.86,-0.05,925.01
2024-02-03 03:00:00+00:00,short,sell - direction_change,43200.4,43175.0,9260364.31,0.01,925.02
2024-02-03 03:00:00+00:00,long,buy,43175.0,,9255734.13,-0.05,924.97
2024-02-03 07:00:00+00:00,long,sell - direction_change,43175.0,43080.2,9230783.31,-0.27,924.7
2024-02-03 07:00:00+00:00,short,buy,43080.2,,9226167.92,-0.05,924.65
2024-02-03 15:00:00+00:00,short,sell - direction_change,43080.2,43022.1,9233997.68,0.08,924.73
2024-02-03 15:00:00+00:00,long,buy,43022.1,,9229380.68,-0.05,924.68
2024-02-03 16:00:00+00:00,long,sell - direction_change,43022.1,43097.5,9240941.29,0.13,924.81
2024-02-03 16:00:00+00:00,short,buy,43097.5,,9236320.82,-0.05,924.76
2024-02-03 17:00:00+00:00,short,sell - direction_change,43097.5,43074.3,9236674.7,0.0,924.76
2024-02-03 17:00:00+00:00,long,buy,43074.3,,9232056.36,-0.05,924.71
2024-02-03 18:00:00+00:00,long,sell - direction_change,43074.3,43215.9,9257789.27,0.28,924.99
2024-02-03 18:00:00+00:00,short,buy,43215.9,,9253160.38,-0.05,924.94
2024-02-04 11:00:00+00:00,short,sell - direction_change,43215.9,42927.2,9310348.72,0.62,925.56
2024-02-04 11:00:00+00:00,long,buy,42927.2,,9305693.54,-0.05,925.51
2024-02-04 12:00:00+00:00,long,sell - direction_change,42927.2,43041.6,9325840.15,0.22,925.72
2024-02-04 12:00:00+00:00,short,buy,43041.6,,9321177.23,-0.05,925.67
2024-02-04 13:00:00+00:00,short,sell - direction_change,43041.6,42974.3,9331091.27,0.11,925.78
2024-02-04 13:00:00+00:00,long,buy,42974.3,,9326425.73,-0.05,925.73
2024-02-04 14:00:00+00:00,long,sell - direction_change,42974.3,42977.2,9322391.88,-0.04,925.69
2024-02-04 14:00:00+00:00,short,buy,42977.2,,9317730.68,-0.05,925.64
2024-02-05 05:00:00+00:00,short,sell - direction_change,42977.2,42740.0,9364498.29,0.5,926.14
2024-02-05 05:00:00+00:00,long,buy,42740.0,,9359816.04,-0.05,926.09
2024-02-05 15:00:00+00:00,long,sell - direction_change,42740.0,43184.4,9452457.2,0.99,927.08
2024-02-05 15:00:00+00:00,short,buy,43184.4,,9447730.97,-0.05,927.03
2024-02-06 01:00:00+00:00,short,sell - direction_change,43184.4,42592.4,9572522.78,1.32,928.35
2024-02-06 01:00:00+00:00,long,buy,42592.4,,9567736.52,-0.05,928.3
2024-02-06 05:00:00+00:00,long,sell - direction_change,42592.4,42809.0,9611608.55,0.46,928.76
2024-02-06 05:00:00+00:00,short,buy,42809.0,,9606802.75,-0.05,928.71
2024-02-06 07:00:00+00:00,short,sell - direction_change,42809.0,42763.7,9612165.16,0.06,928.76
2024-02-06 07:00:00+00:00,long,buy,42763.7,,9607359.07,-0.05,928.71
2024-02-06 10:00:00+00:00,long,sell - direction_change,42763.7,42980.1,9651172.15,0.46,929.17
2024-02-06 10:00:00+00:00,short,buy,42980.1,,9646346.57,-0.05,929.12
2024-02-06 11:00:00+00:00,short,sell - direction_change,42980.1,42783.6,9685625.36,0.41,929.53
2024-02-06 11:00:00+00:00,long,buy,42783.6,,9680782.55,-0.05,929.48
2024-02-06 12:00:00+00:00,long,sell - direction_change,42783.6,42814.3,9682888.75,0.02,929.5
2024-02-06 12:00:00+00:00,short,buy,42814.3,,9678047.3,-0.05,929.45
2024-02-06 13:00:00+00:00,short,sell - direction_change,42814.3,42777.0,9681639.84,0.04,929.49
2024-02-06 13:00:00+00:00,long,buy,42777.0,,9676799.02,-0.05,929.44
2024-02-07 03:00:00+00:00,long,sell - direction_change,42777.0,43029.4,9729057.28,0.54,929.98
2024-02-07 03:00:00+00:00,short,buy,43029.4,,9724192.75,-0.05,929.93
2024-02-07 09:00:00+00:00,short,sell - direction_change,43029.4,42929.9,9741816.61,0.18,930.11
2024-02-07 09:00:00+00:00,long,buy,42929.9,,9736945.7,-0.05,930.06
2024-02-07 10:00:00+00:00,long,sell - direction_change,42929.9,43128.9,9777212.49,0.41,930.47
2024-02-07 10:00:00+00:00,short,buy,43128.9,,9772323.89,-0.05,930.42
2024-02-07 12:00:00+00:00,short,sell - direction_change,43128.9,42917.3,9815382.92,0.44,930.86
2024-02-07 12:00:00+00:00,long,buy,42917.3,,9810475.23,-0.05,930.81
2024-02-07 14:00:00+00:00,long,sell - direction_change,42917.3,43121.4,9852225.26,0.43,931.24
2024-02-07 14:00:00+00:00,short,buy,43121.4,,9847299.15,-0.05,931.19
2024-02-07 15:00:00+00:00,short,sell - direction_change,43121.4,43011.2,9867541.02,0.21,931.39
2024-02-07 15:00:00+00:00,long,buy,43011.2,,9862607.24,-0.05,931.34
2024-02-07 21:29:00+00:00,long,sell - take_profit,43011.2,44301.536,10153554.16,2.95,934.29
2024-02-07 22:00:00+00:00,long,buy,44174.8,,10148477.38,-0.05,934.24
2024-02-08 20:15:00+00:00,long,sell - take_profit,44174.8,45500.044,10447857.46,2.95,937.19
2024-02-08 21:00:00+00:00,long,buy,45471.8,,10442633.54,-0.05,937.14
2024-02-09 11:03:00+00:00,long,sell - take_profit,45471.8,46835.954000000005,10750691.22,2.95,940.09
2024-02-09 12:00:00+00:00,long,buy,47155.9,,10745315.88,-0.05,940.04
2024-02-09 14:20:00+00:00,long,sell - stop_loss,47155.9,46684.341,10632490.06,-1.05,938.99
2024-02-09 15:00:00+00:00,long,buy,47046.6,,10627173.82,-0.05,938.94
2024-02-10 07:00:00+00:00,long,sell - direction_change,47046.6,47337.1,10687480.15,0.57,939.51
2024-02-10 07:00:00+00:00,short,buy,47337.1,,10682136.41,-0.05,939.46
2024-02-10 11:00:00+00:00,short,sell - direction_change,47337.1,46872.6,10781614.86,0.93,940.39
2024-02-10 11:00:00+00:00,long,buy,46872.6,,10776224.06,-0.05,940.34
2024-02-10 16:00:00+00:00,long,sell - direction_change,46872.6,47331.9,10876431.11,0.93,941.27
2024-02-10 16:00:00+00:00,short,buy,47331.9,,10870992.89,-0.05,941.22
2024-02-10 18:00:00+00:00,short,sell - direction_change,47331.9,47180.8,10900261.41,0.27,941.49
2024-02-10 18:00:00+00:00,long,buy,47180.8,,10894811.28,-0.05,941.44
2024-02-11 04:00:00+00:00,long,sell - take_profit,47180.8,48596.224,11216208.21,2.95,944.39
2024-02-11 05:00:00+00:00,long,buy,48288.8,,11210600.11,-0.05,944.34
2024-02-11 13:00:00+00:00,long,sell - direction_change,48288.8,48277.6,11202394.65,-0.07,944.27
2024-02-11 13:00:00+00:00,short,buy,48277.6,,11196793.45,-0.05,944.22
2024-02-11 14:00:00+00:00,short,sell - direction_change,48277.6,48053.2,11243239.07,0.41,944.63
2024-02-11 14:00:00+00:00,long,buy,48053.2,,11237617.45,-0.05,944.58
2024-02-11 16:00:00+00:00,long,sell - direction_change,48053.2,48140.7,11252461.21,0.13,944.71
2024-02-11 16:00:00+00:00,short,buy,48140.7,,11246834.97,-0.05,944.66
2024-02-11 17:00:00+00:00,short,sell - direction_change,48140.7,48099.6,11250813.51,0.04,944.7
2024-02-11 17:00:00+00:00,long,buy,48099.6,,11245188.11,-0.05,944.65
2024-02-11 20:00:00+00:00,long,sell - direction_change,48099.6,48282.3,11282278.88,0.33,944.98
2024-02-11 20:00:00+00:00,short,buy,48282.3,,11276637.74,-0.05,944.93
2024-02-11 22:00:00+00:00,short,sell - direction_change,48282.3,48118.3,11309302.66,0.29,945.22
2024-02-11 22:00:00+00:00,long,buy,48118.3,,11303648.01,-0.05,945.17
2024-02-12 02:00:00+00:00,long,sell - direction_change,48118.3,48479.7,11382894.0,0.7,945.87
2024-02-12 02:00:00+00:00,short,buy,48479.7,,11377202.55,-0.05,945.82
2024-02-12 06:00:00+00:00,short,sell - direction_change,48479.7,48063.7,11469140.72,0.81,946.63
2024-02-12 06:00:00+00:00,long,buy,48063.7,,11463406.15,-0.05,946.58
2024-02-12 08:00:00+00:00,long,sell - direction_change,48063.7,48213.0,11493283.16,0.26,946.84
2024-02-12 08:00:00+00:00,short,buy,48213.0,,11487536.51,-0.05,946.79
2024-02-12 14:00:00+00:00,short,sell - direction_change,48213.0,47948.9,11544718.89,0.5,947.29
2024-02-12 14:00:00+00:00,long,buy,47948.9,,11538946.54,-0.05,947.24
2024-02-12 15:33:00+00:00,long,sell - take_profit,47948.9,49387.367000000006,11879345.46,2.95,950.19
2024-02-12 16:00:00+00:00,long,buy,49925.5,,11873405.79,-0.05,950.14
2024-02-12 16:16:00+00:00,long,sell - stop_loss,49925.5,49426.245,11748735.02,-1.05,949.09
2024-02-12 17:00:00+00:00,long,buy,49594.4,,11742860.66,-0.05,949.04
2024-02-13 10:00:00+00:00,long,sell - direction_change,49594.4,50237.6,11889284.81,1.25,950.28
2024-02-13 10:00:00+00:00,short,buy,50237.6,,11883340.17,-0.05,950.23
2024-02-13 11:00:00+00:00,short,sell - direction_change,50237.6,49877.4,11962601.2,0.67,950.9
2024-02-13 11:00:00+00:00,long,buy,49877.4,,11956619.89,-0.05,950.85
2024-02-13 13:36:00+00:00,long,sell - stop_loss,49877.4,49378.626000000004,11831075.39,-1.05,949.8
2024-02-13 14:00:00+00:00,long,buy,49543.1,,11825159.85,-0.05,949.75
2024-02-13 14:21:00+00:00,long,sell - stop_loss,49543.1,49047.669,11700995.67,-1.05,948.7
2024-02-13 15:00:00+00:00,long,buy,48711.2,,11695145.17,-0.05,948.65
2024-02-13 16:00:00+00:00,long,sell - direction_change,48711.2,48753.2,11699381.44,0.04,948.69
2024-02-13 16:00:00+00:00,short,buy,48753.2,,11693531.75,-0.05,948.64
2024-02-13 17:00:00+00:00,short,sell - direction_change,48753.2,48498.2,11748847.14,0.47,949.11
2024-02-13 17:00:00+00:00,long,buy,48498.2,,11742972.71,-0.05,949.06
2024-02-13 18:00:00+00:00,long,sell - direction_change,48498.2,48854.2,11823300.27,0.68,949.74
2024-02-13 18:00:00+00:00,short,buy,48854.2,,11817388.62,-0.05,949.69
2024-02-13 20:00:00+00:00,short,sell - direction_change,48854.2,49045.0,11765327.13,-0.44,949.25
2024-02-13 20:00:00+00:00,long,buy,49045.0,,11759444.47,-0.05,949.2
2024-02-13 22:00:00+00:00,long,sell - direction_change,49045.0,49531.9,11870308.01,0.94,950.15
2024-02-13 22:00:00+00:00,short,buy,49531.9,,11864372.86,-0.05,950.1
2024-02-13 23:00:00+00:00,short,sell - direction_change,49531.9,49518.5,11861650.37,-0.02,950.07
2024-02-13 23:00:00+00:00,long,buy,49518.5,,11855719.55,-0.05,950.02
2024-02-14 01:00:00+00:00,long,sell - direction_change,49518.5,49486.2,11842058.42,-0.12,949.91
2024-02-14 01:00:00+00:00,short,buy,49486.2,,11836137.39,-0.05,949.86
2024-02-14 02:00:00+00:00,short,sell - direction_change,49486.2,49436.1,11842202.27,0.05,949.91
2024-02-14 02:00:00+00:00,long,buy,49436.1,,11836281.17,-0.05,949.86
2024-02-14 04:00:00+00:00,long,sell - direction_change,49436.1,49524.5,11851528.27,0.13,949.99
2024-02-14 04:00:00+00:00,short,buy,49524.5,,11845602.51,-0.05,949.94
2024-02-14 05:00:00+00:00,short,sell - direction_change,49524.5,49396.6,11870271.69,0.21,950.15
2024-02-14 05:00:00+00:00,long,buy,49396.6,,11864336.55,-0.05,950.1
2024-02-14 08:58:00+00:00,long,sell - take_profit,49396.6,50878.498,12214334.48,2.95,953.05
2024-02-14 09:00:00+00:00,long,buy,50801.6,,12208227.32,-0.05,953.0
2024-02-15 00:23:00+00:00,long,sell - take_profit,50801.6,52325.648,12568370.02,2.95,955.95
2024-02-15 01:00:00+00:00,long,buy,52355.2,,12562085.84,-0.05,955.9
2024-02-15 01:33:00+00:00,long,sell - stop_loss,52355.2,51831.647999999994,12430183.93,-1.05,954.85
2024-02-15 02:00:00+00:00,long,buy,51928.2,,12423968.84,-0.05,954.8
2024-02-15 15:00:00+00:00,long,sell - direction_change,51928.2,52644.4,12589109.74,1.33,956.12
2024-02-15 15:00:00+00:00,short,buy,52644.4,,12582815.18,-0.05,956.07
2024-02-15 16:00:00+00:00,short,sell - direction_change,52644.4,51968.6,12738050.29,1.23,957.31
2024-02-15 16:00:00+00:00,long,buy,51968.6,,12731681.26,-0.05,957.26
2024-02-15 17:00:00+00:00,long,sell - direction_change,51968.6,52295.2,12805328.49,0.58,957.84
2024-02-15 17:00:00+00:00,short,buy,52295.2,,12798925.83,-0.05,957.79
2024-02-15 18:00:00+00:00,short,sell - direction_change,52295.2,51909.6,12886899.57,0.69,958.47
2024-02-15 18:00:00+00:00,long,buy,51909.6,,12880456.12,-0.05,958.42
2024-02-15 20:00:00+00:00,long,sell - direction_change,51909.6,52022.1,12901930.79,0.17,958.59
2024-02-15 20:00:00+00:00,short,buy,52022.1,,12895479.83,-0.05,958.54
2024-02-16 01:00:00+00:00,short,sell - direction_change,52022.1,51936.0,12910374.96,0.12,958.66
2024-02-16 01:00:00+00:00,long,buy,51936.0,,12903919.77,-0.05,958.61
2024-02-16 07:00:00+00:00,long,sell - direction_change,51936.0,51929.9,12895952.21,-0.06,958.54
2024-02-16 07:00:00+00:00,short,buy,51929.9,,12889504.24,-0.05,958.49
2024-02-16 08:00:00+00:00,short,sell - direction_change,51929.9,51786.4,12918677.58,0.23,958.72
2024-02-16 08:00:00+00:00,long,buy,51786.4,,12912218.24,-0.05,958.67
2024-02-16 09:00:00+00:00,long,sell - direction_change,51786.4,51883.9,12930072.4,0.14,958.81
2024-02-16 09:00:00+00:00,short,buy,51883.9,,12923607.36,-0.05,958.76
2024-02-16 10:00:00+00:00,short,sell - direction_change,51883.9,51871.9,12920134.6,-0.03,958.73
2024-02-16 10:00:00+00:00,long,buy,51871.9,,12913674.53,-0.05,958.68
2024-02-16 14:00:00+00:00,long,sell - direction_change,51871.9,52494.7,13062265.74,1.15,959.83
2024-02-16 14:00:00+00:00,short,buy,52494.7,,13055734.61,-0.05,959.78
2024-02-16 16:00:00+00:00,short,sell - direction_change,52494.7,51909.2,13194823.96,1.07,960.85
2024-02-16 16:00:00+00:00,long,buy,51909.2,,13188226.55,-0.05,960.8
2024-02-16 18:00:00+00:00,long,sell - direction_change,51909.2,52047.2,13216693.19,0.22,961.01
2024-02-16 18:00:00+00:00,short,buy,52047.2,,13210084.84,-0.05,960.96
2024-02-16 22:00:00+00:00,short,sell - direction_change,52047.2,52002.6,13214799.71,0.04,961.0
2024-02-16 22:00:00+00:00,long,buy,52002.6,,13208192.31,-0.05,960.95
2024-02-17 01:00:00+00:00,long,sell - direction_change,52002.6,52030.5,13208674.56,0.0,960.95
2024-02-17 01:00:00+00:00,short,buy,52030.5,,13202070.23,-0.05,960.9
2024-02-17 04:00:00+00:00,short,sell - direction_change,52030.5,51993.6,13204832.09,0.02,960.92
2024-02-17 04:00:00+00:00,long,buy,51993.6,,13198229.67,-0.05,960.87
2024-02-17 05:00:00+00:00,long,sell - direction_change,51993.6,52037.6,13202799.67,0.03,960.91
2024-02-17 05:00:00+00:00,short,buy,52037.6,,13196198.27,-0.05,960.86
2024-02-17 06:00:00+00:00,short,sell - direction_change,52037.6,51948.4,13212220.37,0.12,960.98
2024-02-17 06:00:00+00:00,long,buy,51948.4,,13205614.26,-0.05,960.93
2024-02-17 07:00:00+00:00,long,sell - direction_change,51948.4,51950.0,13199418.18,-0.05,960.88
2024-02-17 07:00:00+00:00,short,buy,51950.0,,13192818.47,-0.05,960.83
2024-02-17 21:00:00+00:00,short,sell - direction_change,51950.0,51543.3,13289504.43,0.73,961.57
2024-02-17 21:00:00+00:00,long,buy,51543.3,,13282859.68,-0.05,961.52
2024-02-18 01:00:00+00:00,long,sell - direction_change,51543.3,51710.3,13319254.64,0.27,961.79
2024-02-18 01:00:00+00:00,short,buy,51710.3,,13312595.02,-0.05,961.74
2024-02-18 03:00:00+00:00,short,sell - direction_change,51710.3,51306.7,13409843.81,0.73,962.47
2024-02-18 03:00:00+00:00,long,buy,51306.7,,13403138.89,-0.05,962.42
2024-02-18 06:00:00+00:00,long,sell - direction_change,51306.7,51688.6,13496203.21,0.69,963.12
2024-02-18 06:00:00+00:00,short,buy,51688.6,,13489455.11,-0.05,963.07
2024-02-18 07:00:00+00:00,short,sell - direction_change,51688.6,51547.7,13519481.82,0.22,963.29
2024-02-18 07:00:00+00:00,long,buy,51547.7,,13512722.08,-0.05,963.24
2024-02-19 14:00:00+00:00,long,sell - direction_change,51547.7,52176.1,13670694.59,1.17,964.41
2024-02-19 14:00:00+00:00,short,buy,52176.1,,13663859.24,-0.05,964.36
2024-02-19 15:00:00+00:00,short,sell - direction_change,52176.1,52126.5,13670016.55,0.05,964.4
2024-02-19 15:00:00+00:00,long,buy,52126.5,,13663181.54,-0.05,964.35
2024-02-19 16:00:00+00:00,long,sell - direction_change,52126.5,52157.5,13664475.54,0.01,964.36
2024-02-19 16:00:00+00:00,short,buy,52157.5,,13657643.3,-0.05,964.31
2024-02-19 17:00:00+00:00,short,sell - direction_change,52157.5,51809.1,13742044.37,0.62,964.93
2024-02-19 17:00:00+00:00,long,buy,51809.1,,13735173.34,-0.05,964.88
2024-02-19 18:00:00+00:00,long,sell - direction_change,51809.1,52188.4,13828862.44,0.68,965.56
2024-02-19 18:00:00+00:00,short,buy,52188.4,,13821948.01,-0.05,965.51
2024-02-20 05:00:00+00:00,short,sell - direction_change,52188.4,51816.2,13913613.14,0.66,966.17
2024-02-20 05:00:00+00:00,long,buy,51816.2,,13906656.33,-0.05,966.12
2024-02-20 07:00:00+00:00,long,sell - direction_change,51816.2,51983.9,13944711.06,0.27,966.4
2024-02-20 07:00:00+00:00,short,buy,51983.9,,13937738.7,-0.05,966.35
2024-02-20 10:00:00+00:00,short,sell - direction_change,51983.9,51792.7,13982033.7,0.32,966.67
2024-02-20 10:00:00+00:00,long,buy,51792.7,,13975042.68,-0.05,966.62
2024-02-20 15:00:00+00:00,long,sell - direction_change,51792.7,52079.3,14045387.43,0.5,967.12
2024-02-20 15:00:00+00:00,short,buy,52079.3,,14038364.74,-0.05,967.07
2024-02-20 19:00:00+00:00,short,sell - direction_change,52079.3,51535.0,14178065.69,1.0,968.06
2024-02-20 19:00:00+00:00,long,buy,51535.0,,14170976.66,-0.05,968.01
2024-02-21 04:00:00+00:00,long,sell - direction_change,51535.0,52042.4,14303414.86,0.93,968.95
2024-02-21 04:00:00+00:00,short,buy,52042.4,,14296263.16,-0.05,968.9
2024-02-21 21:00:00+00:00,short,sell - direction_change,52042.4,50978.4,14581400.24,1.99,970.89
2024-02-21 21:00:00+00:00,long,buy,50978.4,,14574109.54,-0.05,970.84
2024-02-22 01:00:00+00:00,long,sell - direction_change,50978.4,51568.4,14735496.36,1.11,971.95
2024-02-22 01:00:00+00:00,short,buy,51568.4,,14728128.62,-0.05,971.9
2024-02-22 02:00:00+00:00,short,sell - direction_change,51568.4,51268.5,14806417.12,0.53,972.43
2024-02-22 02:00:00+00:00,long,buy,51268.5,,14799013.91,-0.05,972.38
2024-02-22 13:00:00+00:00,long,sell - direction_change,51268.5,51558.8,14875411.54,0.52,972.9
2024-02-22 13:00:00+00:00,short,buy,51558.8,,14867973.84,-0.05,972.85
2024-02-22 15:00:00+00:00,short,sell - direction_change,51558.8,51405.1,14904862.21,0.25,973.1
2024-02-22 15:00:00+00:00,long,buy,51405.1,,14897409.78,-0.05,973.05
2024-02-22 16:00:00+00:00,long,sell - direction_change,51405.1,51630.0,14955138.02,0.39,973.43
2024-02-22 16:00:00+00:00,short,buy,51630.0,,14947660.45,-0.05,973.38
2024-02-22 17:00:00+00:00,short,sell - direction_change,51630.0,51511.5,14974494.15,0.18,973.56
2024-02-22 17:00:00+00:00,long,buy,51511.5,,14967006.9,-0.05,973.51
2024-02-22 19:00:00+00:00,long,sell - direction_change,51511.5,51747.3,15028036.65,0.41,973.92
2024-02-22 19:00:00+00:00,short,buy,51747.3,,15020522.63,-0.05,973.87
2024-02-22 20:00:00+00:00,short,sell - direction_change,51747.3,51546.9,15071181.83,0.34,974.21
2024-02-22 20:00:00+00:00,long,buy,51546.9,,15063646.24,-0.05,974.16
2024-02-22 22:00:00+00:00,long,sell - direction_change,51546.9,51685.1,15096500.86,0.22,974.38
2024-02-22 22:00:00+00:00,short,buy,51685.1,,15088952.61,-0.05,974.33
2024-02-23 00:00:00+00:00,short,sell - direction_change,51685.1,51316.9,15188900.48,0.66,974.99
2024-02-23 00:00:00+00:00,long,buy,51316.9,,15181306.02,-0.05,974.94
2024-02-23 01:00:00+00:00,long,sell - direction_change,51316.9,51482.4,15222675.97,0.27,975.21
2024-02-23 01:00:00+00:00,short,buy,51482.4,,15215064.63,-0.05,975.16
2024-02-23 17:00:00+00:00,short,sell - direction_change,51482.4,51086.0,15324608.82,0.72,975.88
2024-02-23 17:00:00+00:00,long,buy,51086.0,,15316946.51,-0.05,975.83
2024-02-23 18:00:00+00:00,long,sell - direction_change,51086.0,51160.7,15331685.09,0.1,975.93
2024-02-23 18:00:00+00:00,short,buy,51160.7,,15324019.25,-0.05,975.88
2024-02-23 19:00:00+00:00,short,sell - direction_change,51160.7,51131.0,15325253.2,0.01,975.89
2024-02-23 19:00:00+00:00,long,buy,51131.0,,15317590.57,-0.05,975.84
2024-02-23 20:00:00+00:00,long,sell - direction_change,51131.0,51130.9,15309901.82,-0.05,975.79
2024-02-23 20:00:00+00:00,short,buy,51130.9,,15302246.87,-0.05,975.74
2024-02-24 05:00:00+00:00,short,sell - direction_change,51130.9,50987.6,15337481.98,0.23,975.97
2024-02-24 05:00:00+00:00,long,buy,50987.6,,15329813.24,-0.05,975.92
2024-02-24 06:00:00+00:00,long,sell - direction_change,50987.6,51067.8,15346261.08,0.11,976.02
2024-02-24 06:00:00+00:00,short,buy,51067.8,,15338587.95,-0.05,975.97
2024-02-24 07:00:00+00:00,short,sell - direction_change,51067.8,50996.7,15352274.06,0.09,976.06
2024-02-24 07:00:00+00:00,long,buy,50996.7,,15344597.93,-0.05,976.01
2024-02-24 08:00:00+00:00,long,sell - direction_change,50996.7,51099.8,15367947.79,0.15,976.17
2024-02-24 08:00:00+00:00,short,buy,51099.8,,15360263.82,-0.05,976.12
2024-02-24 09:00:00+00:00,short,sell - direction_change,51099.8,51015.5,15377923.71,0.11,976.23
2024-02-24 09:00:00+00:00,long,buy,51015.5,,15370234.75,-0.05,976.18
2024-02-25 15:00:00+00:00,long,sell - direction_change,51015.5,51780.3,15592972.85,1.45,977.63
2024-02-25 15:00:00+00:00,short,buy,51780.3,,15585176.36,-0.05,977.58
2024-02-25 17:00:00+00:00,short,sell - direction_change,51780.3,51400.5,15691698.48,0.68,978.26
2024-02-25 17:00:00+00:00,long,buy,51400.5,,15683852.63,-0.05,978.21
2024-02-26 01:00:00+00:00,long,sell - direction_change,51400.5,51722.0,15774110.12,0.58,978.79
2024-02-26 01:00:00+00:00,short,buy,51722.0,,15766223.06,-0.05,978.74
2024-02-26 14:00:00+00:00,short,sell - direction_change,51722.0,51264.1,15897919.89,0.84,979.57
2024-02-26 14:00:00+00:00,long,buy,51264.1,,15889970.93,-0.05,979.52
2024-02-26 15:53:00+00:00,long,sell - take_profit,51264.1,52802.023,16358725.07,2.95,982.47
2024-02-26 16:00:00+00:00,long,buy,52872.2,,16350545.71,-0.05,982.42
2024-02-26 19:16:00+00:00,long,sell - take_profit,52872.2,54458.366,16832886.81,2.95,985.37
2024-02-26 20:00:00+00:00,long,buy,54531.2,,16824470.36,-0.05,985.32
2024-02-27 02:06:00+00:00,long,sell - take_profit,54531.2,56167.136,17320792.24,2.95,988.27
2024-02-27 03:00:00+00:00,long,buy,56428.8,,17312131.84,-0.05,988.22
2024-02-27 03:53:00+00:00,long,sell - stop_loss,56428.8,55864.512,17130354.46,-1.05,987.17
2024-02-27 04:00:00+00:00,long,buy,55773.1,,17121789.28,-0.05,987.12
2024-02-27 12:44:00+00:00,long,sell - take_profit,55773.1,57446.293,17626882.06,2.95,990.07
2024-02-27 13:00:00+00:00,long,buy,56842.2,,17618068.62,-0.05,990.02
2024-02-27 16:10:00+00:00,long,sell - stop_loss,56842.2,56273.778,17433078.9,-1.05,988.97
2024-02-27 17:00:00+00:00,long,buy,57084.1,,17424362.36,-0.05,988.92
2024-02-28 08:04:00+00:00,long,sell - take_profit,57084.1,58796.623,17938381.05,2.95,991.87
2024-02-28 09:00:00+00:00,long,buy,59503.7,,17929411.86,-0.05,991.82
2024-02-28 09:20:00+00:00,long,sell - stop_loss,59503.7,58908.66299999999,17741153.04,-1.05,990.77
2024-02-28 10:00:00+00:00,long,buy,59357.1,,17732282.46,-0.05,990.72
2024-02-28 11:52:00+00:00,long,sell - stop_loss,59357.1,58763.528999999995,17546093.5,-1.05,989.67
2024-02-28 12:00:00+00:00,long,buy,58997.4,,17537320.45,-0.05,989.62
2024-02-28 13:25:00+00:00,long,sell - take_profit,58997.4,60767.322,18054671.4,2.95,992.57
2024-02-28 14:00:00+00:00,long,buy,60541.9,,18045644.07,-0.05,992.52
2024-02-28 14:27:00+00:00,long,sell - stop_loss,60541.9,59936.481,17856164.8,-1.05,991.47
2024-02-28 15:00:00+00:00,long,buy,61025.9,,17847236.72,-0.05,991.42
2024-02-28 17:04:00+00:00,long,sell - take_profit,61025.9,62856.677,18373730.2,2.95,994.37
2024-02-28 18:00:00+00:00,long,buy,61467.8,,18364543.34,-0.05,994.32
2024-02-28 18:05:00+00:00,long,sell - stop_loss,61467.8,60853.122,18171715.63,-1.05,993.27
2024-02-28 19:00:00+00:00,long,buy,61175.6,,18162629.78,-0.05,993.22
2024-02-28 20:07:00+00:00,long,sell - stop_loss,61175.6,60563.844,17971922.16,-1.05,992.17
2024-02-28 21:00:00+00:00,long,buy,60469.4,,17962936.2,-0.05,992.12
2024-02-28 21:09:00+00:00,long,sell - stop_loss,60469.4,59864.706,17774325.37,-1.05,991.07
2024-02-28 22:00:00+00:00,long,buy,60611.7,,17765438.21,-0.05,991.02
2024-02-28 23:18:00+00:00,long,sell - take_profit,60611.7,62430.051,18289518.64,2.95,993.97
2024-02-29 00:00:00+00:00,long,buy,62487.9,,18280373.88,-0.05,993.92
2024-02-29 00:14:00+00:00,long,sell - stop_loss,62487.9,61863.021,18088429.95,-1.05,992.87
2024-02-29 01:00:00+00:00,long,buy,61455.8,,18079385.74,-0.05,992.82
2024-02-29 06:13:00+00:00,long,sell - take_profit,61455.8,63299.474,18612727.62,2.95,995.77
2024-02-29 07:00:00+00:00,long,buy,63053.4,,18603421.25,-0.05,995.72
2024-02-29 08:25:00+00:00,long,sell - stop_loss,63053.4,62422.866,18408085.33,-1.05,994.67
2024-02-29 09:00:00+00:00,long,buy,62879.1,,18398881.29,-0.05,994.62
2024-02-29 10:16:00+00:00,long,sell - stop_loss,62879.1,62250.309,18205693.03,-1.05,993.57
2024-02-29 11:00:00+00:00,long,buy,62792.7,,18196590.19,-0.05,993.52
2024-02-29 13:29:00+00:00,long,sell - stop_loss,62792.7,62164.772999999994,18005525.99,-1.05,992.47
2024-02-29 14:00:00+00:00,long,buy,63004.1,,17996523.23,-0.05,992.42
2024-02-29 16:22:00+00:00,long,sell - stop_loss,63004.1,62374.059,17807559.73,-1.05,991.37
2024-02-29 17:00:00+00:00,long,buy,62235.5,,17798655.95,-0.05,991.32
2024-02-29 17:32:00+00:00,long,sell - stop_loss,62235.5,61613.145,17611770.07,-1.05,990.27
2024-02-29 18:00:00+00:00,short,buy,61082.9,,17602964.18,-0.05,990.22
2024-02-29 19:00:00+00:00,short,sell - direction_change,61082.9,60921.4,17640704.02,0.21,990.44
2024-02-29 19:00:00+00:00,long,buy,60921.4,,17631883.67,-0.05,990.39
2024-02-29 21:00:00+00:00,long,sell - direction_change,60921.4,61974.6,17927885.08,1.68,992.07
2024-02-29 21:00:00+00:00,short,buy,61974.6,,17918921.13,-0.05,992.02
2024-03-01 03:00:00+00:00,short,sell - direction_change,61974.6,61063.9,18173275.38,1.42,993.44
2024-03-01 03:00:00+00:00,long,buy,61063.9,,18164188.74,-0.05,993.39
2024-03-01 05:00:00+00:00,long,sell - direction_change,61063.9,61615.2,18319097.44,0.85,994.24
2024-03-01 05:00:00+00:00,short,buy,61615.2,,18309937.89,-0.05,994.19
2024-03-01 06:00:00+00:00,short,sell - direction_change,61615.2,61385.9,18368923.06,0.32,994.51
2024-03-01 06:00:00+00:00,long,buy,61385.9,,18359738.6,-0.05,994.46
2024-03-01 07:00:00+00:00,long,sell - direction_change,61385.9,61625.8,18422309.76,0.34,994.8
2024-03-01 07:00:00+00:00,short,buy,61625.8,,18413098.6,-0.05,994.75
2024-03-01 08:00:00+00:00,short,sell - direction_change,61625.8,61485.9,18445692.61,0.18,994.93
2024-03-01 08:00:00+00:00,long,buy,61485.9,,18436469.76,-0.05,994.88
2024-03-01 15:00:00+00:00,long,sell - direction_change,61485.9,62009.7,18584312.3,0.8,995.68
2024-03-01 15:00:00+00:00,short,buy,62009.7,,18575020.14,-0.05,995.63
2024-03-01 16:00:00+00:00,short,sell - direction_change,62009.7,61335.4,18767719.35,1.04,996.67
2024-03-01 16:00:00+00:00,long,buy,61335.4,,18758335.49,-0.05,996.62
2024-03-01 20:58:00+00:00,long,sell - take_profit,61335.4,63175.462,19311706.39,2.95,999.57
2024-03-01 21:00:00+00:00,long,buy,62936.9,,19302050.54,-0.05,999.52
2024-03-02 00:15:00+00:00,long,sell - stop_loss,62936.9,62307.531,19099379.01,-1.05,998.47
2024-03-02 01:00:00+00:00,long,buy,62371.1,,19089829.32,-0.05,998.42
2024-03-02 04:00:00+00:00,long,sell - direction_change,62371.1,62374.4,19081294.43,-0.04,998.37
2024-03-02 04:00:00+00:00,short,buy,62374.4,,19071753.78,-0.05,998.32
2024-03-02 07:00:00+00:00,short,sell - direction_change,62374.4,62019.9,19170610.72,0.52,998.84
2024-03-02 07:00:00+00:00,long,buy,62019.9,,19161025.41,-0.05,998.79
2024-03-02 08:00:00+00:00,long,sell - direction_change,62019.9,62071.9,19167510.28,0.03,998.83
2024-03-02 08:00:00+00:00,short,buy,62071.9,,19157926.53,-0.05,998.78
2024-03-02 12:00:00+00:00,short,sell - direction_change,62071.9,61900.0,19201402.93,0.23,999.0
2024-03-02 12:00:00+00:00,long,buy,61900.0,,19191802.23,-0.05,998.95
2024-03-02 13:00:00+00:00,long,sell - direction_change,61900.0,62156.0,19261577.92,0.36,999.32
2024-03-02 13:00:00+00:00,short,buy,62156.0,,19251947.13,-0.05,999.27
2024-03-02 18:00:00+00:00,short,sell - direction_change,62156.0,61836.6,19341250.82,0.46,999.73
2024-03-02 18:00:00+00:00,long,buy,61836.6,,19331580.19,-0.05,999.68
2024-03-02 20:00:00+00:00,long,sell - direction_change,61836.6,62185.3,19430926.25,0.51,1000.19
2024-03-02 20:00:00+00:00,short,buy,62185.3,,19421210.79,-0.05,1000.14
2024-03-02 21:00:00+00:00,short,sell - direction_change,62185.3,61929.5,19491389.57,0.36,1000.51
2024-03-02 21:00:00+00:00,long,buy,61929.5,,19481643.88,-0.05,1000.46
2024-03-02 22:00:00+00:00,long,sell - direction_change,61929.5,61967.4,19483825.55,0.01,1000.47
2024-03-02 22:00:00+00:00,short,buy,61967.4,,19474083.64,-0.05,1000.42
2024-03-02 23:00:00+00:00,short,sell - direction_change,61967.4,61724.2,19540775.45,0.34,1000.76
2024-03-02 23:00:00+00:00,long,buy,61724.2,,19531005.06,-0.05,1000.71
2024-03-03 00:00:00+00:00,long,sell - direction_change,61724.2,62039.9,19621134.55,0.46,1001.17
2024-03-03 00:00:00+00:00,short,buy,62039.9,,19611323.98,-0.05,1001.12
2024-03-03 01:00:00+00:00,short,sell - direction_change,62039.9,61799.0,19677668.79,0.34,1001.46
2024-03-03 01:00:00+00:00,long,buy,61799.0,,19667829.96,-0.05,1001.41
2024-03-03 02:00:00+00:00,long,sell - direction_change,61799.0,61856.8,19676391.17,0.04,1001.45
2024-03-03 02:00:00+00:00,short,buy,61856.8,,19666552.98,-0.05,1001.4
2024-03-03 03:00:00+00:00,short,sell - direction_change,61856.8,61867.8,19653222.4,-0.07,1001.33
2024-03-03 03:00:00+00:00,long,buy,61867.8,,19643395.78,-0.05,1001.28
2024-03-03 05:00:00+00:00,long,sell - direction_change,61867.8,62085.0,19702536.38,0.3,1001.59
2024-03-03 05:00:00+00:00,short,buy,62085.0,,19692685.12,-0.05,1001.54
2024-03-03 11:00:00+00:00,short,sell - direction_change,62085.0,61724.0,19797344.04,0.53,1002.07
2024-03-03 11:00:00+00:00,long,buy,61724.0,,19787445.36,-0.05,1002.02
2024-03-04 00:27:00+00:00,long,sell - take_profit,61724.0,63575.72,20371175.0,2.95,1004.97
2024-03-04 01:00:00+00:00,long,buy,63544.5,,20360989.42,-0.05,1004.92
2024-03-04 08:42:00+00:00,long,sell - take_profit,63544.5,65450.835,20961638.6,2.95,1007.87
2024-03-04 09:00:00+00:00,long,buy,65331.3,,20951157.78,-0.05,1007.82
2024-03-04 14:03:00+00:00,long,sell - stop_loss,65331.3,64677.987,20731170.63,-1.05,1006.77
2024-03-04 15:00:00+00:00,long,buy,66223.7,,20720805.04,-0.05,1006.72
2024-03-04 23:03:00+00:00,long,sell - take_profit,66223.7,68210.411,21332068.79,2.95,1009.67
2024-03-05 00:00:00+00:00,long,buy,68296.5,,21321402.76,-0.05,1009.62
2024-03-05 04:48:00+00:00,long,sell - stop_loss,68296.5,67613.535,21097528.03,-1.05,1008.57
2024-03-05 05:00:00+00:00,long,buy,67447.0,,21086979.26,-0.05,1008.52
2024-03-05 05:02:00+00:00,long,sell - stop_loss,67447.0,66772.53,20865565.98,-1.05,1007.47
2024-03-05 06:00:00+00:00,long,buy,67062.4,,20855133.2,-0.05,1007.42
2024-03-05 07:00:00+00:00,long,sell - direction_change,67062.4,67368.5,20939896.92,0.41,1007.82
2024-03-05 07:00:00+00:00,short,buy,67368.5,,20929426.97,-0.05,1007.77
2024-03-05 08:00:00+00:00,short,sell - direction_change,67368.5,66223.8,21274587.14,1.65,1009.42
2024-03-05 08:00:00+00:00,long,buy,66223.8,,21263949.85,-0.05,1009.37
2024-03-05 14:43:00+00:00,long,sell - take_profit,66223.8,68210.51400000001,21891236.37,2.95,1012.32
2024-03-05 15:00:00+00:00,short,buy,68809.6,,21880290.75,-0.05,1012.27
2024-03-05 15:31:00+00:00,short,sell - take_profit,68809.6,66745.312,22525759.33,2.95,1015.22
2024-03-05 16:00:00+00:00,short,buy,66839.8,,22514496.45,-0.05,1015.17
2024-03-05 16:12:00+00:00,short,sell - take_profit,66839.8,64834.606,23178674.09,2.95,1018.12
2024-03-05 17:00:00+00:00,long,buy,65621.9,,23167084.76,-0.05,1018.07
2024-03-05 17:06:00+00:00,long,sell - stop_loss,65621.9,64965.681,22923830.37,-1.05,1017.02
2024-03-05 18:00:00+00:00,short,buy,65660.7,,22912368.45,-0.05,1016.97
2024-03-05 19:09:00+00:00,short,sell - take_profit,65660.7,63690.87899999999,23588283.32,2.95,1019.92
2024-03-05 20:00:00+00:00,long,buy,61497.3,,23576489.18,-0.05,1019.87
2024-03-05 21:00:00+00:00,long,sell - direction_change,61497.3,61956.7,23740823.12,0.7,1020.57
2024-03-05 21:00:00+00:00,short,buy,61956.7,,23728952.71,-0.05,1020.52
2024-03-05 21:06:00+00:00,short,sell - stop_loss,61956.7,62576.267,23479798.71,-1.05,1019.47
2024-03-05 22:00:00+00:00,long,buy,63301.2,,23468058.81,-0.05,1019.42
2024-03-05 22:22:00+00:00,long,sell - stop_loss,63301.2,62668.187999999995,23221644.19,-1.05,1018.37
2024-03-05 23:00:00+00:00,long,buy,63439.3,,23210033.37,-0.05,1018.32
2024-03-06 00:00:00+00:00,long,sell - direction_change,63439.3,63747.5,23311187.04,0.44,1018.76
2024-03-06 00:00:00+00:00,short,buy,63747.5,,23299531.45,-0.05,1018.71
2024-03-06 04:00:00+00:00,short,sell - direction_change,63747.5,63323.6,23442815.94,0.61,1019.32
2024-03-06 04:00:00+00:00,long,buy,63323.6,,23431094.53,-0.05,1019.27
2024-03-06 05:11:00+00:00,long,sell - take_profit,63323.6,65223.308,24122311.82,2.95,1022.22
2024-03-06 06:00:00+00:00,long,buy,66476.4,,24110250.66,-0.05,1022.17
2024-03-06 06:54:00+00:00,long,sell - stop_loss,66476.4,65811.636,23857093.03,-1.05,1021.12
2024-03-06 07:00:00+00:00,long,buy,65797.6,,23845164.48,-0.05,1021.07
2024-03-06 12:46:00+00:00,long,sell - stop_loss,65797.6,65139.624,23594790.26,-1.05,1020.02
2024-03-06 13:00:00+00:00,long,buy,66000.0,,23582992.86,-0.05,1019.97
2024-03-06 15:07:00+00:00,long,sell - stop_loss,66000.0,65340.0,23335371.44,-1.05,1018.92
2024-03-06 16:00:00+00:00,long,buy,66541.3,,23323703.75,-0.05,1018.87
2024-03-06 22:00:00+00:00,long,sell - direction_change,66541.3,66475.1,23288837.83,-0.15,1018.72
2024-03-06 22:00:00+00:00,short,buy,66475.1,,23277193.41,-0.05,1018.67
2024-03-06 23:00:00+00:00,short,sell - direction_change,66475.1,65972.6,23441512.27,0.71,1019.38
2024-03-06 23:00:00+00:00,long,buy,65972.6,,23429791.51,-0.05,1019.33
2024-03-07 02:00:00+00:00,long,sell - direction_change,65972.6,66483.9,23599661.89,0.73,1020.05
2024-03-07 02:00:00+00:00,short,buy,66483.9,,23587862.06,-0.05,1020.0
2024-03-07 07:00:00+00:00,short,sell - direction_change,66483.9,65931.6,23772018.97,0.78,1020.78
2024-03-07 07:00:00+00:00,long,buy,65931.6,,23760132.96,-0.05,1020.73
2024-03-07 14:37:00+00:00,long,sell - take_profit,65931.6,67909.54800000001,24461056.88,2.95,1023.68
2024-03-07 15:00:00+00:00,long,buy,67090.1,,24448826.35,-0.05,1023.63
2024-03-07 23:00:00+00:00,long,sell - direction_change,67090.1,67153.3,24459633.14,0.04,1023.68
2024-03-07 23:00:00+00:00,short,buy,67153.3,,24447403.33,-0.05,1023.63
2024-03-08 00:00:00+00:00,short,sell - direction_change,67153.3,66870.0,24538316.02,0.37,1024.0
2024-03-08 00:00:00+00:00,long,buy,66870.0,,24526046.86,-0.05,1023.95
2024-03-08 05:00:00+00:00,long,sell - direction_change,66870.0,67135.3,24611088.47,0.35,1024.3
2024-03-08 05:00:00+00:00,short,buy,67135.3,,24598782.92,-0.05,1024.25
2024-03-08 06:00:00+00:00,short,sell - direction_change,67135.3,66961.4,24650201.55,0.21,1024.45
2024-03-08 06:00:00+00:00,long,buy,66961.4,,24637876.45,-0.05,1024.4
2024-03-08 15:21:00+00:00,long,sell - take_profit,66961.4,68970.242,25364693.8,2.95,1027.35
2024-03-08 16:00:00+00:00,long,buy,67685.8,,25352011.46,-0.05,1027.3
2024-03-08 16:02:00+00:00,long,sell - stop_loss,67685.8,67008.942,25085815.34,-1.05,1026.25
2024-03-08 17:00:00+00:00,long,buy,67863.8,,25073272.43,-0.05,1026.2
2024-03-09 14:00:00+00:00,long,sell - direction_change,67863.8,68400.2,25258916.61,0.74,1026.94
2024-03-09 14:00:00+00:00,short,buy,68400.2,,25246287.15,-0.05,1026.89
2024-03-09 15:00:00+00:00,short,sell - direction_change,68400.2,68189.0,25311617.23,0.26,1027.15
2024-03-09 15:00:00+00:00,long,buy,68189.0,,25298961.42,-0.05,1027.1
2024-03-09 16:00:00+00:00,long,sell - direction_change,68189.0,68341.5,25342891.32,0.17,1027.28
2024-03-09 16:00:00+00:00,short,buy,68341.5,,25330219.88,-0.05,1027.23
2024-03-09 20:00:00+00:00,short,sell - direction_change,68341.5,68255.0,25349615.29,0.08,1027.3
2024-03-09 20:00:00+00:00,long,buy,68255.0,,25336940.48,-0.05,1027.25
2024-03-10 18:00:00+00:00,long,sell - direction_change,68255.0,69484.0,25780489.13,1.75,1029.0
2024-03-10 18:00:00+00:00,short,buy,69484.0,,25767598.89,-0.05,1028.95
2024-03-10 19:00:00+00:00,short,sell - direction_change,69484.0,69298.0,25823691.74,0.22,1029.17
2024-03-10 19:00:00+00:00,long,buy,69298.0,,25810779.89,-0.05,1029.12
2024-03-10 21:00:00+00:00,long,sell - direction_change,69298.0,69372.8,25825734.56,0.06,1029.18
2024-03-10 21:00:00+00:00,short,buy,69372.8,,25812821.69,-0.05,1029.13
2024-03-10 23:00:00+00:00,short,sell - direction_change,69372.8,68465.1,26137660.02,1.26,1030.39
2024-03-10 23:00:00+00:00,long,buy,68465.1,,26124591.19,-0.05,1030.34
2024-03-11 00:00:00+00:00,long,sell - direction_change,68465.1,69001.8,26316320.36,0.73,1031.07
2024-03-11 00:00:00+00:00,short,buy,69001.8,,26303162.2,-0.05,1031.02
2024-03-11 02:00:00+00:00,short,sell - direction_change,69001.8,68365.5,26532565.19,0.87,1031.89
2024-03-11 02:00:00+00:00,long,buy,68365.5,,26519298.91,-0.05,1031.84
2024-03-11 04:00:00+00:00,long,sell - direction_change,68365.5,68657.4,26619268.64,0.38,1032.22
2024-03-11 04:00:00+00:00,short,buy,68657.4,,26605959.01,-0.05,1032.17
2024-03-11 05:00:00+00:00,short,sell - direction_change,68657.4,68600.3,26614783.29,0.03,1032.2
2024-03-11 05:00:00+00:00,long,buy,68600.3,,26601475.9,-0.05,1032.15
2024-03-11 07:13:00+00:00,long,sell - take_profit,68600.3,70658.30900000001,27386219.44,2.95,1035.1
2024-03-11 08:00:00+00:00,long,buy,71223.9,,27372526.33,-0.05,1035.05
2024-03-12 08:00:00+00:00,long,sell - direction_change,71223.9,72175.6,27724594.16,1.29,1036.34
2024-03-12 08:00:00+00:00,short,buy,72175.6,,27710731.87,-0.05,1036.29
2024-03-12 09:00:00+00:00,short,sell - direction_change,72175.6,71752.9,27859165.78,0.54,1036.83
2024-03-12 09:00:00+00:00,long,buy,71752.9,,27845236.2,-0.05,1036.78
2024-03-12 10:00:00+00:00,long,sell - direction_change,71752.9,72019.5,27934773.37,0.32,1037.1
2024-03-12 10:00:00+00:00,short,buy,72019.5,,27920805.98,-0.05,1037.05
2024-03-12 11:00:00+00:00,short,sell - direction_change,72019.5,71937.7,27938558.13,0.06,1037.11
2024-03-12 11:00:00+00:00,long,buy,71937.7,,27924588.85,-0.05,1037.06
2024-03-12 14:00:00+00:00,long,sell - direction_change,71937.7,72376.5,28080958.8,0.56,1037.62
2024-03-12 14:00:00+00:00,short,buy,72376.5,,28066918.32,-0.05,1037.57
2024-03-12 14:07:00+00:00,short,sell - stop_loss,72376.5,73100.265,27772215.68,-1.05,1036.52
2024-03-12 15:00:00+00:00,short,buy,71730.1,,27758329.57,-0.05,1036.47
2024-03-12 17:18:00+00:00,short,sell - take_profit,71730.1,69578.197,28577200.29,2.95,1039.42
2024-03-12 18:00:00+00:00,short,buy,71161.2,,28562911.69,-0.05,1039.37
2024-03-12 22:00:00+00:00,short,sell - direction_change,71161.2,70895.0,28655478.45,0.32,1039.7
2024-03-12 22:00:00+00:00,long,buy,70895.0,,28641150.71,-0.05,1039.65
2024-03-13 07:10:00+00:00,long,sell - take_profit,70895.0,73021.85,29486064.65,2.95,1042.6
2024-03-13 08:00:00+00:00,long,buy,72964.1,,29471321.62,-0.05,1042.55
2024-03-13 13:52:00+00:00,long,sell - stop_loss,72964.1,72234.459,29161872.75,-1.05,1041.5
2024-03-13 14:00:00+00:00,long,buy,72239.9,,29147291.81,-0.05,1041.45
2024-03-14 10:00:00+00:00,long,sell - direction_change,72239.9,73391.4,29597324.38,1.54,1042.99
2024-03-14 10:00:00+00:00,short,buy,73391.4,,29582525.72,-0.05,1042.94
2024-03-14 15:25:00+00:00,short,sell - take_profit,73391.4,71189.658,30455210.22,2.95,1045.89
2024-03-14 16:00:00+00:00,short,buy,70904.5,,30439982.62,-0.05,1045.84
2024-03-14 19:43:00+00:00,short,sell - take_profit,70904.5,68777.365,31337962.11,2.95,1048.79
2024-03-14 20:00:00+00:00,long,buy,69500.4,,31322293.13,-0.05,1048.74
2024-03-14 22:20:00+00:00,long,sell - take_profit,69500.4,71585.412,32246300.77,2.95,1051.69
2024-03-14 23:00:00+00:00,long,buy,71594.1,,32230177.62,-0.05,1051.64
2024-03-15 02:00:00+00:00,long,sell - direction_change,71594.1,71699.9,32261691.5,0.1,1051.74
2024-03-15 02:00:00+00:00,short,buy,71699.9,,32245560.65,-0.05,1051.69
2024-03-15 02:41:00+00:00,short,sell - take_profit,71699.9,69548.90299999999,33196804.69,2.95,1054.64
2024-03-15 03:00:00+00:00,short,buy,69062.5,,33180206.29,-0.05,1054.59
2024-03-15 03:28:00+00:00,short,sell - take_profit,69062.5,66990.625,34159022.37,2.95,1057.54
2024-03-15 04:00:00+00:00,short,buy,68266.0,,34141942.86,-0.05,1057.49
2024-03-15 05:00:00+00:00,short,sell - direction_change,68266.0,67477.2,34519375.22,1.11,1058.59
2024-03-15 05:00:00+00:00,long,buy,67477.2,,34502115.54,-0.05,1058.54
2024-03-15 07:00:00+00:00,long,sell - direction_change,67477.2,68708.4,35114395.71,1.77,1060.32
2024-03-15 07:00:00+00:00,short,buy,68708.4,,35096838.51,-0.05,1060.27
2024-03-15 09:06:00+00:00,short,sell - take_profit,68708.4,66647.14799999999,36132195.25,2.95,1063.22
2024-03-15 10:00:00+00:00,short,buy,67857.8,,36114129.15,-0.05,1063.17
2024-03-15 11:00:00+00:00,short,sell - direction_change,67857.8,67308.9,36388198.35,0.76,1063.93
2024-03-15 11:00:00+00:00,long,buy,67308.9,,36370004.25,-0.05,1063.88
2024-03-15 16:00:00+00:00,long,sell - direction_change,67308.9,68199.2,36832888.09,1.27,1065.15
2024-03-15 16:00:00+00:00,short,buy,68199.2,,36814471.65,-0.05,1065.1
2024-03-15 18:00:00+00:00,short,sell - direction_change,68199.2,68262.2,36762056.51,-0.14,1064.96
2024-03-15 18:00:00+00:00,long,buy,68262.2,,36743675.48,-0.05,1064.91
2024-03-15 18:54:00+00:00,long,sell - take_profit,68262.2,70310.06599999999,37827613.91,2.95,1067.86
2024-03-15 19:00:00+00:00,long,buy,70275.9,,37808700.1,-0.05,1067.81
2024-03-15 19:39:00+00:00,long,sell - stop_loss,70275.9,69573.14099999999,37411708.75,-1.05,1066.76
2024-03-15 20:00:00+00:00,long,buy,69002.9,,37393002.89,-0.05,1066.71
2024-03-15 20:07:00+00:00,long,sell - stop_loss,69002.9,68312.871,37000376.36,-1.05,1065.66
2024-03-15 21:00:00+00:00,long,buy,67906.6,,36981876.18,-0.05,1065.61
2024-03-16 00:06:00+00:00,long,sell - take_profit,67906.6,69943.79800000001,38072841.52,2.95,1068.56
2024-03-16 01:00:00+00:00,long,buy,69690.2,,38053805.1,-0.05,1068.51
2024-03-16 02:33:00+00:00,long,sell - stop_loss,69690.2,68993.298,37654240.15,-1.05,1067.46
2024-03-16 03:00:00+00:00,long,buy,69119.9,,37635413.03,-0.05,1067.41
2024-03-16 10:00:00+00:00,long,sell - direction_change,69119.9,68995.0,37548587.94,-0.23,1067.18
2024-03-16 10:00:00+00:00,short,buy,68995.0,,37529813.65,-0.05,1067.13
2024-03-16 18:11:00+00:00,short,sell - take_profit,68995.0,66925.15,38636943.15,2.95,1070.08
2024-03-16 19:00:00+00:00,short,buy,67079.6,,38617624.68,-0.05,1070.03
2024-03-16 19:09:00+00:00,short,sell - stop_loss,67079.6,67750.39600000001,38212139.62,-1.05,1068.98
2024-03-16 20:00:00+00:00,long,buy,66969.1,,38193033.55,-0.05,1068.93
2024-03-16 21:00:00+00:00,long,sell - direction_change,66969.1,67172.4,38289880.71,0.25,1069.18
2024-03-16 21:00:00+00:00,short,buy,67172.4,,38270735.77,-0.05,1069.13
2024-03-16 22:00:00+00:00,short,sell - direction_change,67172.4,66283.9,38757813.5,1.27,1070.4
2024-03-16 22:00:00+00:00,long,buy,66283.9,,38738434.6,-0.05,1070.35
2024-03-16 23:00:00+00:00,long,sell - direction_change,66283.9,66398.6,38786099.73,0.12,1070.48
2024-03-16 23:00:00+00:00,short,buy,66398.6,,38766706.68,-0.05,1070.43
2024-03-17 01:00:00+00:00,short,sell - direction_change,66398.6,65273.4,39404269.39,1.64,1072.07
2024-03-17 01:00:00+00:00,long,buy,65273.4,,39384567.25,-0.05,1072.02
2024-03-17 04:00:00+00:00,long,sell - direction_change,65273.4,66574.5,40149930.76,1.94,1073.96
2024-03-17 04:00:00+00:00,short,buy,66574.5,,40129855.79,-0.05,1073.91
2024-03-17 07:00:00+00:00,short,sell - direction_change,66574.5,65007.1,41054590.09,2.3,1076.22
2024-03-17 07:00:00+00:00,long,buy,65007.1,,41034062.79,-0.05,1076.17
2024-03-17 10:15:00+00:00,long,sell - take_profit,65007.1,66957.313,42244567.64,2.95,1079.12
2024-03-17 11:00:00+00:00,long,buy,67225.3,,42223445.36,-0.05,1079.07
2024-03-17 12:53:00+00:00,long,sell - stop_loss,67225.3,66553.047,41780099.18,-1.05,1078.02
2024-03-17 13:00:00+00:00,long,buy,66640.7,,41759209.13,-0.05,1077.97
2024-03-17 17:54:00+00:00,long,sell - take_profit,66640.7,68639.921,42991105.8,2.95,1080.92
2024-03-17 18:00:00+00:00,long,buy,68592.4,,42969610.25,-0.05,1080.87
2024-03-18 00:14:00+00:00,long,sell - stop_loss,68592.4,67906.476,42518429.34,-1.05,1079.82
2024-03-18 01:00:00+00:00,long,buy,67360.9,,42497170.13,-0.05,1079.77
2024-03-18 08:00:00+00:00,long,sell - direction_change,67360.9,68262.9,43044982.34,1.29,1081.06
2024-03-18 08:00:00+00:00,short,buy,68262.9,,43023459.85,-0.05,1081.01
2024-03-18 09:00:00+00:00,short,sell - direction_change,68262.9,68086.7,43113000.15,0.21,1081.21
2024-03-18 09:00:00+00:00,long,buy,68086.7,,43091443.65,-0.05,1081.16
2024-03-18 13:00:00+00:00,long,sell - direction_change,68086.7,68608.2,43399950.46,0.72,1081.88
2024-03-18 13:00:00+00:00,short,buy,68608.2,,43378250.49,-0.05,1081.83
2024-03-18 20:00:00+00:00,short,sell - direction_change,68608.2,66985.8,44382340.69,2.31,1084.15
2024-03-18 20:00:00+00:00,long,buy,66985.8,,44360149.52,-0.05,1084.1
2024-03-19 00:00:00+00:00,long,sell - direction_change,66985.8,67660.0,44784446.36,0.96,1085.05
2024-03-19 00:00:00+00:00,short,buy,67660.0,,44762054.13,-0.05,1085.0
2024-03-19 02:04:00+00:00,short,sell - take_profit,67660.0,65630.2,46082534.73,2.95,1087.95
2024-03-19 03:00:00+00:00,short,buy,65929.4,,46059493.46,-0.05,1087.9
2024-03-19 07:14:00+00:00,short,sell - take_profit,65929.4,63951.51799999999,47418248.52,2.95,1090.85
2024-03-19 08:00:00+00:00,short,buy,64742.1,,47394539.4,-0.05,1090.8
2024-03-19 09:00:00+00:00,short,sell - direction_change,64742.1,63534.2,48255086.91,1.82,1092.62
2024-03-19 09:00:00+00:00,long,buy,63534.2,,48230959.36,-0.05,1092.57
2024-03-19 10:00:00+00:00,long,sell - direction_change,63534.2,64184.4,48700432.69,0.97,1093.54
2024-03-19 10:00:00+00:00,short,buy,64184.4,,48676082.47,-0.05,1093.49
2024-03-19 12:00:00+00:00,short,sell - direction_change,64184.4,63137.1,49445994.45,1.58,1095.07
2024-03-19 12:00:00+00:00,long,buy,63137.1,,49421271.46,-0.05,1095.02
2024-03-19 14:00:00+00:00,long,sell - direction_change,63137.1,63606.9,49764302.03,0.69,1095.72
2024-03-19 14:00:00+00:00,short,buy,63606.9,,49739419.88,-0.05,1095.67
2024-03-19 15:00:00+00:00,short,sell - direction_change,63606.9,62928.4,50245124.62,1.02,1096.68
2024-03-19 15:00:00+00:00,long,buy,62928.4,,50220002.06,-0.05,1096.63
2024-03-19 16:43:00+00:00,long,sell - take_profit,62928.4,64816.252,51701492.12,2.95,1099.58
2024-03-19 17:00:00+00:00,long,buy,65009.0,,51675641.38,-0.05,1099.53
2024-03-19 18:09:00+00:00,long,sell - stop_loss,65009.0,64358.909999999996,51133047.14,-1.05,1098.48
2024-03-19 19:00:00+00:00,long,buy,64762.9,,51107480.62,-0.05,1098.43
2024-03-19 20:03:00+00:00,long,sell - stop_loss,64762.9,64115.271,50570852.07,-1.05,1097.38
2024-03-19 21:00:00+00:00,long,buy,63814.8,,50545566.65,-0.05,1097.33
2024-03-19 22:00:00+00:00,long,sell - direction_change,63814.8,63998.9,50666113.31,0.24,1097.57
2024-03-19 22:00:00+00:00,short,buy,63998.9,,50640780.25,-0.05,1097.52
2024-03-19 23:09:00+00:00,short,sell - take_profit,63998.9,62078.933,52134683.27,2.95,1100.47
2024-03-20 00:00:00+00:00,long,buy,61974.1,,52108615.93,-0.05,1100.42
2024-03-20 01:00:00+00:00,long,sell - direction_change,61974.1,63283.5,53183521.89,2.06,1102.49
2024-03-20 01:00:00+00:00,short,buy,63283.5,,53156930.13,-0.05,1102.44
2024-03-20 02:00:00+00:00,short,sell - direction_change,63283.5,62430.1,53847191.35,1.3,1103.73
2024-03-20 02:00:00+00:00,long,buy,62430.1,,53820267.75,-0.05,1103.68
2024-03-20 03:00:00+00:00,long,sell - direction_change,62430.1,62929.9,54224229.42,0.75,1104.43
2024-03-20 03:00:00+00:00,short,buy,62929.9,,54197117.31,-0.05,1104.38
2024-03-20 05:23:00+00:00,short,sell - take_profit,62929.9,61042.003,55795932.27,2.95,1107.33
2024-03-20 06:00:00+00:00,long,buy,61596.0,,55768034.3,-0.05,1107.28
2024-03-20 10:00:00+00:00,long,sell - direction_change,61596.0,63259.2,57245984.99,2.65,1109.93
2024-03-20 10:00:00+00:00,short,buy,63259.2,,57217362.0,-0.05,1109.88
2024-03-20 11:00:00+00:00,short,sell - direction_change,63259.2,63088.1,57343511.69,0.22,1110.1
2024-03-20 11:00:00+00:00,long,buy,63088.1,,57314839.93,-0.05,1110.05
2024-03-20 16:28:00+00:00,long,sell - stop_loss,63088.1,62457.219,56713034.11,-1.05,1109.0
2024-03-20 17:00:00+00:00,long,buy,63144.8,,56684677.59,-0.05,1108.95
2024-03-20 18:52:00+00:00,long,sell - take_profit,63144.8,65039.14400000001,58356875.58,2.95,1111.9
2024-03-20 19:00:00+00:00,long,buy,65455.5,,58327697.14,-0.05,1111.85
2024-03-20 20:34:00+00:00,long,sell - take_profit,65455.5,67419.16500000001,60048364.21,2.95,1114.8
2024-03-20 21:00:00+00:00,long,buy,67094.6,,60018340.03,-0.05,1114.75
2024-03-21 03:54:00+00:00,long,sell - stop_loss,67094.6,66423.65400000001,59388147.46,-1.05,1113.7
2024-03-21 04:00:00+00:00,long,buy,66707.8,,59358453.38,-0.05,1113.65
2024-03-21 15:00:00+00:00,long,sell - direction_change,66707.8,66915.9,59513947.32,0.26,1113.92
2024-03-21 15:00:00+00:00,short,buy,66915.9,,59484190.34,-0.05,1113.87
2024-03-21 16:00:00+00:00,short,sell - direction_change,66915.9,66601.6,59733841.95,0.42,1114.29
2024-03-21 16:00:00+00:00,long,buy,66601.6,,59703975.03,-0.05,1114.24
2024-03-21 17:00:00+00:00,long,sell - direction_change,66601.6,66844.1,59891508.42,0.31,1114.55
2024-03-21 17:00:00+00:00,short,buy,66844.1,,59861562.67,-0.05,1114.5
2024-03-21 20:03:00+00:00,short,sell - take_profit,66844.1,64838.777,61627478.76,2.95,1117.45
2024-03-21 21:00:00+00:00,short,buy,65535.7,,61596665.03,-0.05,1117.4
2024-03-22 03:00:00+00:00,short,sell - direction_change,65535.7,65689.9,61420934.91,-0.29,1117.12
2024-03-22 03:00:00+00:00,long,buy,65689.9,,61390224.44,-0.05,1117.07
2024-03-22 07:00:00+00:00,long,sell - direction_change,65689.9,66486.8,62104268.93,1.16,1118.23
2024-03-22 07:00:00+00:00,short,buy,66486.8,,62073216.8,-0.05,1118.18
2024-03-22 11:50:00+00:00,short,sell - take_profit,66486.8,64492.196,63904376.69,2.95,1121.13
2024-03-22 12:00:00+00:00,long,buy,64268.1,,63872424.5,-0.05,1121.08
2024-03-22 13:00:00+00:00,long,sell - direction_change,64268.1,64301.5,63873682.66,0.0,1121.08
2024-03-22 13:00:00+00:00,short,buy,64301.5,,63841745.82,-0.05,1121.03
2024-03-22 21:36:00+00:00,short,sell - take_profit,64301.5,62372.455,65725077.32,2.95,1123.98
2024-03-22 22:00:00+00:00,long,buy,63010.6,,65692214.78,-0.05,1123.93
2024-03-23 03:00:00+00:00,long,sell - direction_change,63010.6,63892.8,66579113.48,1.35,1125.28
2024-03-23 03:00:00+00:00,short,buy,63892.8,,66545823.92,-0.05,1125.23
2024-03-23 04:00:00+00:00,short,sell - direction_change,63892.8,63592.0,66825841.14,0.42,1125.65
2024-03-23 04:00:00+00:00,long,buy,63592.0,,66792428.22,-0.05,1125.6
2024-03-23 16:30:00+00:00,long,sell - take_profit,63592.0,65499.76,68762804.85,2.95,1128.55
2024-03-23 17:00:00+00:00,long,buy,65697.1,,68728423.45,-0.05,1128.5
2024-03-23 19:38:00+00:00,long,sell - stop_loss,65697.1,65040.12900000001,68006775.01,-1.05,1127.45
2024-03-23 20:00:00+00:00,long,buy,64918.0,,67972771.62,-0.05,1127.4
2024-03-23 23:00:00+00:00,long,sell - direction_change,64918.0,64774.4,67788428.01,-0.27,1127.13
2024-03-23 23:00:00+00:00,short,buy,64774.4,,67754533.8,-0.05,1127.08
2024-03-24 00:00:00+00:00,short,sell - direction_change,64774.4,64020.4,68509346.48,1.11,1128.19
2024-03-24 00:00:00+00:00,long,buy,64020.4,,68475091.81,-0.05,1128.14
2024-03-24 02:00:00+00:00,long,sell - direction_change,64020.4,64512.2,68966874.88,0.72,1128.86
2024-03-24 02:00:00+00:00,short,buy,64512.2,,68932391.44,-0.05,1128.81
2024-03-24 07:00:00+00:00,short,sell - direction_change,64512.2,64263.3,69163879.16,0.34,1129.15
2024-03-24 07:00:00+00:00,long,buy,64263.3,,69129297.22,-0.05,1129.1
2024-03-24 20:11:00+00:00,long,sell - take_profit,64263.3,66191.19900000001,71168611.49,2.95,1132.05
2024-03-24 21:00:00+00:00,long,buy,66207.4,,71133027.19,-0.05,1132.0
2024-03-25 14:00:00+00:00,long,sell - take_profit,66207.4,68193.622,73231451.49,2.95,1134.95
2024-03-25 15:00:00+00:00,long,buy,69434.6,,73194835.76,-0.05,1134.9
2024-03-26 07:29:00+00:00,long,sell - take_profit,69434.6,71517.638,75354083.42,2.95,1137.85
2024-03-26 08:00:00+00:00,long,buy,70535.0,,75316406.37,-0.05,1137.8
2024-03-26 14:27:00+00:00,long,sell - stop_loss,70535.0,69829.65,74525584.11,-1.05,1136.75
2024-03-26 15:00:00+00:00,long,buy,70377.7,,74488321.32,-0.05,1136.7
2024-03-26 16:00:00+00:00,long,sell - direction_change,70377.7,70307.0,74376247.71,-0.15,1136.55
2024-03-26 16:00:00+00:00,short,buy,70307.0,,74339059.59,-0.05,1136.5
2024-03-26 17:00:00+00:00,short,sell - direction_change,70307.0,69796.7,74841455.42,0.68,1137.17
2024-03-26 17:00:00+00:00,long,buy,69796.7,,74804034.69,-0.05,1137.12
2024-03-26 18:00:00+00:00,long,sell - direction_change,69796.7,70125.4,75118914.18,0.42,1137.54
2024-03-26 18:00:00+00:00,short,buy,70125.4,,75081354.72,-0.05,1137.49
2024-03-27 00:00:00+00:00,short,sell - direction_change,70125.4,70044.2,75130752.67,0.07,1137.56
2024-03-27 00:00:00+00:00,long,buy,70044.2,,75093187.29,-0.05,1137.51
2024-03-27 07:00:00+00:00,long,sell - direction_change,70044.2,70371.0,75405997.38,0.42,1137.93
2024-03-27 07:00:00+00:00,short,buy,70371.0,,75368294.38,-0.05,1137.88
2024-03-27 09:00:00+00:00,short,sell - direction_change,70371.0,69604.0,76152077.63,1.04,1138.92
2024-03-27 09:00:00+00:00,long,buy,69604.0,,76114001.59,-0.05,1138.87
2024-03-27 10:00:00+00:00,long,sell - direction_change,69604.0,70116.4,76636268.91,0.69,1139.55
2024-03-27 10:00:00+00:00,short,buy,70116.4,,76597950.78,-0.05,1139.5
2024-03-27 11:00:00+00:00,short,sell - direction_change,70116.4,70185.4,76484273.45,-0.15,1139.35
2024-03-27 11:00:00+00:00,long,buy,70185.4,,76446031.32,-0.05,1139.3
2024-03-27 12:00:00+00:00,long,sell - direction_change,70185.4,70290.2,76521956.6,0.1,1139.4
2024-03-27 12:00:00+00:00,short,buy,70290.2,,76483695.62,-0.05,1139.35
2024-03-27 13:05:00+00:00,short,sell - stop_loss,70290.2,70993.102,75680616.82,-1.05,1138.3
2024-03-27 14:00:00+00:00,short,buy,69966.3,,75642776.51,-0.05,1138.25
2024-03-27 21:00:00+00:00,short,sell - direction_change,69966.3,68956.6,76696573.68,1.39,1139.65
2024-03-27 21:00:00+00:00,long,buy,68956.6,,76658225.39,-0.05,1139.6
2024-03-28 01:00:00+00:00,long,sell - direction_change,68956.6,69747.1,77498685.65,1.1,1140.69
2024-03-28 01:00:00+00:00,short,buy,69747.1,,77459936.31,-0.05,1140.64
2024-03-28 03:00:00+00:00,short,sell - direction_change,69747.1,69208.2,78019699.46,0.72,1141.37
2024-03-28 03:00:00+00:00,long,buy,69208.2,,77980689.61,-0.05,1141.32
2024-03-28 13:33:00+00:00,long,sell - take_profit,69208.2,71284.446,80281119.96,2.95,1144.27
2024-03-28 14:00:00+00:00,long,buy,70924.5,,80240979.4,-0.05,1144.22
2024-03-28 20:00:00+00:00,long,sell - direction_change,70924.5,70837.1,80101978.24,-0.17,1144.04
2024-03-28 20:00:00+00:00,short,buy,70837.1,,80061927.25,-0.05,1143.99
2024-03-28 21:00:00+00:00,short,sell - direction_change,70837.1,70726.1,80147351.37,0.11,1144.1
2024-03-28 21:00:00+00:00,long,buy,70726.1,,80107277.69,-0.05,1144.05
2024-03-29 02:00:00+00:00,long,sell - direction_change,70726.1,70840.8,80197137.97,0.11,1144.16
2024-03-29 02:00:00+00:00,short,buy,70840.8,,80157039.4,-0.05,1144.11
2024-03-29 13:00:00+00:00,short,sell - direction_change,70840.8,70200.1,80841919.03,0.85,1144.97
2024-03-29 13:00:00+00:00,long,buy,70200.1,,80801498.07,-0.05,1144.92
2024-03-29 14:00:00+00:00,long,sell - direction_change,70200.1,70497.7,81103639.94,0.37,1145.29
2024-03-29 14:00:00+00:00,short,buy,70497.7,,81063088.12,-0.05,1145.24
2024-03-29 18:00:00+00:00,short,sell - direction_change,70497.7,69465.2,82209795.85,1.41,1146.65
2024-03-29 18:00:00+00:00,long,buy,69465.2,,82168690.95,-0.05,1146.6
2024-03-29 19:00:00+00:00,long,sell - direction_change,69465.2,69565.6,82246367.32,0.09,1146.7
2024-03-29 19:00:00+00:00,short,buy,69565.6,,82205244.14,-0.05,1146.65
2024-03-30 01:00:00+00:00,short,sell - direction_change,69565.6,69985.0,81668539.1,-0.65,1146.0
2024-03-30 01:00:00+00:00,long,buy,69985.0,,81627704.83,-0.05,1145.95
2024-03-30 02:00:00+00:00,long,sell - direction_change,69985.0,70038.0,81648708.06,0.03,1145.97
2024-03-30 02:00:00+00:00,short,buy,70038.0,,81607883.7,-0.05,1145.92
2024-03-30 04:00:00+00:00,short,sell - direction_change,70038.0,69836.8,81801516.87,0.24,1146.16
2024-03-30 04:00:00+00:00,long,buy,69836.8,,81760616.11,-0.05,1146.11
2024-03-30 07:00:00+00:00,long,sell - direction_change,69836.8,70014.2,81927424.78,0.2,1146.31
2024-03-30 07:00:00+00:00,short,buy,70014.2,,81886461.06,-0.05,1146.26
2024-03-30 08:00:00+00:00,short,sell - direction_change,70014.2,69900.2,81978848.74,0.11,1146.38
2024-03-30 08:00:00+00:00,long,buy,69900.2,,81937859.31,-0.05,1146.33
2024-03-30 14:00:00+00:00,long,sell - direction_change,69900.2,70213.3,82263909.99,0.4,1146.72
2024-03-30 14:00:00+00:00,short,buy,70213.3,,82222778.03,-0.05,1146.67
2024-03-30 16:00:00+00:00,short,sell - direction_change,70213.3,70065.0,82355332.29,0.16,1146.84
2024-03-30 16:00:00+00:00,long,buy,70065.0,,82314154.62,-0.05,1146.79
2024-03-30 18:00:00+00:00,long,sell - direction_change,70065.0,70099.9,82313998.96,-0.0,1146.78
2024-03-30 18:00:00+00:00,short,buy,70099.9,,82272841.96,-0.05,1146.73
2024-03-30 22:00:00+00:00,short,sell - direction_change,70099.9,69775.0,82613024.86,0.41,1147.15
2024-03-30 22:00:00+00:00,long,buy,69775.0,,82571718.35,-0.05,1147.1
2024-03-30 23:00:00+00:00,long,sell - direction_change,69775.0,69780.1,82536467.83,-0.04,1147.06
2024-03-30 23:00:00+00:00,short,buy,69780.1,,82495199.59,-0.05,1147.01
2024-03-31 01:00:00+00:00,short,sell - direction_change,69780.1,69923.6,82284303.9,-0.26,1146.75
2024-03-31 01:00:00+00:00,long,buy,69923.6,,82243161.74,-0.05,1146.7
2024-03-31 03:00:00+00:00,long,sell - direction_change,69923.6,70060.7,82363295.27,0.15,1146.85
2024-03-31 03:00:00+00:00,short,buy,70060.7,,82322113.62,-0.05,1146.8
2024-03-31 04:00:00+00:00,short,sell - direction_change,70060.7,69980.9,82374718.47,0.06,1146.86
2024-03-31 04:00:00+00:00,long,buy,69980.9,,82333531.11,-0.05,1146.81
2024-04-01 04:00:00+00:00,long,sell - direction_change,69980.9,70650.0,83079570.07,0.91,1147.72
2024-04-01 04:00:00+00:00,short,buy,70650.0,,83038030.29,-0.05,1147.67
2024-04-01 15:11:00+00:00,short,sell - take_profit,70650.0,68530.5,85487652.18,2.95,1150.62
2024-04-01 16:00:00+00:00,short,buy,68280.9,,85444908.36,-0.05,1150.57
2024-04-01 17:00:00+00:00,short,sell - direction_change,68280.9,68621.6,84975842.95,-0.55,1150.02
2024-04-01 17:00:00+00:00,long,buy,68621.6,,84933355.03,-0.05,1149.97
2024-04-02 00:00:00+00:00,long,sell - direction_change,68621.6,69700.0,86225630.33,1.52,1151.49
2024-04-02 00:00:00+00:00,short,buy,69700.0,,86182517.52,-0.05,1151.44
2024-04-02 01:00:00+00:00,short,sell - direction_change,69700.0,69405.0,86504187.27,0.37,1151.81
2024-04-02 01:00:00+00:00,long,buy,69405.0,,86460935.18,-0.05,1151.76
2024-04-02 02:00:00+00:00,long,sell - direction_change,69405.0,69437.2,86457817.7,-0.0,1151.76
2024-04-02 02:00:00+00:00,short,buy,69437.2,,86414588.79,-0.05,1151.71
2024-04-02 02:37:00+00:00,short,sell - take_profit,69437.2,67354.084,88963819.16,2.95,1154.66
2024-04-02 03:00:00+00:00,short,buy,67025.7,,88919337.25,-0.05,1154.61
2024-04-02 13:19:00+00:00,short,sell - take_profit,67025.7,65014.929,91542457.7,2.95,1157.56
2024-04-02 14:00:00+00:00,long,buy,65268.9,,91496686.47,-0.05,1157.51
2024-04-02 15:00:00+00:00,long,sell - direction_change,65268.9,65742.0,92114149.59,0.67,1158.18
2024-04-02 15:00:00+00:00,short,buy,65742.0,,92068092.51,-0.05,1158.13
2024-04-02 16:00:00+00:00,short,sell - direction_change,65742.0,64928.2,93161741.07,1.19,1159.32
2024-04-02 16:00:00+00:00,long,buy,64928.2,,93115160.2,-0.05,1159.27
2024-04-02 20:00:00+00:00,long,sell - direction_change,64928.2,65946.8,94529402.43,1.52,1160.79
2024-04-02 20:00:00+00:00,short,buy,65946.8,,94482137.73,-0.05,1160.74
2024-04-02 21:00:00+00:00,short,sell - direction_change,65946.8,65678.0,94820007.06,0.36,1161.1
2024-04-02 21:00:00+00:00,long,buy,65678.0,,94772597.05,-0.05,1161.05
2024-04-03 00:00:00+00:00,long,sell - direction_change,65678.0,65502.4,94471821.98,-0.32,1160.73
2024-04-03 00:00:00+00:00,short,buy,65502.4,,94424586.07,-0.05,1160.68
2024-04-03 01:00:00+00:00,short,sell - direction_change,65502.4,65433.9,94476119.53,0.05,1160.73
2024-04-03 01:00:00+00:00,long,buy,65433.9,,94428881.47,-0.05,1160.68
2024-04-03 05:00:00+00:00,long,sell - direction_change,65433.9,66357.4,95714387.11,1.36,1162.05
2024-04-03 05:00:00+00:00,short,buy,66357.4,,95666529.91,-0.05,1162.0
2024-04-03 06:00:00+00:00,short,sell - direction_change,66357.4,66112.7,95971477.2,0.32,1162.31
2024-04-03 06:00:00+00:00,long,buy,66112.7,,95923491.46,-0.05,1162.26
2024-04-03 13:00:00+00:00,long,sell - direction_change,66112.7,65950.0,95639466.87,-0.3,1161.97
2024-04-03 13:00:00+00:00,short,buy,65950.0,,95591647.13,-0.05,1161.92
2024-04-03 14:00:00+00:00,short,sell - direction_change,65950.0,65843.2,95698653.25,0.11,1162.03
2024-04-03 14:00:00+00:00,long,buy,65843.2,,95650803.92,-0.05,1161.98
2024-04-03 15:00:00+00:00,long,sell - direction_change,65843.2,66662.5,96793180.45,1.19,1163.17
2024-04-03 15:00:00+00:00,short,buy,66662.5,,96744783.86,-0.05,1163.12
2024-04-03 16:00:00+00:00,short,sell - direction_change,66662.5,65873.9,97840877.04,1.13,1164.26
2024-04-03 16:00:00+00:00,long,buy,65873.9,,97791956.61,-0.05,1164.21
2024-04-03 19:00:00+00:00,long,sell - direction_change,65873.9,66026.4,97969451.86,0.18,1164.39
2024-04-03 19:00:00+00:00,short,buy,66026.4,,97920467.13,-0.05,1164.34
2024-04-03 22:00:00+00:00,short,sell - direction_change,66026.4,65944.7,97992672.1,0.07,1164.41
2024-04-03 22:00:00+00:00,long,buy,65944.7,,97943675.77,-0.05,1164.36
2024-04-03 23:00:00+00:00,long,sell - direction_change,65944.7,66157.5,98210762.9,0.27,1164.64
2024-04-03 23:00:00+00:00,short,buy,66157.5,,98161657.52,-0.05,1164.59
2024-04-04 00:00:00+00:00,short,sell - direction_change,66157.5,65971.8,98388110.38,0.23,1164.82
2024-04-04 00:00:00+00:00,long,buy,65971.8,,98338916.32,-0.05,1164.77
2024-04-04 02:00:00+00:00,long,sell - direction_change,65971.8,66150.1,98555524.5,0.22,1164.99
2024-04-04 02:00:00+00:00,short,buy,66150.1,,98506246.73,-0.05,1164.94
2024-04-04 07:00:00+00:00,short,sell - direction_change,66150.1,65788.4,98995612.74,0.5,1165.43
2024-04-04 07:00:00+00:00,long,buy,65788.4,,98946114.94,-0.05,1165.38
2024-04-04 14:11:00+00:00,long,sell - take_profit,65788.4,67762.052,101865025.33,2.95,1168.33
2024-04-04 15:00:00+00:00,long,buy,67683.9,,101814092.82,-0.05,1168.28
2024-04-05 05:18:00+00:00,long,sell - stop_loss,67683.9,67007.06099999999,100745044.84,-1.05,1167.23
2024-04-05 06:00:00+00:00,long,buy,66907.3,,100694672.32,-0.05,1167.18
2024-04-05 07:00:00+00:00,long,sell - direction_change,66907.3,67164.0,101030655.36,0.33,1167.52
2024-04-05 07:00:00+00:00,short,buy,67164.0,,100980140.03,-0.05,1167.47
2024-04-05 08:00:00+00:00,short,sell - direction_change,67164.0,66937.4,101270339.91,0.29,1167.75
2024-04-05 08:00:00+00:00,long,buy,66937.4,,101219704.74,-0.05,1167.7
2024-04-05 09:00:00+00:00,long,sell - direction_change,66937.4,67169.3,101519763.56,0.3,1168.0
2024-04-05 09:00:00+00:00,short,buy,67169.3,,101469003.68,-0.05,1167.95
2024-04-05 13:00:00+00:00,short,sell - direction_change,67169.3,66894.9,101832790.32,0.36,1168.31
2024-04-05 13:00:00+00:00,long,buy,66894.9,,101781873.92,-0.05,1168.26
2024-04-05 19:00:00+00:00,long,sell - direction_change,66894.9,67630.1,102849603.89,1.05,1169.31
2024-04-05 19:00:00+00:00,short,buy,67630.1,,102798179.09,-0.05,1169.26
2024-04-05 20:00:00+00:00,short,sell - direction_change,67630.1,67400.0,103096533.45,0.29,1169.55
2024-04-05 20:00:00+00:00,long,buy,67400.0,,103044985.19,-0.05,1169.5
2024-04-06 02:00:00+00:00,long,sell - direction_change,67400.0,67700.0,103452119.9,0.4,1169.89
2024-04-06 02:00:00+00:00,short,buy,67700.0,,103400393.84,-0.05,1169.84
2024-04-06 03:00:00+00:00,short,sell - direction_change,67700.0,67573.6,103541748.44,0.14,1169.98
2024-04-06 03:00:00+00:00,long,buy,67573.6,,103489977.57,-0.05,1169.93
2024-04-06 11:00:00+00:00,long,sell - direction_change,67573.6,67839.3,103845156.09,0.34,1170.27
2024-04-06 11:00:00+00:00,short,buy,67839.3,,103793233.52,-0.05,1170.22
2024-04-06 12:00:00+00:00,short,sell - direction_change,67839.3,67654.9,104023466.47,0.22,1170.45
2024-04-06 12:00:00+00:00,long,buy,67654.9,,103971454.73,-0.05,1170.4
2024-04-06 13:00:00+00:00,long,sell - direction_change,67654.9,67733.5,104040260.79,0.07,1170.46
2024-04-06 13:00:00+00:00,short,buy,67733.5,,103988240.66,-0.05,1170.41
2024-04-06 14:00:00+00:00,short,sell - direction_change,67733.5,67688.2,104005793.62,0.02,1170.43
2024-04-06 14:00:00+00:00,long,buy,67688.2,,103953790.73,-0.05,1170.38
2024-04-07 02:10:00+00:00,long,sell - take_profit,67688.2,69718.846,107020427.55,2.95,1173.33
2024-04-07 03:00:00+00:00,long,buy,69309.3,,106966917.34,-0.05,1173.28
2024-04-07 21:00:00+00:00,long,sell - direction_change,69309.3,69326.9,106940596.44,-0.02,1173.25
2024-04-07 21:00:00+00:00,short,buy,69326.9,,106887126.14,-0.05,1173.2
2024-04-07 22:00:00+00:00,short,sell - direction_change,69326.9,69049.3,107261681.9,0.35,1173.55
2024-04-07 22:00:00+00:00,long,buy,69049.3,,107208051.06,-0.05,1173.5
2024-04-08 02:00:00+00:00,long,sell - direction_change,69049.3,69458.1,107789162.39,0.54,1174.05
2024-04-08 02:00:00+00:00,short,buy,69458.1,,107735267.81,-0.05,1174.0
2024-04-08 03:00:00+00:00,short,sell - direction_change,69458.1,69253.3,107999061.95,0.24,1174.24
2024-04-08 03:00:00+00:00,long,buy,69253.3,,107945062.41,-0.05,1174.19
2024-04-08 04:00:00+00:00,long,sell - direction_change,69253.3,69485.0,108252240.48,0.28,1174.48
2024-04-08 04:00:00+00:00,short,buy,69485.0,,108198114.36,-0.05,1174.43
2024-04-08 05:00:00+00:00,short,sell - direction_change,69485.0,69403.8,108270455.36,0.07,1174.49
2024-04-08 05:00:00+00:00,long,buy,69403.8,,108216320.13,-0.05,1174.44
2024-04-08 08:16:00+00:00,long,sell - take_profit,69403.8,71485.914,111408701.57,2.95,1177.39
2024-04-08 09:00:00+00:00,long,buy,72057.2,,111352997.22,-0.05,1177.34
2024-04-08 14:47:00+00:00,long,sell - stop_loss,72057.2,71336.628,110183790.75,-1.05,1176.29
2024-04-08 15:00:00+00:00,long,buy,71780.9,,110128698.86,-0.05,1176.24
2024-04-09 01:06:00+00:00,long,sell - stop_loss,71780.9,71063.091,108972347.52,-1.05,1175.19
2024-04-09 02:00:00+00:00,long,buy,71318.5,,108917861.34,-0.05,1175.14
2024-04-09 04:00:00+00:00,long,sell - direction_change,71318.5,71339.0,108894710.09,-0.02,1175.12
2024-04-09 04:00:00+00:00,short,buy,71339.0,,108840262.73,-0.05,1175.07
2024-04-09 14:41:00+00:00,short,sell - take_profit,71339.0,69198.83,112051050.48,2.95,1178.02
2024-04-09 15:00:00+00:00,short,buy,69416.0,,111995024.96,-0.05,1177.97
2024-04-09 18:00:00+00:00,short,sell - direction_change,69416.0,68878.2,112806708.16,0.72,1178.7
2024-04-09 18:00:00+00:00,long,buy,68878.2,,112750304.8,-0.05,1178.65
2024-04-09 19:00:00+00:00,long,sell - direction_change,68878.2,68923.6,112768247.27,0.02,1178.66
2024-04-09 19:00:00+00:00,short,buy,68923.6,,112711863.15,-0.05,1178.61
2024-04-10 01:00:00+00:00,short,sell - direction_change,68923.6,69182.9,112231469.79,-0.43,1178.19
2024-04-10 01:00:00+00:00,long,buy,69182.9,,112175354.05,-0.05,1178.14
2024-04-10 04:00:00+00:00,long,sell - direction_change,69182.9,69193.2,112135967.12,-0.04,1178.1
2024-04-10 04:00:00+00:00,short,buy,69193.2,,112079899.14,-0.05,1178.05
2024-04-10 05:00:00+00:00,short,sell - direction_change,69193.2,69176.4,112051072.01,-0.03,1178.03
2024-04-10 05:00:00+00:00,long,buy,69176.4,,111995046.48,-0.05,1177.98
2024-04-10 08:00:00+00:00,long,sell - direction_change,69176.4,69381.6,112271263.17,0.25,1178.22
2024-04-10 08:00:00+00:00,short,buy,69381.6,,112215127.54,-0.05,1178.17
2024-04-10 13:00:00+00:00,short,sell - direction_change,69381.6,68013.5,114371732.22,1.92,1180.09
2024-04-10 13:00:00+00:00,long,buy,68013.5,,114314546.35,-0.05,1180.04
2024-04-10 15:00:00+00:00,long,sell - direction_change,68013.5,68742.7,115483001.16,1.02,1181.07
2024-04-10 15:00:00+00:00,short,buy,68742.7,,115425259.66,-0.05,1181.02
2024-04-10 16:00:00+00:00,short,sell - direction_change,68742.7,68688.0,115459393.32,0.03,1181.05
2024-04-10 16:00:00+00:00,long,buy,68688.0,,115401663.62,-0.05,1181.0
2024-04-10 22:21:00+00:00,long,sell - take_profit,68688.0,70748.64,118806012.7,2.95,1183.95
2024-04-10 23:00:00+00:00,long,buy,70584.3,,118746609.69,-0.05,1183.9
2024-04-11 13:42:00+00:00,long,sell - stop_loss,70584.3,69878.45700000001,117499770.29,-1.05,1182.85
2024-04-11 14:00:00+00:00,short,buy,70322.7,,117441020.4,-0.05,1182.8
2024-04-11 15:00:00+00:00,short,sell - direction_change,70322.7,69630.7,118537960.67,0.93,1183.73
2024-04-11 15:00:00+00:00,long,buy,69630.7,,118478691.69,-0.05,1183.68
2024-04-11 18:00:00+00:00,long,sell - direction_change,69630.7,70244.7,119464191.47,0.83,1184.51
2024-04-11 18:00:00+00:00,short,buy,70244.7,,119404459.37,-0.05,1184.46
2024-04-11 19:00:00+00:00,short,sell - direction_change,70244.7,70151.2,119503691.8,0.08,1184.54
2024-04-11 19:00:00+00:00,long,buy,70151.2,,119443939.95,-0.05,1184.49
2024-04-11 21:00:00+00:00,long,sell - direction_change,70151.2,70547.6,120059154.09,0.52,1185.01
2024-04-11 21:00:00+00:00,short,buy,70547.6,,119999124.51,-0.05,1184.96
2024-04-12 00:00:00+00:00,short,sell - direction_change,70547.6,70055.6,120776000.61,0.65,1185.61
2024-04-12 00:00:00+00:00,long,buy,70055.6,,120715612.61,-0.05,1185.56
2024-04-12 01:00:00+00:00,long,sell - direction_change,70055.6,70342.0,121148762.12,0.36,1185.92
2024-04-12 01:00:00+00:00,short,buy,70342.0,,121088187.74,-0.05,1185.87
2024-04-12 02:00:00+00:00,short,sell - direction_change,70342.0,70330.0,121048300.7,-0.03,1185.83
2024-04-12 02:00:00+00:00,long,buy,70330.0,,120987776.55,-0.05,1185.78
2024-04-12 12:00:00+00:00,long,sell - direction_change,70330.0,70950.9,121995408.78,0.83,1186.62
2024-04-12 12:00:00+00:00,short,buy,70950.9,,121934411.08,-0.05,1186.57
2024-04-12 15:00:00+00:00,short,sell - direction_change,70950.9,69289.6,124728511.78,2.29,1188.86
2024-04-12 15:00:00+00:00,long,buy,69289.6,,124666147.52,-0.05,1188.81
2024-04-12 16:00:00+00:00,long,sell - direction_change,69289.6,69374.0,124755667.29,0.07,1188.88
2024-04-12 16:00:00+00:00,short,buy,69374.0,,124693289.46,-0.05,1188.83
2024-04-12 17:28:00+00:00,short,sell - take_profit,69374.0,67292.78,128371741.5,2.95,1191.78
2024-04-12 18:00:00+00:00,short,buy,68191.3,,128307555.62,-0.05,1191.73
2024-04-12 18:33:00+00:00,short,sell - take_profit,68191.3,66145.561,132092628.52,2.95,1194.68
2024-04-12 19:00:00+00:00,short,buy,66522.7,,132026582.2,-0.05,1194.63
2024-04-12 19:31:00+00:00,short,sell - stop_loss,66522.7,67187.927,130640303.09,-1.05,1193.58
2024-04-12 20:00:00+00:00,long,buy,66867.6,,130574982.94,-0.05,1193.53
2024-04-12 21:00:00+00:00,long,sell - direction_change,66867.6,67161.6,131083800.77,0.39,1193.92
2024-04-12 21:00:00+00:00,short,buy,67161.6,,131018258.87,-0.05,1193.87
2024-04-12 22:00:00+00:00,short,sell - direction_change,67161.6,66985.2,131296869.31,0.21,1194.08
2024-04-12 22:00:00+00:00,long,buy,66985.2,,131231220.87,-0.05,1194.03
2024-04-13 00:00:00+00:00,long,sell - direction_change,66985.2,67136.4,131461822.34,0.18,1194.21
2024-04-13 00:00:00+00:00,short,buy,67136.4,,131396091.43,-0.05,1194.16
2024-04-13 02:00:00+00:00,short,sell - direction_change,67136.4,65928.4,133694632.14,1.75,1195.91
2024-04-13 02:00:00+00:00,long,buy,65928.4,,133627784.82,-0.05,1195.86
2024-04-13 04:47:00+00:00,long,sell - take_profit,65928.4,67906.252,137569804.47,2.95,1198.81
2024-04-13 05:00:00+00:00,long,buy,67616.0,,137501019.57,-0.05,1198.76
2024-04-13 08:00:00+00:00,long,sell - direction_change,67616.0,67466.1,137127438.8,-0.27,1198.48
2024-04-13 08:00:00+00:00,short,buy,67466.1,,137058875.08,-0.05,1198.43
2024-04-13 09:00:00+00:00,short,sell - direction_change,67466.1,67209.2,137512243.68,0.33,1198.77
2024-04-13 09:00:00+00:00,long,buy,67209.2,,137443487.56,-0.05,1198.72
2024-04-13 11:00:00+00:00,long,sell - direction_change,67209.2,67446.8,137860660.2,0.3,1199.02
2024-04-13 11:00:00+00:00,short,buy,67446.8,,137791729.87,-0.05,1198.97
2024-04-13 12:00:00+00:00,short,sell - direction_change,67446.8,67377.1,137865228.95,0.05,1199.02
2024-04-13 12:00:00+00:00,long,buy,67377.1,,137796296.33,-0.05,1198.97
2024-04-13 14:00:00+00:00,long,sell - direction_change,67377.1,67563.4,138108409.69,0.23,1199.2
2024-04-13 14:00:00+00:00,short,buy,67563.4,,138039355.48,-0.05,1199.15
2024-04-13 15:00:00+00:00,short,sell - direction_change,67563.4,67580.0,137936420.2,-0.07,1199.07
2024-04-13 15:00:00+00:00,long,buy,67580.0,,137867451.99,-0.05,1199.02
2024-04-13 16:00:00+00:00,long,sell - direction_change,67580.0,67683.2,138009052.76,0.1,1199.13
2024-04-13 16:00:00+00:00,short,buy,67683.2,,137940048.23,-0.05,1199.08
2024-04-13 18:00:00+00:00,short,sell - direction_change,67683.2,66755.4,139761957.73,1.32,1200.4
2024-04-13 18:00:00+00:00,long,buy,66755.4,,139692076.75,-0.05,1200.35
2024-04-13 19:00:00+00:00,long,sell - direction_change,66755.4,67181.6,140514095.09,0.59,1200.94
2024-04-13 19:00:00+00:00,short,buy,67181.6,,140443838.04,-0.05,1200.89
2024-04-13 19:53:00+00:00,short,sell - take_profit,67181.6,65166.152,144586931.26,2.95,1203.84
2024-04-13 20:00:00+00:00,short,buy,64779.1,,144514637.8,-0.05,1203.79
2024-04-13 20:07:00+00:00,short,sell - take_profit,64779.1,62835.727,148777819.61,2.95,1206.74
2024-04-13 21:00:00+00:00,long,buy,61828.5,,148703430.7,-0.05,1206.69
2024-04-13 22:33:00+00:00,long,sell - take_profit,61828.5,63683.355,153090181.91,2.95,1209.64
2024-04-13 23:00:00+00:00,long,buy,64288.6,,153013636.82,-0.05,1209.59
2024-04-14 00:00:00+00:00,long,sell - direction_change,64288.6,63939.7,152106711.26,-0.59,1208.99
2024-04-14 00:00:00+00:00,short,buy,63939.7,,152030657.91,-0.05,1208.94
2024-04-14 01:00:00+00:00,short,sell - direction_change,63939.7,63682.7,152565716.44,0.35,1209.3
2024-04-14 01:00:00+00:00,long,buy,63682.7,,152489433.58,-0.05,1209.25
2024-04-14 02:00:00+00:00,long,sell - direction_change,63682.7,63738.1,152545845.21,0.04,1209.28
2024-04-14 02:00:00+00:00,short,buy,63738.1,,152469572.29,-0.05,1209.23
2024-04-14 05:00:00+00:00,short,sell - direction_change,63738.1,63954.1,151876638.27,-0.39,1208.84
2024-04-14 05:00:00+00:00,long,buy,63954.1,,151800699.95,-0.05,1208.79
2024-04-14 09:00:00+00:00,long,sell - direction_change,63954.1,64512.0,153049024.48,0.82,1209.62
2024-04-14 09:00:00+00:00,short,buy,64512.0,,152972499.97,-0.05,1209.57
2024-04-14 10:00:00+00:00,short,sell - direction_change,64512.0,64119.2,153827431.1,0.56,1210.12
2024-04-14 10:00:00+00:00,long,buy,64119.2,,153750517.38,-0.05,1210.07
2024-04-14 11:00:00+00:00,long,sell - direction_change,64119.2,64443.6,154451516.27,0.46,1210.53
2024-04-14 11:00:00+00:00,short,buy,64443.6,,154374290.51,-0.05,1210.48
2024-04-14 12:00:00+00:00,short,sell - direction_change,64443.6,64150.2,154999941.46,0.41,1210.89
2024-04-14 12:00:00+00:00,long,buy,64150.2,,154922441.49,-0.05,1210.84
2024-04-14 14:00:00+00:00,long,sell - direction_change,64150.2,64357.4,155345367.32,0.27,1211.11
2024-04-14 14:00:00+00:00,short,buy,64357.4,,155267694.64,-0.05,1211.06
2024-04-14 18:00:00+00:00,short,sell - direction_change,64357.4,63849.7,156414930.17,0.74,1211.8
2024-04-14 18:00:00+00:00,long,buy,63849.7,,156336722.71,-0.05,1211.75
2024-04-14 20:00:00+00:00,long,sell - direction_change,63849.7,64146.0,156984048.29,0.41,1212.16
2024-04-14 20:00:00+00:00,short,buy,64146.0,,156905556.27,-0.05,1212.11
2024-04-14 22:00:00+00:00,short,sell - direction_change,64146.0,63652.8,158033504.83,0.72,1212.83
2024-04-14 22:00:00+00:00,long,buy,63652.8,,157954488.08,-0.05,1212.78
2024-04-14 23:20:00+00:00,long,sell - take_profit,63652.8,65562.384,162614145.48,2.95,1215.73
2024-04-15 00:00:00+00:00,long,buy,65615.9,,162532838.4,-0.05,1215.68
2024-04-15 02:41:00+00:00,long,sell - stop_loss,65615.9,64959.740999999995,160826243.6,-1.05,1214.63
2024-04-15 03:00:00+00:00,long,buy,65102.6,,160745830.48,-0.05,1214.58
2024-04-15 14:00:00+00:00,long,sell - direction_change,65102.6,65842.4,162492109.12,1.09,1215.67
2024-04-15 14:00:00+00:00,short,buy,65842.4,,162410863.06,-0.05,1215.62
2024-04-15 15:01:00+00:00,short,sell - take_profit,65842.4,63867.12799999999,167201983.52,2.95,1218.57
2024-04-15 16:00:00+00:00,short,buy,64552.6,,167118382.53,-0.05,1218.52
2024-04-15 19:00:00+00:00,short,sell - direction_change,64552.6,63149.6,170667009.97,2.12,1220.64
2024-04-15 19:00:00+00:00,long,buy,63149.6,,170581676.46,-0.05,1220.59
2024-04-15 19:04:00+00:00,long,sell - stop_loss,63149.6,62518.104,168790568.86,-1.05,1219.54
2024-04-15 20:00:00+00:00,short,buy,63269.9,,168706173.58,-0.05,1219.49
2024-04-16 05:00:00+00:00,short,sell - direction_change,63269.9,62464.3,170769914.5,1.22,1220.71
2024-04-16 05:00:00+00:00,long,buy,62464.3,,170684529.55,-0.05,1220.66
2024-04-16 10:00:00+00:00,long,sell - direction_change,62464.3,63220.0,172664147.57,1.16,1221.82
2024-04-16 10:00:00+00:00,short,buy,63220.0,,172577815.5,-0.05,1221.77
2024-04-16 11:00:00+00:00,short,sell - direction_change,63220.0,62534.1,174363894.88,1.03,1222.81
2024-04-16 11:00:00+00:00,long,buy,62534.1,,174276712.94,-0.05,1222.76
2024-04-16 12:00:00+00:00,long,sell - direction_change,62534.1,63064.6,175668028.68,0.8,1223.56
2024-04-16 12:00:00+00:00,short,buy,63064.6,,175580194.66,-0.05,1223.51
2024-04-16 17:00:00+00:00,short,sell - direction_change,63064.6,62721.9,176446526.73,0.49,1224.0
2024-04-16 17:00:00+00:00,long,buy,62721.9,,176358303.47,-0.05,1223.95
2024-04-16 19:00:00+00:00,long,sell - direction_change,62721.9,62979.4,176994149.94,0.36,1224.31
2024-04-16 19:00:00+00:00,short,buy,62979.4,,176905652.87,-0.05,1224.26
2024-04-16 20:00:00+00:00,short,sell - direction_change,62979.4,62690.9,177627580.59,0.41,1224.67
2024-04-16 20:00:00+00:00,long,buy,62690.9,,177538766.8,-0.05,1224.62
2024-04-17 10:00:00+00:00,long,sell - direction_change,62690.9,63302.3,179181464.06,0.93,1225.54
2024-04-17 10:00:00+00:00,short,buy,63302.3,,179091873.33,-0.05,1225.49
2024-04-17 13:00:00+00:00,short,sell - direction_change,63302.3,62286.4,181876463.63,1.55,1227.05
2024-04-17 13:00:00+00:00,long,buy,62286.4,,181785525.39,-0.05,1227.0
2024-04-17 14:00:00+00:00,long,sell - direction_change,62286.4,62606.5,182628858.19,0.46,1227.46
2024-04-17 14:00:00+00:00,short,buy,62606.5,,182537543.76,-0.05,1227.41
2024-04-17 14:35:00+00:00,short,sell - take_profit,62606.5,60728.305,187922401.3,2.95,1230.36
2024-04-17 15:00:00+00:00,short,buy,61263.2,,187828440.1,-0.05,1230.31
2024-04-17 17:00:00+00:00,short,sell - direction_change,61263.2,60166.0,191098459.93,1.74,1232.05
2024-04-17 17:00:00+00:00,long,buy,60166.0,,191002910.7,-0.05,1232.0
2024-04-17 19:00:00+00:00,long,sell - direction_change,60166.0,61419.4,194886451.36,2.03,1234.04
2024-04-17 19:00:00+00:00,short,buy,61419.4,,194789008.14,-0.05,1233.99
2024-04-17 22:00:00+00:00,short,sell - direction_change,61419.4,61282.7,195125151.86,0.17,1234.16
2024-04-17 22:00:00+00:00,long,buy,61282.7,,195027589.28,-0.05,1234.11
2024-04-17 23:00:00+00:00,long,sell - direction_change,61282.7,61661.9,196136851.0,0.57,1234.68
2024-04-17 23:00:00+00:00,short,buy,61661.9,,196038782.57,-0.05,1234.63
2024-04-18 00:00:00+00:00,short,sell - direction_change,61661.9,61254.5,197235990.87,0.61,1235.24
2024-04-18 00:00:00+00:00,long,buy,61254.5,,197137372.87,-0.05,1235.19
2024-04-18 04:00:00+00:00,long,sell - direction_change,61254.5,61953.6,199288740.72,1.09,1236.28
2024-04-18 04:00:00+00:00,short,buy,61953.6,,199189096.35,-0.05,1236.23
2024-04-18 06:00:00+00:00,short,sell - direction_change,61953.6,61051.4,201990195.27,1.41,1237.64
2024-04-18 06:00:00+00:00,long,buy,61051.4,,201889200.17,-0.05,1237.59
2024-04-18 07:00:00+00:00,long,sell - direction_change,61051.4,61127.3,202039247.2,0.07,1237.66
2024-04-18 07:00:00+00:00,short,buy,61127.3,,201938227.57,-0.05,1237.61
2024-04-18 09:00:00+00:00,short,sell - direction_change,61127.3,61313.7,201221473.28,-0.35,1237.26
2024-04-18 09:00:00+00:00,long,buy,61313.7,,201120862.54,-0.05,1237.21
2024-04-18 14:10:00+00:00,long,sell - take_profit,61313.7,63153.111,207053927.99,2.95,1240.16
2024-04-18 15:00:00+00:00,long,buy,63778.3,,206950401.02,-0.05,1240.11
2024-04-18 17:41:00+00:00,long,sell - stop_loss,63778.3,63140.517,204777421.81,-1.05,1239.06
2024-04-18 18:00:00+00:00,long,buy,62755.1,,204675033.1,-0.05,1239.01
2024-04-19 01:00:00+00:00,long,sell - direction_change,62755.1,62692.1,204367221.81,-0.15,1238.86
2024-04-19 01:00:00+00:00,short,buy,62692.1,,204265038.2,-0.05,1238.81
2024-04-19 01:48:00+00:00,short,sell - take_profit,62692.1,60811.337,210290856.83,2.95,1241.76
2024-04-19 02:00:00+00:00,long,buy,61000.0,,210185711.4,-0.05,1241.71
2024-04-19 02:17:00+00:00,long,sell - stop_loss,61000.0,60390.0,207978761.43,-1.05,1240.66
2024-04-19 03:00:00+00:00,long,buy,61334.1,,207874772.05,-0.05,1240.61
2024-04-19 06:40:00+00:00,long,sell - take_profit,61334.1,63174.123,214007077.82,2.95,1243.56
2024-04-19 07:00:00+00:00,long,buy,64595.9,,213900074.29,-0.05,1243.51
2024-04-19 14:27:00+00:00,long,sell - stop_loss,64595.9,63949.941,211654123.51,-1.05,1242.46
2024-04-19 15:00:00+00:00,long,buy,64426.2,,211548296.44,-0.05,1242.41
2024-04-19 16:20:00+00:00,long,sell - stop_loss,64426.2,63781.937999999995,209327039.33,-1.05,1241.36
2024-04-19 17:00:00+00:00,long,buy,63985.9,,209222375.81,-0.05,1241.31
2024-04-19 18:00:00+00:00,long,sell - direction_change,63985.9,64604.3,211139821.31,0.92,1242.22
2024-04-19 18:00:00+00:00,short,buy,64604.3,,211034251.4,-0.05,1242.17
2024-04-19 19:00:00+00:00,short,sell - direction_change,64604.3,64189.7,212283052.81,0.59,1242.76
2024-04-19 19:00:00+00:00,long,buy,64189.7,,212176911.28,-0.05,1242.71
2024-04-19 20:00:00+00:00,long,sell - direction_change,64189.7,64307.2,212459215.16,0.13,1242.85
2024-04-19 20:00:00+00:00,short,buy,64307.2,,212352985.55,-0.05,1242.8
2024-04-19 21:00:00+00:00,short,sell - direction_change,64307.2,64026.1,213175047.64,0.39,1243.18
2024-04-19 21:00:00+00:00,long,buy,64026.1,,213068460.11,-0.05,1243.13
2024-04-19 22:00:00+00:00,long,sell - direction_change,64026.1,64378.9,214135986.97,0.5,1243.64
2024-04-19 22:00:00+00:00,short,buy,64378.9,,214028918.98,-0.05,1243.59
2024-04-20 02:00:00+00:00,short,sell - direction_change,64378.9,63623.7,216432581.77,1.12,1244.71
2024-04-20 02:00:00+00:00,long,buy,63623.7,,216324365.48,-0.05,1244.66
2024-04-20 07:00:00+00:00,long,sell - direction_change,63623.7,64017.4,217554806.72,0.57,1245.23
2024-04-20 07:00:00+00:00,short,buy,64017.4,,217446029.32,-0.05,1245.18
2024-04-20 11:00:00+00:00,short,sell - direction_change,64017.4,63538.6,218963632.25,0.7,1245.87
2024-04-20 11:00:00+00:00,long,buy,63538.6,,218854150.44,-0.05,1245.82
2024-04-20 12:00:00+00:00,long,sell - direction_change,63538.6,63688.7,219261732.05,0.19,1246.01
2024-04-20 12:00:00+00:00,short,buy,63688.7,,219152101.18,-0.05,1245.96
2024-04-20 15:00:00+00:00,short,sell - direction_change,63688.7,63905.9,218295142.37,-0.39,1245.57
2024-04-20 15:00:00+00:00,long,buy,63905.9,,218185994.8,-0.05,1245.52
2024-04-21 08:00:00+00:00,long,sell - direction_change,63905.9,65109.8,222187228.38,1.83,1247.35
2024-04-21 08:00:00+00:00,short,buy,65109.8,,222076134.76,-0.05,1247.3
2024-04-21 10:00:00+00:00,short,sell - direction_change,65109.8,64872.7,222773796.02,0.31,1247.62
2024-04-21 10:00:00+00:00,long,buy,64872.7,,222662409.13,-0.05,1247.57
2024-04-21 13:00:00+00:00,long,sell - direction_change,64872.7,64976.4,222907007.18,0.11,1247.68
2024-04-21 13:00:00+00:00,short,buy,64976.4,,222795553.67,-0.05,1247.63
2024-04-21 14:00:00+00:00,short,sell - direction_change,64976.4,64850.2,223116879.15,0.14,1247.77
2024-04-21 14:00:00+00:00,long,buy,64850.2,,223005320.71,-0.05,1247.72
2024-04-21 16:00:00+00:00,long,sell - direction_change,64850.2,65014.9,223460184.48,0.2,1247.93
2024-04-21 16:00:00+00:00,short,buy,65014.9,,223348454.38,-0.05,1247.88
2024-04-21 22:00:00+00:00,short,sell - direction_change,65014.9,64632.2,224551485.76,0.54,1248.41
2024-04-21 22:00:00+00:00,long,buy,64632.2,,224439210.02,-0.05,1248.36
2024-04-22 01:00:00+00:00,long,sell - direction_change,64632.2,64873.2,225163877.44,0.32,1248.69
2024-04-22 01:00:00+00:00,short,buy,64873.2,,225051295.5,-0.05,1248.64
2024-04-22 01:21:00+00:00,short,sell - stop_loss,64873.2,65521.932,222688256.9,-1.05,1247.59
2024-04-22 02:00:00+00:00,long,buy,64634.4,,222576912.77,-0.05,1247.54
2024-04-22 17:28:00+00:00,long,sell - take_profit,64634.4,66573.432,229142931.7,2.95,1250.49
2024-04-22 18:00:00+00:00,long,buy,66507.2,,229028360.23,-0.05,1250.44
2024-04-23 06:00:00+00:00,long,sell - direction_change,66507.2,66462.0,228758192.5,-0.12,1250.32
2024-04-23 06:00:00+00:00,short,buy,66462.0,,228643813.4,-0.05,1250.27
2024-04-23 13:00:00+00:00,short,sell - direction_change,66462.0,66115.0,229723247.38,0.47,1250.74
2024-04-23 13:00:00+00:00,long,buy,66115.0,,229608385.75,-0.05,1250.69
2024-04-23 20:00:00+00:00,long,sell - direction_change,66115.0,66455.9,230677480.81,0.47,1251.16
2024-04-23 20:00:00+00:00,short,buy,66455.9,,230562142.07,-0.05,1251.11
2024-04-23 21:00:00+00:00,short,sell - direction_change,66455.9,66316.3,230931189.32,0.16,1251.27
2024-04-23 21:00:00+00:00,long,buy,66316.3,,230815723.73,-0.05,1251.22
2024-04-23 23:00:00+00:00,long,sell - direction_change,66316.3,66334.0,230761921.21,-0.02,1251.19
2024-04-23 23:00:00+00:00,short,buy,66334.0,,230646540.25,-0.05,1251.14
2024-04-24 00:00:00+00:00,short,sell - direction_change,66334.0,66386.2,230349715.04,-0.13,1251.02
2024-04-24 00:00:00+00:00,long,buy,66386.2,,230234540.19,-0.05,1250.97
2024-04-24 09:00:00+00:00,long,sell - direction_change,66386.2,66506.1,230535249.12,0.13,1251.1
2024-04-24 09:00:00+00:00,short,buy,66506.1,,230419981.49,-0.05,1251.05
2024-04-24 11:00:00+00:00,short,sell - direction_change,66506.1,66395.2,230689000.56,0.12,1251.16
2024-04-24 11:00:00+00:00,long,buy,66395.2,,230573656.06,-0.05,1251.11
2024-04-24 12:00:00+00:00,long,sell - direction_change,66395.2,66550.7,230998381.21,0.18,1251.3
2024-04-24 12:00:00+00:00,short,buy,66550.7,,230882882.02,-0.05,1251.25
2024-04-24 15:44:00+00:00,short,sell - take_profit,66550.7,64554.179,237693927.04,2.95,1254.2
2024-04-24 16:00:00+00:00,short,buy,64593.5,,237575080.08,-0.05,1254.15
2024-04-24 17:00:00+00:00,short,sell - direction_change,64593.5,64771.4,236801975.82,-0.33,1253.82
2024-04-24 17:00:00+00:00,long,buy,64771.4,,236683574.83,-0.05,1253.77
2024-04-24 18:00:00+00:00,long,sell - direction_change,64771.4,64850.0,236852448.22,0.07,1253.84
2024-04-24 18:00:00+00:00,short,buy,64850.0,,236734022.0,-0.05,1253.79
2024-04-24 20:00:00+00:00,short,sell - direction_change,64850.0,63960.8,239861667.2,1.32,1255.11
2024-04-24 20:00:00+00:00,long,buy,63960.8,,239741736.37,-0.05,1255.06
2024-04-24 22:00:00+00:00,long,sell - direction_change,63960.8,64362.0,241125667.59,0.58,1255.64
2024-04-24 22:00:00+00:00,short,buy,64362.0,,241005104.76,-0.05,1255.59
2024-04-25 04:00:00+00:00,short,sell - direction_change,64362.0,64259.9,241266918.18,0.11,1255.7
2024-04-25 04:00:00+00:00,long,buy,64259.9,,241146284.73,-0.05,1255.65
2024-04-25 07:00:00+00:00,long,sell - direction_change,64259.9,64260.5,241027963.19,-0.05,1255.6
2024-04-25 07:00:00+00:00,short,buy,64260.5,,240907449.2,-0.05,1255.55
2024-04-25 09:00:00+00:00,short,sell - direction_change,64260.5,63929.9,242026388.31,0.46,1256.02
2024-04-25 09:00:00+00:00,long,buy,63929.9,,241905375.11,-0.05,1255.97
2024-04-25 10:00:00+00:00,long,sell - direction_change,63929.9,63948.2,241853668.09,-0.02,1255.94
2024-04-25 10:00:00+00:00,short,buy,63948.2,,241732741.25,-0.05,1255.89
2024-04-25 15:00:00+00:00,short,sell - direction_change,63948.2,63358.0,243842909.75,0.87,1256.77
2024-04-25 15:00:00+00:00,long,buy,63358.0,,243720988.3,-0.05,1256.72
2024-04-25 21:17:00+00:00,long,sell - take_profit,63358.0,65258.740000000005,250910757.45,2.95,1259.67
2024-04-25 22:00:00+00:00,long,buy,64672.8,,250785302.07,-0.05,1259.62
2024-04-26 01:04:00+00:00,long,sell - stop_loss,64672.8,64026.072,248152056.4,-1.05,1258.57
2024-04-26 02:00:00+00:00,long,buy,64370.9,,248027980.37,-0.05,1258.52
2024-04-26 03:00:00+00:00,long,sell - direction_change,64370.9,64470.3,248286965.24,0.1,1258.62
2024-04-26 03:00:00+00:00,short,buy,64470.3,,248162821.76,-0.05,1258.57
2024-04-26 05:00:00+00:00,short,sell - direction_change,64470.3,64187.1,249128850.23,0.39,1258.96
2024-04-26 05:00:00+00:00,long,buy,64187.1,,249004285.8,-0.05,1258.91
2024-04-26 06:00:00+00:00,long,sell - direction_change,64187.1,64527.1,250198762.98,0.48,1259.39
2024-04-26 06:00:00+00:00,short,buy,64527.1,,250073663.59,-0.05,1259.34
2024-04-26 08:00:00+00:00,short,sell - direction_change,64527.1,64236.7,251074066.96,0.4,1259.74
2024-04-26 08:00:00+00:00,long,buy,64236.7,,250948529.92,-0.05,1259.69
2024-04-26 10:00:00+00:00,long,sell - direction_change,64236.7,64454.1,251672355.36,0.29,1259.98
2024-04-26 10:00:00+00:00,short,buy,64454.1,,251546519.19,-0.05,1259.93
2024-04-26 13:00:00+00:00,short,sell - direction_change,64454.1,64114.5,252746110.77,0.48,1260.41
2024-04-26 13:00:00+00:00,long,buy,64114.5,,252619737.71,-0.05,1260.36
2024-04-26 14:00:00+00:00,long,sell - direction_change,64114.5,64465.4,253876020.95,0.5,1260.85
2024-04-26 14:00:00+00:00,short,buy,64465.4,,253749082.94,-0.05,1260.8
2024-04-26 17:00:00+00:00,short,sell - direction_change,64465.4,63639.0,256875088.89,1.23,1262.03
2024-04-26 17:00:00+00:00,long,buy,63639.0,,256746651.35,-0.05,1261.98
2024-04-26 19:00:00+00:00,long,sell - direction_change,63639.0,64032.1,258204209.74,0.57,1262.55
2024-04-26 19:00:00+00:00,short,buy,64032.1,,258075107.64,-0.05,1262.5
2024-04-27 11:00:00+00:00,short,sell - direction_change,64032.1,62772.4,263023167.56,1.92,1264.42
2024-04-27 11:00:00+00:00,long,buy,62772.4,,262891655.97,-0.05,1264.37
2024-04-27 15:00:00+00:00,long,sell - direction_change,62772.4,63101.8,264139741.78,0.47,1264.84
2024-04-27 15:00:00+00:00,short,buy,63101.8,,264007671.91,-0.05,1264.79
2024-04-27 17:00:00+00:00,short,sell - direction_change,63101.8,62712.9,265502762.44,0.57,1265.36
2024-04-27 17:00:00+00:00,long,buy,62712.9,,265370011.06,-0.05,1265.31
2024-04-28 11:00:00+00:00,long,sell - direction_change,62712.9,63663.7,269260641.94,1.47,1266.78
2024-04-28 11:00:00+00:00,short,buy,63663.7,,269126011.61,-0.05,1266.73
2024-04-28 13:00:00+00:00,short,sell - direction_change,63663.7,63547.7,269481816.23,0.13,1266.86
2024-04-28 13:00:00+00:00,long,buy,63547.7,,269347075.33,-0.05,1266.81
2024-04-28 14:00:00+00:00,long,sell - direction_change,63547.7,63740.2,270028313.49,0.25,1267.06
2024-04-28 14:00:00+00:00,short,buy,63740.2,,269893299.33,-0.05,1267.01
2024-04-28 16:00:00+00:00,short,sell - direction_change,63740.2,63508.5,270739433.34,0.31,1267.33
2024-04-28 16:00:00+00:00,long,buy,63508.5,,270604063.63,-0.05,1267.28
2024-04-28 19:00:00+00:00,long,sell - direction_change,63508.5,63900.4,272138612.6,0.57,1267.84
2024-04-28 19:00:00+00:00,short,buy,63900.4,,272002543.29,-0.05,1267.79
2024-04-28 21:00:00+00:00,short,sell - direction_change,63900.4,63654.7,272912404.41,0.33,1268.13
2024-04-28 21:00:00+00:00,long,buy,63654.7,,272775948.21,-0.05,1268.08
2024-04-28 22:00:00+00:00,long,sell - direction_change,63654.7,63640.9,272580423.86,-0.07,1268.01
2024-04-28 22:00:00+00:00,short,buy,63640.9,,272444133.65,-0.05,1267.96
2024-04-29 13:50:00+00:00,short,sell - take_profit,63640.9,61731.673,280481235.59,2.95,1270.91
2024-04-29 14:00:00+00:00,long,buy,61990.1,,280340994.97,-0.05,1270.86
2024-04-29 18:00:00+00:00,long,sell - direction_change,61990.1,63000.0,284767946.82,1.58,1272.43
2024-04-29 18:00:00+00:00,short,buy,63000.0,,284625562.84,-0.05,1272.38
2024-04-29 19:00:00+00:00,short,sell - direction_change,63000.0,62843.0,285192555.04,0.2,1272.58
2024-04-29 19:00:00+00:00,long,buy,62843.0,,285049958.76,-0.05,1272.53
2024-04-30 07:00:00+00:00,long,sell - direction_change,62843.0,63377.6,287332329.28,0.8,1273.33
2024-04-30 07:00:00+00:00,short,buy,63377.6,,287188663.12,-0.05,1273.28
2024-04-30 09:34:00+00:00,short,sell - take_profit,63377.6,61476.272,295660728.68,2.95,1276.23
2024-04-30 10:00:00+00:00,short,buy,61658.9,,295512898.31,-0.05,1276.18
2024-04-30 12:00:00+00:00,short,sell - direction_change,61658.9,61182.3,297649344.91,0.72,1276.91
2024-04-30 12:00:00+00:00,long,buy,61182.3,,297500520.24,-0.05,1276.86
2024-04-30 13:00:00+00:00,long,sell - direction_change,61182.3,61204.7,297460690.56,-0.01,1276.84
2024-04-30 13:00:00+00:00,short,buy,61204.7,,297311960.22,-0.05,1276.79
2024-04-30 17:00:00+00:00,short,sell - direction_change,61204.7,60315.5,301482740.41,1.4,1278.2
2024-04-30 17:00:00+00:00,long,buy,60315.5,,301331999.04,-0.05,1278.15
2024-04-30 19:00:00+00:00,long,sell - direction_change,60315.5,60388.0,301543537.94,0.07,1278.22
2024-04-30 19:00:00+00:00,short,buy,60388.0,,301392766.17,-0.05,1278.17
2024-04-30 20:00:00+00:00,short,sell - direction_change,60388.0,59276.1,306791493.79,1.79,1279.96
2024-04-30 20:00:00+00:00,long,buy,59276.1,,306638098.05,-0.05,1279.91
2024-04-30 22:36:00+00:00,long,sell - take_profit,59276.1,61054.383,315683921.94,2.95,1282.86
2024-04-30 23:00:00+00:00,long,buy,60560.9,,315526079.98,-0.05,1282.81
2024-05-01 00:00:00+00:00,long,sell - direction_change,60560.9,60651.2,315838785.59,0.1,1282.91
2024-05-01 00:00:00+00:00,short,buy,60651.2,,315680866.2,-0.05,1282.86
2024-05-01 04:00:00+00:00,short,sell - direction_change,60651.2,60214.0,317798589.56,0.67,1283.53
2024-05-01 04:00:00+00:00,long,buy,60214.0,,317639690.26,-0.05,1283.48
2024-05-01 05:00:00+00:00,long,sell - direction_change,60214.0,60262.6,317737244.17,0.03,1283.51
2024-05-01 05:00:00+00:00,short,buy,60262.6,,317578375.54,-0.05,1283.46
2024-05-01 07:08:00+00:00,short,sell - take_profit,60262.6,58454.721999999994,326946937.62,2.95,1286.41
2024-05-01 08:00:00+00:00,short,buy,57482.0,,326783464.15,-0.05,1286.36
2024-05-01 09:00:00+00:00,short,sell - direction_change,57482.0,57153.0,328490427.66,0.52,1286.88
2024-05-01 09:00:00+00:00,long,buy,57153.0,,328326182.44,-0.05,1286.83
2024-05-01 11:00:00+00:00,long,sell - direction_change,57153.0,57742.7,331549662.17,0.98,1287.81
2024-05-01 11:00:00+00:00,short,buy,57742.7,,331383887.34,-0.05,1287.76
2024-05-01 12:00:00+00:00,short,sell - direction_change,57742.7,57862.2,330532387.93,-0.26,1287.51
2024-05-01 12:00:00+00:00,long,buy,57862.2,,330367121.74,-0.05,1287.46
2024-05-01 13:00:00+00:00,long,sell - direction_change,57862.2,57946.3,330682111.33,0.1,1287.55
2024-05-01 13:00:00+00:00,short,buy,57946.3,,330516770.27,-0.05,1287.5
2024-05-01 16:00:00+00:00,short,sell - direction_change,57946.3,56865.3,336517369.39,1.82,1289.32
2024-05-01 16:00:00+00:00,long,buy,56865.3,,336349110.71,-0.05,1289.27
2024-05-01 17:00:00+00:00,long,sell - direction_change,56865.3,57021.7,337106017.02,0.23,1289.49
2024-05-01 17:00:00+00:00,short,buy,57021.7,,336937464.01,-0.05,1289.44
2024-05-01 17:52:00+00:00,short,sell - stop_loss,57021.7,57591.916999999994,333399620.64,-1.05,1288.39
2024-05-01 18:00:00+00:00,long,buy,57398.5,,333232920.82,-0.05,1288.34
2024-05-01 18:52:00+00:00,long,sell - take_profit,57398.5,59120.455,343063291.99,2.95,1291.29
2024-05-01 19:00:00+00:00,short,buy,58884.4,,342891760.34,-0.05,1291.24
2024-05-01 19:34:00+00:00,short,sell - take_profit,58884.4,57117.868,353007067.27,2.95,1294.19
2024-05-01 20:00:00+00:00,short,buy,56935.7,,352830563.74,-0.05,1294.14
2024-05-01 20:46:00+00:00,short,sell - stop_loss,56935.7,57505.057,349125842.82,-1.05,1293.09
2024-05-01 21:00:00+00:00,long,buy,57334.1,,348951279.9,-0.05,1293.04
2024-05-02 04:00:00+00:00,long,sell - direction_change,57334.1,57407.7,349224754.33,0.08,1293.12
2024-05-02 04:00:00+00:00,short,buy,57407.7,,349050141.95,-0.05,1293.07
2024-05-02 06:00:00+00:00,short,sell - direction_change,57407.7,57463.1,348538773.95,-0.15,1292.92
2024-05-02 06:00:00+00:00,long,buy,57463.1,,348364504.57,-0.05,1292.87
2024-05-02 07:00:00+00:00,long,sell - direction_change,57463.1,57600.8,349025115.29,0.19,1293.06
2024-05-02 07:00:00+00:00,short,buy,57600.8,,348850602.73,-0.05,1293.01
2024-05-02 10:00:00+00:00,short,sell - direction_change,57600.8,57775.8,347616316.19,-0.35,1292.66
2024-05-02 10:00:00+00:00,long,buy,57775.8,,347442508.03,-0.05,1292.61
2024-05-02 18:49:00+00:00,long,sell - take_profit,57775.8,59509.07400000001,357692062.02,2.95,1295.56
2024-05-02 19:00:00+00:00,long,buy,59354.1,,357513215.99,-0.05,1295.51
2024-05-02 20:38:00+00:00,long,sell - stop_loss,59354.1,58760.559,353759327.22,-1.05,1294.46
2024-05-02 21:00:00+00:00,long,buy,58691.3,,353582447.55,-0.05,1294.41
2024-05-03 10:00:00+00:00,long,sell - direction_change,58691.3,59445.3,357948087.07,1.23,1295.64
2024-05-03 10:00:00+00:00,short,buy,59445.3,,357769113.03,-0.05,1295.59
2024-05-03 11:00:00+00:00,short,sell - direction_change,59445.3,59009.1,360215480.38,0.68,1296.28
2024-05-03 11:00:00+00:00,long,buy,59009.1,,360035372.64,-0.05,1296.23
2024-05-03 13:02:00+00:00,long,sell - take_profit,59009.1,60779.373,370656416.13,2.95,1299.18
2024-05-03 14:00:00+00:00,long,buy,61654.0,,370471087.92,-0.05,1299.13
2024-05-04 01:29:00+00:00,long,sell - take_profit,61654.0,63503.62,381399985.02,2.95,1302.08
2024-05-04 02:00:00+00:00,long,buy,62832.1,,381209285.02,-0.05,1302.03
2024-05-04 22:00:00+00:00,long,sell - direction_change,62832.1,63877.4,387360630.84,1.61,1303.64
2024-05-04 22:00:00+00:00,short,buy,63877.4,,387166950.53,-0.05,1303.59
2024-05-04 23:00:00+00:00,short,sell - direction_change,63877.4,63581.3,388768057.1,0.41,1304.01
2024-05-04 23:00:00+00:00,long,buy,63581.3,,388573673.07,-0.05,1303.96
2024-05-05 01:00:00+00:00,long,sell - direction_change,63581.3,63480.0,387760296.77,-0.21,1303.75
2024-05-05 01:00:00+00:00,short,buy,63480.0,,387566416.62,-0.05,1303.7
2024-05-05 04:00:00+00:00,short,sell - direction_change,63480.0,63209.8,389022293.87,0.38,1304.07
2024-05-05 04:00:00+00:00,long,buy,63209.8,,388827782.72,-0.05,1304.02
2024-05-05 05:00:00+00:00,long,sell - direction_change,63209.8,63315.3,389282339.89,0.12,1304.14
2024-05-05 05:00:00+00:00,short,buy,63315.3,,389087698.72,-0.05,1304.09
2024-05-05 07:00:00+00:00,short,sell - direction_change,63315.3,63345.1,388710026.73,-0.1,1303.99
2024-05-05 07:00:00+00:00,long,buy,63345.1,,388515671.72,-0.05,1303.94
2024-05-06 02:00:00+00:00,long,sell - direction_change,63345.1,64108.3,393002362.54,1.15,1305.1
2024-05-06 02:00:00+00:00,short,buy,64108.3,,392805861.35,-0.05,1305.05
2024-05-06 03:00:00+00:00,short,sell - direction_change,64108.3,63788.1,394571395.28,0.45,1305.5
2024-05-06 03:00:00+00:00,long,buy,63788.1,,394374109.59,-0.05,1305.45
2024-05-06 10:00:00+00:00,long,sell - direction_change,63788.1,65133.7,402496182.74,2.06,1307.51
2024-05-06 10:00:00+00:00,short,buy,65133.7,,402294934.64,-0.05,1307.46
2024-05-06 11:00:00+00:00,short,sell - direction_change,65133.7,63981.9,409207820.4,1.72,1309.17
2024-05-06 11:00:00+00:00,long,buy,63981.9,,409003216.49,-0.05,1309.12
2024-05-06 12:55:00+00:00,long,sell - stop_loss,63981.9,63342.081,404708682.72,-1.05,1308.07
2024-05-06 13:00:00+00:00,long,buy,63579.9,,404506328.38,-0.05,1308.02
2024-05-06 15:02:00+00:00,long,sell - stop_loss,63579.9,62944.101,400259011.93,-1.05,1306.97
2024-05-06 16:00:00+00:00,short,buy,63599.9,,400058882.42,-0.05,1306.92
2024-05-07 00:00:00+00:00,short,sell - direction_change,63599.9,63142.7,402734752.49,0.67,1307.59
2024-05-07 00:00:00+00:00,long,buy,63142.7,,402533385.11,-0.05,1307.54
2024-05-07 11:00:00+00:00,long,sell - direction_change,63142.7,64067.2,408225786.48,1.41,1308.96
2024-05-07 11:00:00+00:00,short,buy,64067.2,,408021673.59,-0.05,1308.91
2024-05-07 12:00:00+00:00,short,sell - direction_change,64067.2,63472.4,411605736.7,0.88,1309.79
2024-05-07 12:00:00+00:00,long,buy,63472.4,,411399933.84,-0.05,1309.74
2024-05-07 13:00:00+00:00,long,sell - direction_change,63472.4,63634.7,412246190.46,0.21,1309.94
2024-05-07 13:00:00+00:00,short,buy,63634.7,,412040067.36,-0.05,1309.89
2024-05-07 14:00:00+00:00,short,sell - direction_change,63634.7,63191.5,414703804.83,0.65,1310.54
2024-05-07 14:00:00+00:00,long,buy,63191.5,,414496452.93,-0.05,1310.49
2024-05-07 17:00:00+00:00,long,sell - direction_change,63191.5,63613.0,417053979.32,0.62,1311.1
2024-05-07 17:00:00+00:00,short,buy,63613.0,,416845452.33,-0.05,1311.05
2024-05-08 14:00:00+00:00,short,sell - direction_change,63613.0,62417.4,424471598.36,1.83,1312.88
2024-05-08 14:00:00+00:00,long,buy,62417.4,,424259362.56,-0.05,1312.83
2024-05-08 15:00:00+00:00,long,sell - direction_change,62417.4,62530.0,424812590.05,0.13,1312.96
2024-05-08 15:00:00+00:00,short,buy,62530.0,,424600183.75,-0.05,1312.91
2024-05-08 17:00:00+00:00,short,sell - direction_change,62530.0,62419.0,425141611.8,0.13,1313.04
2024-05-08 17:00:00+00:00,long,buy,62419.0,,424929040.99,-0.05,1312.99
2024-05-08 19:00:00+00:00,long,sell - direction_change,62419.0,62490.7,425204687.66,0.06,1313.06
2024-05-08 19:00:00+00:00,short,buy,62490.7,,424992085.31,-0.05,1313.01
2024-05-09 03:00:00+00:00,short,sell - direction_change,62490.7,61629.7,430635151.55,1.33,1314.33
2024-05-09 03:00:00+00:00,long,buy,61629.7,,430419833.97,-0.05,1314.28
2024-05-09 04:00:00+00:00,long,sell - direction_change,61629.7,61647.5,430328938.68,-0.02,1314.26
2024-05-09 04:00:00+00:00,short,buy,61647.5,,430113774.21,-0.05,1314.21
2024-05-09 06:00:00+00:00,short,sell - direction_change,61647.5,61547.2,430598509.07,0.11,1314.33
2024-05-09 06:00:00+00:00,long,buy,61547.2,,430383209.81,-0.05,1314.28
2024-05-09 07:00:00+00:00,long,sell - direction_change,61547.2,61579.8,430395981.34,0.0,1314.28
2024-05-09 07:00:00+00:00,short,buy,61579.8,,430180783.35,-0.05,1314.23
2024-05-09 14:00:00+00:00,short,sell - direction_change,61579.8,61165.4,432860585.71,0.62,1314.85
2024-05-09 14:00:00+00:00,long,buy,61165.4,,432644155.42,-0.05,1314.8
2024-05-09 22:47:00+00:00,long,sell - take_profit,61165.4,63000.362,445407158.0,2.95,1317.75
2024-05-09 23:00:00+00:00,long,buy,63252.7,,445184454.42,-0.05,1317.7
2024-05-10 08:00:00+00:00,long,sell - direction_change,63252.7,63053.8,443561966.41,-0.36,1317.34
2024-05-10 08:00:00+00:00,short,buy,63053.8,,443340185.43,-0.05,1317.29
2024-05-10 09:00:00+00:00,short,sell - direction_change,63053.8,63024.6,443323824.67,-0.0,1317.28
2024-05-10 09:00:00+00:00,long,buy,63024.6,,443102162.75,-0.05,1317.23
2024-05-10 14:19:00+00:00,long,sell - stop_loss,63024.6,62394.354,438449590.05,-1.05,1316.18
2024-05-10 15:00:00+00:00,short,buy,61034.7,,438230365.25,-0.05,1316.13
2024-05-10 18:00:00+00:00,short,sell - direction_change,61034.7,60368.3,442796015.38,1.04,1317.18
2024-05-10 18:00:00+00:00,long,buy,60368.3,,442574617.37,-0.05,1317.13
2024-05-10 19:00:00+00:00,long,sell - direction_change,60368.3,60684.1,444668536.29,0.47,1317.6
2024-05-10 19:00:00+00:00,short,buy,60684.1,,444446202.02,-0.05,1317.55
2024-05-10 21:00:00+00:00,short,sell - direction_change,60684.1,60494.1,445615525.94,0.26,1317.81
2024-05-10 21:00:00+00:00,long,buy,60494.1,,445392718.18,-0.05,1317.76
2024-05-10 22:00:00+00:00,long,sell - direction_change,60494.1,60697.7,446669043.33,0.29,1318.05
2024-05-10 22:00:00+00:00,short,buy,60697.7,,446445708.81,-0.05,1318.0
2024-05-11 04:00:00+00:00,short,sell - direction_change,60697.7,60706.0,446161437.53,-0.06,1317.93
2024-05-11 04:00:00+00:00,long,buy,60706.0,,445938356.81,-0.05,1317.88
2024-05-11 08:00:00+00:00,long,sell - direction_change,60706.0,60989.0,447794268.71,0.42,1318.3
2024-05-11 08:00:00+00:00,short,buy,60989.0,,447570371.58,-0.05,1318.25
2024-05-11 13:00:00+00:00,short,sell - direction_change,60989.0,60681.0,449606857.5,0.46,1318.71
2024-05-11 13:00:00+00:00,long,buy,60681.0,,449382054.07,-0.05,1318.66
2024-05-11 14:00:00+00:00,long,sell - direction_change,60681.0,60939.1,451068760.48,0.38,1319.03
2024-05-11 14:00:00+00:00,short,buy,60939.1,,450843226.1,-0.05,1318.98
2024-05-11 15:00:00+00:00,short,sell - direction_change,60939.1,60806.1,451601772.9,0.17,1319.15
2024-05-11 15:00:00+00:00,long,buy,60806.1,,451375972.01,-0.05,1319.1
2024-05-11 23:00:00+00:00,long,sell - direction_change,60806.1,60879.8,451697374.02,0.07,1319.17
2024-05-11 23:00:00+00:00,short,buy,60879.8,,451471525.33,-0.05,1319.12
2024-05-12 00:00:00+00:00,short,sell - direction_change,60879.8,60809.2,451769344.01,0.07,1319.19
2024-05-12 00:00:00+00:00,long,buy,60809.2,,451543459.34,-0.05,1319.14
2024-05-12 01:00:00+00:00,long,sell - direction_change,60809.2,60951.9,452377317.6,0.18,1319.32
2024-05-12 01:00:00+00:00,short,buy,60951.9,,452151128.94,-0.05,1319.27
2024-05-12 03:00:00+00:00,short,sell - direction_change,60951.9,60898.9,452318216.01,0.04,1319.31
2024-05-12 03:00:00+00:00,long,buy,60898.9,,452092056.9,-0.05,1319.26
2024-05-12 05:00:00+00:00,long,sell - direction_change,60898.9,61065.4,453102048.43,0.22,1319.48
2024-05-12 05:00:00+00:00,short,buy,61065.4,,452875497.41,-0.05,1319.43
2024-05-12 08:00:00+00:00,short,sell - direction_change,61065.4,60803.8,454589147.34,0.38,1319.81
2024-05-12 08:00:00+00:00,long,buy,60803.8,,454361852.76,-0.05,1319.76
2024-05-13 01:00:00+00:00,long,sell - direction_change,60803.8,61485.5,459228736.27,1.07,1320.83
2024-05-13 01:00:00+00:00,short,buy,61485.5,,458999121.9,-0.05,1320.78
2024-05-13 06:00:00+00:00,short,sell - direction_change,61485.5,60837.8,463604806.75,1.0,1321.78
2024-05-13 06:00:00+00:00,long,buy,60837.8,,463373004.35,-0.05,1321.73
2024-05-13 08:15:00+00:00,long,sell - take_profit,60837.8,62662.934,477042507.98,2.95,1324.68
2024-05-13 09:00:00+00:00,long,buy,62749.4,,476803986.72,-0.05,1324.63
2024-05-13 22:00:00+00:00,long,sell - direction_change,62749.4,62881.5,477569352.2,0.16,1324.8
2024-05-13 22:00:00+00:00,short,buy,62881.5,,477330567.53,-0.05,1324.75
2024-05-13 23:00:00+00:00,short,sell - direction_change,62881.5,62742.6,478146285.74,0.17,1324.92
2024-05-13 23:00:00+00:00,long,buy,62742.6,,477907212.6,-0.05,1324.87
2024-05-14 02:00:00+00:00,long,sell - direction_change,62742.6,62627.3,476790024.72,-0.23,1324.63
2024-05-14 02:00:00+00:00,short,buy,62627.3,,476551629.71,-0.05,1324.58
2024-05-14 04:00:00+00:00,short,sell - direction_change,62627.3,62464.8,477549869.59,0.21,1324.79
2024-05-14 04:00:00+00:00,long,buy,62464.8,,477311094.66,-0.05,1324.74
2024-05-14 06:00:00+00:00,long,sell - direction_change,62464.8,62693.9,478823056.61,0.32,1325.06
2024-05-14 06:00:00+00:00,short,buy,62693.9,,478583645.08,-0.05,1325.01
2024-05-14 20:00:00+00:00,short,sell - direction_change,62693.9,61563.6,486972674.26,1.75,1326.76
2024-05-14 20:00:00+00:00,long,buy,61563.6,,486729187.92,-0.05,1326.71
2024-05-14 21:00:00+00:00,long,sell - direction_change,61563.6,61589.5,486690591.83,-0.01,1326.7
2024-05-14 21:00:00+00:00,short,buy,61589.5,,486447246.53,-0.05,1326.65
2024-05-14 22:00:00+00:00,short,sell - direction_change,61589.5,61670.1,485567426.6,-0.18,1326.47
2024-05-14 22:00:00+00:00,long,buy,61670.1,,485324642.89,-0.05,1326.42
2024-05-14 23:00:00+00:00,long,sell - direction_change,61670.1,61680.0,485159890.51,-0.03,1326.39
2024-05-14 23:00:00+00:00,short,buy,61680.0,,484917310.57,-0.05,1326.34
2024-05-15 02:00:00+00:00,short,sell - direction_change,61680.0,61668.7,484763690.52,-0.03,1326.31
2024-05-15 02:00:00+00:00,long,buy,61668.7,,484521308.68,-0.05,1326.26
2024-05-15 12:30:00+00:00,long,sell - take_profit,61668.7,63518.761,498814687.28,2.95,1329.21
2024-05-15 13:00:00+00:00,long,buy,63735.1,,498565279.94,-0.05,1329.16
2024-05-15 18:57:00+00:00,long,sell - take_profit,63735.1,65647.153,513272955.7,2.95,1332.11
2024-05-15 19:00:00+00:00,long,buy,65685.1,,513016319.22,-0.05,1332.06
2024-05-16 16:00:00+00:00,long,sell - direction_change,65685.1,65800.0,513657207.5,0.12,1332.18
2024-05-16 16:00:00+00:00,short,buy,65800.0,,513400378.9,-0.05,1332.13
2024-05-17 00:00:00+00:00,short,sell - direction_change,65800.0,65217.7,517687037.99,0.83,1332.97
2024-05-17 00:00:00+00:00,long,buy,65217.7,,517428194.47,-0.05,1332.92
2024-05-17 01:00:00+00:00,long,sell - direction_change,65217.7,65477.9,519233871.12,0.35,1333.27
2024-05-17 01:00:00+00:00,short,buy,65477.9,,518974254.18,-0.05,1333.22
2024-05-17 02:00:00+00:00,short,sell - direction_change,65477.9,65311.1,520036814.73,0.2,1333.42
2024-05-17 02:00:00+00:00,long,buy,65311.1,,519776796.33,-0.05,1333.37
2024-05-17 04:00:00+00:00,long,sell - direction_change,65311.1,65545.1,521379191.22,0.31,1333.68
2024-05-17 04:00:00+00:00,short,buy,65545.1,,521118501.62,-0.05,1333.63
2024-05-17 05:00:00+00:00,short,sell - direction_change,65545.1,65422.8,521830292.6,0.14,1333.77
2024-05-17 05:00:00+00:00,long,buy,65422.8,,521569377.45,-0.05,1333.72
2024-05-17 15:30:00+00:00,long,sell - take_profit,65422.8,67385.48400000001,536955674.09,2.95,1336.67
2024-05-17 16:00:00+00:00,long,buy,67169.9,,536687196.25,-0.05,1336.62
2024-05-17 18:01:00+00:00,long,sell - stop_loss,67169.9,66498.20099999999,531051980.69,-1.05,1335.57
2024-05-17 19:00:00+00:00,long,buy,66785.7,,530786454.7,-0.05,1335.52
2024-05-18 05:00:00+00:00,long,sell - direction_change,66785.7,66859.3,531106005.3,0.06,1335.58
2024-05-18 05:00:00+00:00,short,buy,66859.3,,530840452.3,-0.05,1335.53
2024-05-18 06:00:00+00:00,short,sell - direction_change,66859.3,66826.2,530837834.99,-0.0,1335.53
2024-05-18 06:00:00+00:00,long,buy,66826.2,,530572416.07,-0.05,1335.48
2024-05-18 13:00:00+00:00,long,sell - direction_change,66826.2,66917.1,531028838.3,0.09,1335.56
2024-05-18 13:00:00+00:00,short,buy,66917.1,,530763323.88,-0.05,1335.51
2024-05-18 20:00:00+00:00,short,sell - direction_change,66917.1,66881.8,530777929.63,0.0,1335.51
2024-05-18 20:00:00+00:00,long,buy,66881.8,,530512540.66,-0.05,1335.46
2024-05-18 21:00:00+00:00,long,sell - direction_change,66881.8,66934.0,530661339.56,0.03,1335.49
2024-05-18 21:00:00+00:00,short,buy,66934.0,,530396008.89,-0.05,1335.44
2024-05-18 22:00:00+00:00,short,sell - direction_change,66934.0,66869.8,530639542.23,0.05,1335.49
2024-05-18 22:00:00+00:00,long,buy,66869.8,,530374222.46,-0.05,1335.44
2024-05-19 00:00:00+00:00,long,sell - direction_change,66869.8,66884.9,530228800.18,-0.03,1335.41
2024-05-19 00:00:00+00:00,short,buy,66884.9,,529963685.78,-0.05,1335.36
2024-05-19 01:00:00+00:00,short,sell - direction_change,66884.9,66883.0,529713758.62,-0.05,1335.31
2024-05-19 01:00:00+00:00,long,buy,66883.0,,529448901.74,-0.05,1335.26
2024-05-19 12:00:00+00:00,long,sell - direction_change,66883.0,67303.4,532512083.01,0.58,1335.84
2024-05-19 12:00:00+00:00,short,buy,67303.4,,532245826.97,-0.05,1335.79
2024-05-19 13:00:00+00:00,short,sell - direction_change,67303.4,66798.9,535969369.06,0.7,1336.49
2024-05-19 13:00:00+00:00,long,buy,66798.9,,535701384.38,-0.05,1336.44
2024-05-19 14:00:00+00:00,long,sell - direction_change,66798.9,67010.5,537130483.98,0.27,1336.71
2024-05-19 14:00:00+00:00,short,buy,67010.5,,536861918.74,-0.05,1336.66
2024-05-20 04:00:00+00:00,short,sell - direction_change,67010.5,66643.0,539537754.05,0.5,1337.16
2024-05-20 04:00:00+00:00,long,buy,66643.0,,539267985.18,-0.05,1337.11
2024-05-20 06:00:00+00:00,long,sell - direction_change,66643.0,67107.5,542757035.2,0.65,1337.75
2024-05-20 06:00:00+00:00,short,buy,67107.5,,542485656.68,-0.05,1337.7
2024-05-20 07:00:00+00:00,short,sell - direction_change,67107.5,66372.5,548156029.29,1.05,1338.75
2024-05-20 07:00:00+00:00,long,buy,66372.5,,547881951.27,-0.05,1338.7
2024-05-20 14:00:00+00:00,long,sell - direction_change,66372.5,67063.9,553315277.33,0.99,1339.69
2024-05-20 14:00:00+00:00,short,buy,67063.9,,553038619.69,-0.05,1339.64
2024-05-20 15:00:00+00:00,short,sell - direction_change,67063.9,66963.0,553594166.47,0.1,1339.74
2024-05-20 15:00:00+00:00,long,buy,66963.0,,553317369.38,-0.05,1339.69
2024-05-20 19:22:00+00:00,long,sell - take_profit,66963.0,68971.89,569640231.78,2.95,1342.64
2024-05-20 20:00:00+00:00,long,buy,69996.5,,569355411.67,-0.05,1342.59
2024-05-20 20:46:00+00:00,long,sell - stop_loss,69996.5,69296.535,563377179.84,-1.05,1341.54
2024-05-20 21:00:00+00:00,long,buy,69490.0,,563095491.25,-0.05,1341.49
2024-05-20 23:28:00+00:00,long,sell - take_profit,69490.0,71574.7,579706808.24,2.95,1344.44
2024-05-21 00:00:00+00:00,long,buy,71466.5,,579416954.84,-0.05,1344.39
2024-05-21 01:25:00+00:00,long,sell - stop_loss,71466.5,70751.835,573333076.82,-1.05,1343.34
2024-05-21 02:00:00+00:00,long,buy,71124.8,,573046410.28,-0.05,1343.29
2024-05-21 14:28:00+00:00,long,sell - stop_loss,71124.8,70413.552,567029422.97,-1.05,1342.24
2024-05-21 15:00:00+00:00,long,buy,70247.0,,566745908.26,-0.05,1342.19
2024-05-21 18:00:00+00:00,long,sell - direction_change,70247.0,69914.3,563778344.32,-0.52,1341.67
2024-05-21 18:00:00+00:00,short,buy,69914.3,,563496455.15,-0.05,1341.62
2024-05-21 22:00:00+00:00,short,sell - direction_change,69914.3,69751.7,564525233.15,0.18,1341.8
2024-05-21 22:00:00+00:00,long,buy,69751.7,,564242970.53,-0.05,1341.75
2024-05-21 23:00:00+00:00,long,sell - direction_change,69751.7,70238.7,567900341.94,0.65,1342.4
2024-05-21 23:00:00+00:00,short,buy,70238.7,,567616391.77,-0.05,1342.35
2024-05-22 01:00:00+00:00,short,sell - direction_change,70238.7,70133.5,568182730.92,0.1,1342.45
2024-05-22 01:00:00+00:00,long,buy,70133.5,,567898639.56,-0.05,1342.4
2024-05-22 02:00:00+00:00,long,sell - direction_change,70133.5,70200.0,568153166.99,0.04,1342.44
2024-05-22 02:00:00+00:00,short,buy,70200.0,,567869090.41,-0.05,1342.39
2024-05-22 05:00:00+00:00,short,sell - direction_change,70200.0,69647.7,572052878.07,0.74,1343.13
2024-05-22 05:00:00+00:00,long,buy,69647.7,,571766851.63,-0.05,1343.08
2024-05-22 06:00:00+00:00,long,sell - direction_change,69647.7,69956.5,574016035.46,0.39,1343.47
2024-05-22 06:00:00+00:00,short,buy,69956.5,,573729027.44,-0.05,1343.42
2024-05-22 10:00:00+00:00,short,sell - direction_change,69956.5,70030.3,572836912.49,-0.16,1343.27
2024-05-22 10:00:00+00:00,long,buy,70030.3,,572550494.03,-0.05,1343.22
2024-05-22 11:00:00+00:00,long,sell - direction_change,70030.3,70226.7,573869936.84,0.23,1343.45
2024-05-22 11:00:00+00:00,short,buy,70226.7,,573583001.87,-0.05,1343.4
2024-05-22 14:00:00+00:00,short,sell - direction_change,70226.7,69626.1,578201665.86,0.81,1344.2
2024-05-22 14:00:00+00:00,long,buy,69626.1,,577912565.03,-0.05,1344.15
2024-05-22 18:00:00+00:00,long,sell - direction_change,69626.1,69890.2,579815699.19,0.33,1344.48
2024-05-22 18:00:00+00:00,short,buy,69890.2,,579525791.34,-0.05,1344.43
2024-05-22 19:00:00+00:00,short,sell - direction_change,69890.2,69617.1,581500559.0,0.34,1344.77
2024-05-22 19:00:00+00:00,long,buy,69617.1,,581209808.72,-0.05,1344.72
2024-05-22 20:00:00+00:00,long,sell - direction_change,69617.1,69668.0,581344150.84,0.02,1344.75
2024-05-22 20:00:00+00:00,short,buy,69668.0,,581053478.76,-0.05,1344.7
2024-05-23 06:00:00+00:00,short,sell - direction_change,69668.0,69508.7,582091565.15,0.18,1344.88
2024-05-23 06:00:00+00:00,long,buy,69508.7,,581800519.37,-0.05,1344.83
2024-05-23 09:00:00+00:00,long,sell - direction_change,69508.7,69734.0,583395421.27,0.27,1345.1
2024-05-23 09:00:00+00:00,short,buy,69734.0,,583103723.56,-0.05,1345.05
2024-05-23 11:00:00+00:00,short,sell - direction_change,69734.0,69588.1,584032162.42,0.16,1345.21
2024-05-23 11:00:00+00:00,long,buy,69588.1,,583740146.34,-0.05,1345.16
2024-05-23 12:00:00+00:00,long,sell - direction_change,69588.1,70019.4,587066238.61,0.57,1345.73
2024-05-23 12:00:00+00:00,short,buy,70019.4,,586772705.49,-0.05,1345.68
2024-05-23 13:50:00+00:00,short,sell - take_profit,70019.4,67918.818,604082500.3,2.95,1348.63
2024-05-23 14:00:00+00:00,short,buy,68062.8,,603780459.05,-0.05,1348.58
2024-05-23 23:00:00+00:00,short,sell - direction_change,68062.8,67710.5,606603798.11,0.47,1349.05
2024-05-23 23:00:00+00:00,long,buy,67710.5,,606300496.21,-0.05,1349.0
2024-05-24 00:00:00+00:00,long,sell - direction_change,67710.5,67999.9,608588721.94,0.38,1349.37
2024-05-24 00:00:00+00:00,short,buy,67999.9,,608284427.58,-0.05,1349.32
2024-05-24 02:00:00+00:00,short,sell - direction_change,67999.9,67761.3,610114651.22,0.3,1349.62
2024-05-24 02:00:00+00:00,long,buy,67761.3,,609809593.9,-0.05,1349.57
2024-05-24 06:00:00+00:00,long,sell - direction_change,67761.3,67318.3,605517964.37,-0.7,1348.87
2024-05-24 06:00:00+00:00,short,buy,67318.3,,605215205.39,-0.05,1348.82
2024-05-24 11:00:00+00:00,short,sell - direction_change,67318.3,67381.3,604346205.62,-0.14,1348.68
2024-05-24 11:00:00+00:00,long,buy,67381.3,,604044032.52,-0.05,1348.63
2024-05-24 13:00:00+00:00,long,sell - direction_change,67381.3,67525.7,605036493.66,0.16,1348.79
2024-05-24 13:00:00+00:00,short,buy,67525.7,,604733975.42,-0.05,1348.74
2024-05-24 14:00:00+00:00,short,sell - direction_change,67525.7,67105.7,608192965.51,0.57,1349.31
2024-05-24 14:00:00+00:00,long,buy,67105.7,,607888869.02,-0.05,1349.26
2024-05-24 18:05:00+00:00,long,sell - take_profit,67105.7,69118.871,625821590.66,2.95,1352.21
2024-05-24 19:00:00+00:00,long,buy,68982.0,,625508679.87,-0.05,1352.16
2024-05-25 06:00:00+00:00,long,sell - direction_change,68982.0,68744.1,623038717.63,-0.39,1351.77
2024-05-25 06:00:00+00:00,short,buy,68744.1,,622727198.27,-0.05,1351.72
2024-05-25 07:00:00+00:00,short,sell - direction_change,68744.1,68687.4,622929458.86,0.03,1351.75
2024-05-25 07:00:00+00:00,long,buy,68687.4,,622617994.13,-0.05,1351.7
2024-05-25 20:00:00+00:00,long,sell - direction_change,68687.4,69166.9,626653120.26,0.65,1352.35
2024-05-25 20:00:00+00:00,short,buy,69166.9,,626339793.7,-0.05,1352.3
2024-05-25 21:00:00+00:00,short,sell - direction_change,69166.9,69120.0,626451326.02,0.02,1352.32
2024-05-25 21:00:00+00:00,long,buy,69120.0,,626138100.36,-0.05,1352.27
2024-05-26 02:00:00+00:00,long,sell - direction_change,69120.0,69180.5,626373083.32,0.04,1352.3
2024-05-26 02:00:00+00:00,short,buy,69180.5,,626059896.78,-0.05,1352.25
2024-05-26 03:00:00+00:00,short,sell - direction_change,69180.5,68925.1,628058149.6,0.32,1352.57
2024-05-26 03:00:00+00:00,long,buy,68925.1,,627744120.53,-0.05,1352.52
2024-05-26 04:00:00+00:00,long,sell - direction_change,68925.1,69093.2,628961240.61,0.19,1352.72
2024-05-26 04:00:00+00:00,short,buy,69093.2,,628646759.99,-0.05,1352.67
2024-05-26 05:00:00+00:00,short,sell - direction_change,69093.2,68993.6,629238650.5,0.09,1352.76
2024-05-26 05:00:00+00:00,long,buy,68993.6,,628924031.17,-0.05,1352.71
2024-05-26 09:00:00+00:00,long,sell - direction_change,68993.6,69182.3,630329699.21,0.22,1352.93
2024-05-26 09:00:00+00:00,short,buy,69182.3,,630014534.36,-0.05,1352.88
2024-05-26 10:00:00+00:00,short,sell - direction_change,69182.3,69106.7,630387984.96,0.06,1352.94
2024-05-26 10:00:00+00:00,long,buy,69106.7,,630072790.97,-0.05,1352.89
2024-05-26 11:00:00+00:00,long,sell - direction_change,69106.7,69235.5,630932074.51,0.14,1353.03
2024-05-26 11:00:00+00:00,short,buy,69235.5,,630616608.47,-0.05,1352.98
2024-05-26 13:00:00+00:00,short,sell - direction_change,69235.5,69001.9,632428995.35,0.29,1353.27
2024-05-26 13:00:00+00:00,long,buy,69001.9,,632112780.85,-0.05,1353.22
2024-05-26 15:00:00+00:00,long,sell - direction_change,69001.9,69303.9,634563286.83,0.39,1353.61
2024-05-26 15:00:00+00:00,short,buy,69303.9,,634246005.18,-0.05,1353.56
2024-05-27 01:00:00+00:00,short,sell - direction_change,69303.9,68851.6,638068179.8,0.6,1354.16
2024-05-27 01:00:00+00:00,long,buy,68851.6,,637749145.71,-0.05,1354.11
2024-05-27 03:00:00+00:00,long,sell - direction_change,68851.6,69131.0,640018259.09,0.36,1354.46
2024-05-27 03:00:00+00:00,short,buy,69131.0,,639698249.96,-0.05,1354.41
2024-05-27 13:00:00+00:00,short,sell - direction_change,69131.0,68654.8,643784879.93,0.64,1355.05
2024-05-27 13:00:00+00:00,long,buy,68654.8,,643462987.49,-0.05,1355.0
2024-05-27 16:19:00+00:00,long,sell - take_profit,68654.8,70714.444,662445145.62,2.95,1357.95
2024-05-27 17:00:00+00:00,long,buy,70224.8,,662113923.05,-0.05,1357.9
2024-05-27 19:48:00+00:00,long,sell - stop_loss,70224.8,69522.552,655161726.86,-1.05,1356.85
2024-05-27 20:00:00+00:00,long,buy,69297.9,,654834146.0,-0.05,1356.8
2024-05-28 00:00:00+00:00,long,sell - direction_change,69297.9,69461.5,656052675.72,0.19,1356.99
2024-05-28 00:00:00+00:00,short,buy,69461.5,,655724649.38,-0.05,1356.94
2024-05-28 05:00:00+00:00,short,sell - direction_change,69461.5,67809.0,670996579.5,2.33,1359.27
2024-05-28 05:00:00+00:00,long,buy,67809.0,,670661081.21,-0.05,1359.22
2024-05-28 06:00:00+00:00,long,sell - direction_change,67809.0,68076.2,672968477.17,0.34,1359.56
2024-05-28 06:00:00+00:00,short,buy,68076.2,,672631992.93,-0.05,1359.51
2024-05-28 10:15:00+00:00,short,sell - stop_loss,68076.2,68756.962,665569357.0,-1.05,1358.46
2024-05-28 11:00:00+00:00,short,buy,68607.3,,665236572.32,-0.05,1358.41
2024-05-28 14:00:00+00:00,short,sell - direction_change,68607.3,67822.0,672518453.96,1.09,1359.51
2024-05-28 14:00:00+00:00,long,buy,67822.0,,672182194.73,-0.05,1359.46
2024-05-28 16:00:00+00:00,long,sell - direction_change,67822.0,68399.8,677572665.4,0.8,1360.26
2024-05-28 16:00:00+00:00,short,buy,68399.8,,677233879.06,-0.05,1360.21
2024-05-28 17:00:00+00:00,short,sell - direction_change,68399.8,67748.8,683340884.12,0.9,1361.11
2024-05-28 17:00:00+00:00,long,buy,67748.8,,682999213.68,-0.05,1361.06
2024-05-28 18:00:00+00:00,long,sell - direction_change,67748.8,67812.4,683298887.79,0.04,1361.1
2024-05-28 18:00:00+00:00,short,buy,67812.4,,682957238.34,-0.05,1361.05
2024-05-28 19:00:00+00:00,short,sell - direction_change,67812.4,67915.9,681573382.9,-0.2,1360.85
2024-05-28 19:00:00+00:00,long,buy,67915.9,,681232596.21,-0.05,1360.8
2024-05-28 20:00:00+00:00,long,sell - direction_change,67915.9,68466.4,686413787.68,0.76,1361.56
2024-05-28 20:00:00+00:00,short,buy,68466.4,,686070580.79,-0.05,1361.51
2024-05-28 21:00:00+00:00,short,sell - direction_change,68466.4,68368.9,686704548.55,0.09,1361.6
2024-05-28 21:00:00+00:00,long,buy,68368.9,,686361196.27,-0.05,1361.55
2024-05-29 07:00:00+00:00,long,sell - direction_change,68368.9,68552.5,687861191.67,0.22,1361.77
2024-05-29 07:00:00+00:00,short,buy,68552.5,,687517261.08,-0.05,1361.72
2024-05-30 01:00:00+00:00,short,sell - direction_change,68552.5,67619.0,696535631.66,1.31,1363.03
2024-05-30 01:00:00+00:00,long,buy,67619.0,,696187363.85,-0.05,1362.98
2024-05-30 06:00:00+00:00,long,sell - direction_change,67619.0,68180.0,701615177.99,0.78,1363.76
2024-05-30 06:00:00+00:00,short,buy,68180.0,,701264370.4,-0.05,1363.71
2024-05-30 08:00:00+00:00,short,sell - direction_change,68180.0,67627.9,706592354.51,0.76,1364.47
2024-05-30 08:00:00+00:00,long,buy,67627.9,,706239058.33,-0.05,1364.42
2024-05-31 01:00:00+00:00,long,sell - direction_change,67627.9,68512.2,715120695.45,1.26,1365.68
2024-05-31 01:00:00+00:00,short,buy,68512.2,,714763135.11,-0.05,1365.63
2024-05-31 02:00:00+00:00,short,sell - direction_change,68512.2,68480.0,714741684.55,-0.0,1365.63
2024-05-31 02:00:00+00:00,long,buy,68480.0,,714384313.71,-0.05,1365.58
2024-05-31 05:00:00+00:00,long,sell - direction_change,68480.0,68558.6,714847077.85,0.06,1365.64
2024-05-31 05:00:00+00:00,short,buy,68558.6,,714489654.31,-0.05,1365.59
2024-05-31 11:00:00+00:00,short,sell - direction_change,68558.6,68371.1,716086457.7,0.22,1365.82
2024-05-31 11:00:00+00:00,long,buy,68371.1,,715728414.47,-0.05,1365.77
2024-05-31 13:00:00+00:00,long,sell - direction_change,68371.1,68672.6,718526739.31,0.39,1366.16
2024-05-31 13:00:00+00:00,short,buy,68672.6,,718167475.94,-0.05,1366.11
2024-06-01 02:00:00+00:00,short,sell - direction_change,68672.6,67600.0,729025477.84,1.51,1367.62
2024-06-01 02:00:00+00:00,long,buy,67600.0,,728660965.1,-0.05,1367.57
2024-06-01 03:00:00+00:00,long,sell - direction_change,67600.0,67762.5,730048223.47,0.19,1367.76
2024-06-01 03:00:00+00:00,short,buy,67762.5,,729683199.36,-0.05,1367.71
2024-06-01 05:00:00+00:00,short,sell - direction_change,67762.5,67719.6,729780315.47,0.01,1367.72
2024-06-01 05:00:00+00:00,long,buy,67719.6,,729415425.31,-0.05,1367.67
2024-06-01 06:00:00+00:00,long,sell - direction_change,67719.6,67730.6,729169199.84,-0.03,1367.64
2024-06-01 06:00:00+00:00,short,buy,67730.6,,728804615.24,-0.05,1367.59
2024-06-01 08:00:00+00:00,short,sell - direction_change,67730.6,67677.8,729008359.14,0.03,1367.62
2024-06-01 08:00:00+00:00,long,buy,67677.8,,728643854.96,-0.05,1367.57
2024-06-01 10:00:00+00:00,long,sell - direction_change,67677.8,67753.8,729097776.73,0.06,1367.63
2024-06-01 10:00:00+00:00,short,buy,67753.8,,728733227.84,-0.05,1367.58
2024-06-01 13:00:00+00:00,short,sell - direction_change,67753.8,67757.2,728332292.16,-0.06,1367.53
2024-06-01 13:00:00+00:00,long,buy,67757.2,,727968126.01,-0.05,1367.48
2024-06-01 15:00:00+00:00,long,sell - direction_change,67757.2,67841.2,728506619.07,0.07,1367.55
2024-06-01 15:00:00+00:00,short,buy,67841.2,,728142365.76,-0.05,1367.5
2024-06-01 16:00:00+00:00,short,sell - direction_change,67841.2,67728.2,728991128.18,0.12,1367.62
2024-06-01 16:00:00+00:00,long,buy,67728.2,,728626632.62,-0.05,1367.57
2024-06-02 02:00:00+00:00,long,sell - direction_change,67728.2,67790.0,728927169.78,0.04,1367.61
2024-06-02 02:00:00+00:00,short,buy,67790.0,,728562706.19,-0.05,1367.56
2024-06-02 03:00:00+00:00,short,sell - direction_change,67790.0,67764.3,728474631.68,-0.01,1367.54
2024-06-02 03:00:00+00:00,long,buy,67764.3,,728110394.36,-0.05,1367.49
2024-06-02 05:00:00+00:00,long,sell - direction_change,67764.3,67889.8,729094805.16,0.14,1367.63
2024-06-02 05:00:00+00:00,short,buy,67889.8,,728730257.76,-0.05,1367.58
2024-06-02 06:00:00+00:00,short,sell - direction_change,67889.8,67746.3,729906224.05,0.16,1367.74
2024-06-02 06:00:00+00:00,long,buy,67746.3,,729541270.94,-0.05,1367.69
2024-06-02 07:00:00+00:00,long,sell - direction_change,67746.3,67865.1,730455824.83,0.13,1367.82
2024-06-02 07:00:00+00:00,short,buy,67865.1,,730090596.92,-0.05,1367.77
2024-06-02 11:00:00+00:00,short,sell - direction_change,67865.1,67577.4,732820619.11,0.37,1368.14
2024-06-02 11:00:00+00:00,long,buy,67577.4,,732454208.8,-0.05,1368.09
2024-06-02 18:00:00+00:00,long,sell - direction_change,67577.4,67921.8,735820845.48,0.46,1368.55
2024-06-02 18:00:00+00:00,short,buy,67921.8,,735452935.06,-0.05,1368.5
2024-06-02 19:00:00+00:00,short,sell - direction_change,67921.8,67751.2,736932454.55,0.2,1368.7
2024-06-02 19:00:00+00:00,long,buy,67751.2,,736563988.33,-0.05,1368.65
2024-06-02 21:00:00+00:00,long,sell - direction_change,67751.2,67874.0,737530738.89,0.13,1368.78
2024-06-02 21:00:00+00:00,short,buy,67874.0,,737161973.52,-0.05,1368.73
2024-06-02 22:00:00+00:00,short,sell - direction_change,67874.0,67848.7,737068169.3,-0.01,1368.72
2024-06-02 22:00:00+00:00,long,buy,67848.7,,736699635.21,-0.05,1368.67
2024-06-02 23:00:00+00:00,long,sell - direction_change,67848.7,67977.8,737733050.25,0.14,1368.81
2024-06-02 23:00:00+00:00,short,buy,67977.8,,737364183.72,-0.05,1368.76
2024-06-03 01:00:00+00:00,short,sell - direction_change,67977.8,67863.6,738234244.13,0.12,1368.88
2024-06-03 01:00:00+00:00,long,buy,67863.6,,737865127.0,-0.05,1368.83
2024-06-03 13:32:00+00:00,long,sell - take_profit,67863.6,69899.508,759632148.25,2.95,1371.78
2024-06-03 14:00:00+00:00,long,buy,69830.1,,759252332.18,-0.05,1371.73
2024-06-03 14:41:00+00:00,long,sell - stop_loss,69830.1,69131.799,751280182.69,-1.05,1370.68
2024-06-03 15:00:00+00:00,long,buy,68820.0,,750904542.6,-0.05,1370.63
2024-06-03 22:00:00+00:00,long,sell - direction_change,68820.0,69129.1,753901723.2,0.4,1371.03
2024-06-03 22:00:00+00:00,short,buy,69129.1,,753524772.33,-0.05,1370.98
2024-06-04 00:00:00+00:00,short,sell - direction_change,69129.1,68851.3,756176100.6,0.35,1371.33
2024-06-04 00:00:00+00:00,long,buy,68851.3,,755798012.55,-0.05,1371.28
2024-06-04 04:00:00+00:00,long,sell - direction_change,68851.3,69199.1,759238001.5,0.46,1371.73
2024-06-04 04:00:00+00:00,short,buy,69199.1,,758858382.5,-0.05,1371.68
2024-06-04 13:00:00+00:00,short,sell - direction_change,69199.1,68989.5,760777490.67,0.25,1371.94
2024-06-04 13:00:00+00:00,long,buy,68989.5,,760397101.93,-0.05,1371.89
2024-06-04 16:46:00+00:00,long,sell - take_profit,68989.5,71059.185,782828816.43,2.95,1374.84
2024-06-04 17:00:00+00:00,long,buy,70858.1,,782437402.03,-0.05,1374.79
2024-06-04 19:38:00+00:00,long,sell - stop_loss,70858.1,70149.519,774221809.31,-1.05,1373.74
2024-06-04 20:00:00+00:00,long,buy,70459.1,,773834698.4,-0.05,1373.69
2024-06-05 13:00:00+00:00,long,sell - direction_change,70459.1,70992.3,779303783.49,0.71,1374.39
2024-06-05 13:00:00+00:00,short,buy,70992.3,,778914131.59,-0.05,1374.34
2024-06-05 14:00:00+00:00,short,sell - direction_change,70992.3,70773.1,780929695.6,0.26,1374.6
2024-06-05 14:00:00+00:00,long,buy,70773.1,,780539230.76,-0.05,1374.55
2024-06-06 03:00:00+00:00,long,sell - direction_change,70773.1,71196.0,784813021.93,0.55,1375.1
2024-06-06 03:00:00+00:00,short,buy,71196.0,,784420615.42,-0.05,1375.05
2024-06-06 11:00:00+00:00,short,sell - direction_change,71196.0,71047.4,785665644.61,0.16,1375.21
2024-06-06 11:00:00+00:00,long,buy,71047.4,,785272811.79,-0.05,1375.16
2024-06-06 16:00:00+00:00,long,sell - direction_change,71047.4,71334.3,788051224.14,0.35,1375.51
2024-06-06 16:00:00+00:00,short,buy,71334.3,,787657198.53,-0.05,1375.46
2024-06-06 17:00:00+00:00,short,sell - direction_change,71334.3,70977.5,791203074.79,0.45,1375.91
2024-06-06 17:00:00+00:00,long,buy,70977.5,,790807473.26,-0.05,1375.86
2024-06-06 18:00:00+00:00,long,sell - direction_change,70977.5,71137.9,792199192.46,0.18,1376.04
2024-06-06 18:00:00+00:00,short,buy,71137.9,,791803092.87,-0.05,1375.99
2024-06-07 03:00:00+00:00,short,sell - direction_change,71137.9,70869.4,794395740.75,0.33,1376.32
2024-06-07 03:00:00+00:00,long,buy,70869.4,,793998542.88,-0.05,1376.27
2024-06-07 15:00:00+00:00,long,sell - direction_change,70869.4,71466.1,800286783.37,0.79,1377.06
2024-06-07 15:00:00+00:00,short,buy,71466.1,,799886639.97,-0.05,1377.01
2024-06-07 18:04:00+00:00,short,sell - take_profit,71466.1,69322.117,823483295.85,2.95,1379.96
2024-06-07 19:00:00+00:00,short,buy,69186.6,,823071554.21,-0.05,1379.91
2024-06-07 20:00:00+00:00,short,sell - direction_change,69186.6,69287.2,821463240.46,-0.2,1379.71
2024-06-07 20:00:00+00:00,long,buy,69287.2,,821052508.84,-0.05,1379.66
2024-06-07 21:00:00+00:00,long,sell - direction_change,69287.2,69338.1,821245146.99,0.02,1379.69
2024-06-07 21:00:00+00:00,short,buy,69338.1,,820834524.42,-0.05,1379.64
2024-06-08 06:00:00+00:00,short,sell - direction_change,69338.1,69342.9,820367284.06,-0.06,1379.58
2024-06-08 06:00:00+00:00,long,buy,69342.9,,819957100.42,-0.05,1379.53
2024-06-08 08:00:00+00:00,long,sell - direction_change,69342.9,69612.5,822735053.64,0.34,1379.87
2024-06-08 08:00:00+00:00,short,buy,69612.5,,822323686.11,-0.05,1379.82
2024-06-08 09:00:00+00:00,short,sell - direction_change,69612.5,69473.5,823554513.75,0.15,1379.97
2024-06-08 09:00:00+00:00,long,buy,69473.5,,823142736.49,-0.05,1379.92
2024-06-08 11:00:00+00:00,long,sell - direction_change,69473.5,69498.7,823029742.23,-0.01,1379.9
2024-06-08 11:00:00+00:00,short,buy,69498.7,,822618227.36,-0.05,1379.85
2024-06-08 13:00:00+00:00,short,sell - direction_change,69498.7,69390.6,823486439.02,0.11,1379.96
2024-06-08 13:00:00+00:00,long,buy,69390.6,,823074695.8,-0.05,1379.91
2024-06-08 15:00:00+00:00,long,sell - direction_change,69390.6,69499.9,823959617.4,0.11,1380.02
2024-06-08 15:00:00+00:00,short,buy,69499.9,,823547637.59,-0.05,1379.97
2024-06-08 18:00:00+00:00,short,sell - direction_change,69499.9,69485.5,823306498.35,-0.03,1379.94
2024-06-08 18:00:00+00:00,long,buy,69485.5,,822894845.1,-0.05,1379.89
2024-06-08 20:00:00+00:00,long,sell - direction_change,69485.5,69486.6,822496424.63,-0.05,1379.84
2024-06-08 20:00:00+00:00,short,buy,69486.6,,822085176.42,-0.05,1379.79
2024-06-08 21:00:00+00:00,short,sell - direction_change,69486.6,69400.0,822698684.99,0.07,1379.86
2024-06-08 21:00:00+00:00,long,buy,69400.0,,822287335.64,-0.05,1379.81
2024-06-08 22:00:00+00:00,long,sell - direction_change,69400.0,69432.0,822255344.64,-0.0,1379.81
2024-06-08 22:00:00+00:00,short,buy,69432.0,,821844216.97,-0.05,1379.76
2024-06-09 06:00:00+00:00,short,sell - direction_change,69432.0,69325.0,822699819.39,0.1,1379.86
2024-06-09 06:00:00+00:00,long,buy,69325.0,,822288469.48,-0.05,1379.81
2024-06-09 07:00:00+00:00,long,sell - direction_change,69325.0,69418.7,822988734.25,0.09,1379.9
2024-06-09 07:00:00+00:00,short,buy,69418.7,,822577239.89,-0.05,1379.85
2024-06-09 08:00:00+00:00,short,sell - direction_change,69418.7,69331.9,823194488.31,0.08,1379.92
2024-06-09 08:00:00+00:00,long,buy,69331.9,,822782891.06,-0.05,1379.87
2024-06-10 05:00:00+00:00,long,sell - direction_change,69331.9,69702.7,826771896.78,0.48,1380.36
2024-06-10 05:00:00+00:00,short,buy,69702.7,,826358510.83,-0.05,1380.31
2024-06-10 14:00:00+00:00,short,sell - direction_change,69702.7,69443.9,829013528.11,0.32,1380.63
2024-06-10 14:00:00+00:00,long,buy,69443.9,,828599021.35,-0.05,1380.58
2024-06-10 19:00:00+00:00,long,sell - direction_change,69443.9,69883.7,833432380.01,0.58,1381.16
2024-06-10 19:00:00+00:00,short,buy,69883.7,,833015663.82,-0.05,1381.11
2024-06-11 04:26:00+00:00,short,sell - take_profit,69883.7,67787.189,857589625.91,2.95,1384.06
2024-06-11 05:00:00+00:00,short,buy,68040.1,,857160831.09,-0.05,1384.01
2024-06-11 12:00:00+00:00,short,sell - direction_change,68040.1,66919.6,870848172.19,1.6,1385.61
2024-06-11 12:00:00+00:00,long,buy,66919.6,,870412748.1,-0.05,1385.56
2024-06-11 13:00:00+00:00,long,sell - direction_change,66919.6,67043.2,871585187.56,0.13,1385.7
2024-06-11 13:00:00+00:00,short,buy,67043.2,,871149394.96,-0.05,1385.65
2024-06-11 14:00:00+00:00,short,sell - direction_change,67043.2,66833.0,873445127.88,0.26,1385.91
2024-06-11 14:00:00+00:00,long,buy,66833.0,,873008405.32,-0.05,1385.86
2024-06-11 15:00:00+00:00,long,sell - direction_change,66833.0,66859.2,872914139.53,-0.01,1385.85
2024-06-11 15:00:00+00:00,short,buy,66859.2,,872477682.46,-0.05,1385.8
2024-06-11 18:00:00+00:00,short,sell - direction_change,66859.2,66785.2,873007105.02,0.06,1385.86
2024-06-11 18:00:00+00:00,long,buy,66785.2,,872570601.47,-0.05,1385.81
2024-06-12 00:00:00+00:00,long,sell - direction_change,66785.2,67320.6,879129493.24,0.75,1386.56
2024-06-12 00:00:00+00:00,short,buy,67320.6,,878689928.49,-0.05,1386.51
2024-06-12 02:00:00+00:00,short,sell - direction_change,67320.6,67187.8,879983931.46,0.15,1386.66
2024-06-12 02:00:00+00:00,long,buy,67187.8,,879543939.49,-0.05,1386.61
2024-06-12 05:00:00+00:00,long,sell - direction_change,67187.8,67490.0,883060215.77,0.4,1387.01
2024-06-12 05:00:00+00:00,short,buy,67490.0,,882618685.66,-0.05,1386.96
2024-06-12 06:00:00+00:00,short,sell - direction_change,67490.0,67257.7,885215342.25,0.29,1387.25
2024-06-12 06:00:00+00:00,long,buy,67257.7,,884772734.58,-0.05,1387.2
2024-06-12 12:31:00+00:00,long,sell - take_profit,67257.7,69275.431,910873530.25,2.95,1390.15
2024-06-12 13:00:00+00:00,long,buy,69340.1,,910418093.49,-0.05,1390.1
2024-06-12 18:49:00+00:00,long,sell - stop_loss,69340.1,68646.69900000001,900858703.5,-1.05,1389.05
2024-06-12 19:00:00+00:00,long,buy,68837.1,,900408274.15,-0.05,1389.0
2024-06-12 19:40:00+00:00,long,sell - stop_loss,68837.1,68148.729,890953987.27,-1.05,1387.95
2024-06-12 20:00:00+00:00,long,buy,67523.1,,890508510.28,-0.05,1387.9
2024-06-12 23:00:00+00:00,long,sell - direction_change,67523.1,68349.2,900958032.48,1.17,1389.08
2024-06-12 23:00:00+00:00,short,buy,68349.2,,900507553.47,-0.05,1389.03
2024-06-13 00:00:00+00:00,short,sell - direction_change,68349.2,68270.3,901096815.09,0.07,1389.09
2024-06-13 00:00:00+00:00,long,buy,68270.3,,900646266.68,-0.05,1389.04
2024-06-13 01:00:00+00:00,long,sell - direction_change,68270.3,68331.1,900998038.94,0.04,1389.08
2024-06-13 01:00:00+00:00,short,buy,68331.1,,900547539.92,-0.05,1389.03
2024-06-13 05:00:00+00:00,short,sell - direction_change,68331.1,67327.9,913318614.73,1.42,1390.45
2024-06-13 05:00:00+00:00,long,buy,67327.9,,912861955.43,-0.05,1390.4
2024-06-13 06:00:00+00:00,long,sell - direction_change,67327.9,67599.9,916093422.81,0.35,1390.75
2024-06-13 06:00:00+00:00,short,buy,67599.9,,915635376.1,-0.05,1390.7
2024-06-13 12:30:00+00:00,short,sell - stop_loss,67599.9,68275.89899999999,906021204.65,-1.05,1389.65
2024-06-13 13:00:00+00:00,short,buy,67738.5,,905568194.04,-0.05,1389.6
2024-06-14 01:00:00+00:00,short,sell - direction_change,67738.5,66729.1,918609664.1,1.44,1391.04
2024-06-14 01:00:00+00:00,long,buy,66729.1,,918150359.27,-0.05,1390.99
2024-06-14 02:00:00+00:00,long,sell - direction_change,66729.1,66809.5,918797537.42,0.07,1391.06
2024-06-14 02:00:00+00:00,short,buy,66809.5,,918338138.65,-0.05,1391.01
2024-06-14 05:00:00+00:00,short,sell - direction_change,66809.5,66719.7,919113326.44,0.08,1391.1
2024-06-14 05:00:00+00:00,long,buy,66719.7,,918653769.78,-0.05,1391.05
2024-06-14 06:00:00+00:00,long,sell - direction_change,66719.7,67058.0,922852446.01,0.46,1391.5
2024-06-14 06:00:00+00:00,short,buy,67058.0,,922391019.78,-0.05,1391.45
2024-06-14 08:00:00+00:00,short,sell - direction_change,67058.0,66906.3,924016476.39,0.18,1391.63
2024-06-14 08:00:00+00:00,long,buy,66906.3,,923554468.15,-0.05,1391.58
2024-06-14 09:00:00+00:00,long,sell - direction_change,66906.3,67140.3,926322756.63,0.3,1391.88
2024-06-14 09:00:00+00:00,short,buy,67140.3,,925859595.25,-0.05,1391.83
2024-06-14 11:00:00+00:00,short,sell - direction_change,67140.3,66866.2,929176483.47,0.36,1392.19
2024-06-14 11:00:00+00:00,long,buy,66866.2,,928711895.22,-0.05,1392.14
2024-06-14 14:00:00+00:00,long,sell - direction_change,66866.2,67066.1,931023972.03,0.25,1392.39
2024-06-14 14:00:00+00:00,short,buy,67066.1,,930558460.04,-0.05,1392.34
2024-06-14 17:04:00+00:00,short,sell - take_profit,67066.1,65054.117000000006,958009934.62,2.95,1395.29
2024-06-14 18:00:00+00:00,short,buy,65400.1,,957530929.65,-0.05,1395.24
2024-06-14 19:00:00+00:00,short,sell - direction_change,65400.1,65510.7,955432855.94,-0.22,1395.02
2024-06-14 19:00:00+00:00,long,buy,65510.7,,954955139.52,-0.05,1394.97
2024-06-14 20:00:00+00:00,long,sell - direction_change,65510.7,65514.9,954538885.71,-0.04,1394.92
2024-06-14 20:00:00+00:00,short,buy,65514.9,,954061616.27,-0.05,1394.87
2024-06-14 21:30:00+00:00,short,sell - stop_loss,65514.9,66170.049,944043969.3,-1.05,1393.82
2024-06-14 22:00:00+00:00,short,buy,66179.9,,943571947.31,-0.05,1393.77
2024-06-14 23:00:00+00:00,short,sell - direction_change,66179.9,66011.1,945506858.0,0.21,1393.98
2024-06-14 23:00:00+00:00,long,buy,66011.1,,945034104.57,-0.05,1393.93
2024-06-15 00:00:00+00:00,long,sell - direction_change,66011.1,66039.7,944971033.44,-0.01,1393.92
2024-06-15 00:00:00+00:00,short,buy,66039.7,,944498547.92,-0.05,1393.87
2024-06-15 03:00:00+00:00,short,sell - direction_change,66039.7,66205.9,941649309.37,-0.3,1393.57
2024-06-15 03:00:00+00:00,long,buy,66205.9,,941178484.72,-0.05,1393.52
2024-06-15 04:00:00+00:00,long,sell - direction_change,66205.9,66265.9,941560851.32,0.04,1393.56
2024-06-15 04:00:00+00:00,short,buy,66265.9,,941090070.89,-0.05,1393.51
2024-06-15 08:00:00+00:00,short,sell - direction_change,66265.9,66082.5,943224122.17,0.23,1393.74
2024-06-15 08:00:00+00:00,long,buy,66082.5,,942752510.11,-0.05,1393.69
2024-06-15 09:00:00+00:00,long,sell - direction_change,66082.5,66222.8,944282695.19,0.16,1393.85
2024-06-15 09:00:00+00:00,short,buy,66222.8,,943810553.85,-0.05,1393.8
2024-06-15 10:00:00+00:00,short,sell - direction_change,66222.8,66220.7,943368577.87,-0.05,1393.75
2024-06-15 10:00:00+00:00,long,buy,66220.7,,942896893.58,-0.05,1393.7
2024-06-15 14:00:00+00:00,long,sell - direction_change,66220.7,66291.9,943439240.8,0.06,1393.76
2024-06-15 14:00:00+00:00,short,buy,66291.9,,942967521.18,-0.05,1393.71
2024-06-15 15:00:00+00:00,short,sell - direction_change,66291.9,66212.7,943622615.9,0.07,1393.78
2024-06-15 15:00:00+00:00,long,buy,66212.7,,943150804.59,-0.05,1393.73
2024-06-15 16:00:00+00:00,long,sell - direction_change,66212.7,66311.8,944090835.19,0.1,1393.83
2024-06-15 16:00:00+00:00,short,buy,66311.8,,943618789.77,-0.05,1393.78
2024-06-15 17:00:00+00:00,short,sell - direction_change,66311.8,66175.9,945080841.22,0.15,1393.94
2024-06-15 17:00:00+00:00,long,buy,66175.9,,944608300.8,-0.05,1393.89
2024-06-15 18:00:00+00:00,long,sell - direction_change,66175.9,66239.5,945043836.03,0.05,1393.93
2024-06-15 18:00:00+00:00,short,buy,66239.5,,944571314.11,-0.05,1393.88
2024-06-15 21:00:00+00:00,short,sell - direction_change,66239.5,66035.2,947012334.25,0.26,1394.14
2024-06-15 21:00:00+00:00,long,buy,66035.2,,946538828.09,-0.05,1394.09
2024-06-16 00:00:00+00:00,long,sell - direction_change,66035.2,66213.7,948624151.38,0.22,1394.31
2024-06-16 00:00:00+00:00,short,buy,66213.7,,948149839.3,-0.05,1394.26
2024-06-16 04:00:00+00:00,short,sell - direction_change,66213.7,66129.6,948880037.84,0.08,1394.34
2024-06-16 04:00:00+00:00,long,buy,66129.6,,948405597.82,-0.05,1394.29
2024-06-16 23:00:00+00:00,long,sell - direction_change,66129.6,66731.9,956569352.78,0.86,1395.15
2024-06-16 23:00:00+00:00,short,buy,66731.9,,956091068.11,-0.05,1395.1
2024-06-17 00:00:00+00:00,short,sell - direction_change,66731.9,66653.5,956736286.55,0.07,1395.17
2024-06-17 00:00:00+00:00,long,buy,66653.5,,956257918.41,-0.05,1395.12
2024-06-17 01:00:00+00:00,long,sell - direction_change,66653.5,66565.5,954517279.65,-0.18,1394.93
2024-06-17 01:00:00+00:00,short,buy,66565.5,,954040021.01,-0.05,1394.88
2024-06-17 04:00:00+00:00,short,sell - direction_change,66565.5,66199.9,958802908.04,0.5,1395.38
2024-06-17 04:00:00+00:00,long,buy,66199.9,,958323506.58,-0.05,1395.33
2024-06-17 05:00:00+00:00,long,sell - direction_change,66199.9,66426.7,961127548.75,0.29,1395.63
2024-06-17 05:00:00+00:00,short,buy,66426.7,,960646984.98,-0.05,1395.58
2024-06-17 17:00:00+00:00,short,sell - direction_change,66426.7,65865.9,968276816.42,0.79,1396.37
2024-06-17 17:00:00+00:00,long,buy,65865.9,,967792678.02,-0.05,1396.32
2024-06-18 01:00:00+00:00,long,sell - direction_change,65865.9,65730.1,965313420.71,-0.26,1396.06
2024-06-18 01:00:00+00:00,short,buy,65730.1,,964830764.0,-0.05,1396.01
2024-06-18 05:00:00+00:00,short,sell - direction_change,65730.1,65535.6,967203350.87,0.25,1396.26
2024-06-18 05:00:00+00:00,long,buy,65535.6,,966719749.2,-0.05,1396.21
2024-06-18 06:00:00+00:00,long,sell - direction_change,65535.6,65570.8,966755626.73,0.0,1396.21
2024-06-18 06:00:00+00:00,short,buy,65570.8,,966272248.92,-0.05,1396.16
2024-06-18 21:00:00+00:00,short,sell - direction_change,65570.8,64908.2,975553398.0,0.96,1397.12
2024-06-18 21:00:00+00:00,long,buy,64908.2,,975065621.3,-0.05,1397.07
2024-06-19 08:00:00+00:00,long,sell - direction_change,64908.2,65294.9,980387183.11,0.55,1397.62
2024-06-19 08:00:00+00:00,short,buy,65294.9,,979896989.52,-0.05,1397.57
2024-06-19 09:00:00+00:00,short,sell - direction_change,65294.9,65158.1,981460033.04,0.16,1397.73
2024-06-19 09:00:00+00:00,long,buy,65158.1,,980969303.02,-0.05,1397.68
2024-06-19 12:00:00+00:00,long,sell - direction_change,65158.1,65182.0,980838638.05,-0.01,1397.67
2024-06-19 12:00:00+00:00,short,buy,65182.0,,980348218.73,-0.05,1397.62
2024-06-19 16:00:00+00:00,short,sell - direction_change,65182.0,64895.0,984174572.78,0.39,1398.01
2024-06-19 16:00:00+00:00,long,buy,64895.0,,983682485.5,-0.05,1397.96
2024-06-19 18:00:00+00:00,long,sell - direction_change,64895.0,65056.8,985643218.81,0.2,1398.16
2024-06-19 18:00:00+00:00,short,buy,65056.8,,985150397.21,-0.05,1398.11
2024-06-20 00:00:00+00:00,short,sell - direction_change,65056.8,64933.6,986523430.66,0.14,1398.25
2024-06-20 00:00:00+00:00,long,buy,64933.6,,986030168.94,-0.05,1398.2
2024-06-20 13:00:00+00:00,long,sell - direction_change,64933.6,65960.0,1001123250.51,1.53,1399.73
2024-06-20 13:00:00+00:00,short,buy,65960.0,,1000622688.88,-0.05,1399.68
2024-06-21 08:49:00+00:00,short,sell - take_profit,65960.0,63981.2,1030141058.21,2.95,1402.63
2024-06-21 09:00:00+00:00,short,buy,63613.6,,1029625987.68,-0.05,1402.58
2024-06-21 09:37:00+00:00,short,sell - stop_loss,63613.6,64249.736,1018814914.81,-1.05,1401.53
2024-06-21 10:00:00+00:00,short,buy,64078.6,,1018305507.35,-0.05,1401.48
2024-06-21 17:00:00+00:00,short,sell - direction_change,64078.6,63642.5,1024726640.71,0.63,1402.11
2024-06-21 17:00:00+00:00,long,buy,63642.5,,1024214277.39,-0.05,1402.06
2024-06-22 00:00:00+00:00,long,sell - direction_change,63642.5,64124.1,1031452676.53,0.71,1402.76
2024-06-22 00:00:00+00:00,short,buy,64124.1,,1030936950.19,-0.05,1402.71
2024-06-22 01:00:00+00:00,short,sell - direction_change,64124.1,64034.3,1031865215.63,0.09,1402.8
2024-06-22 01:00:00+00:00,long,buy,64034.3,,1031349283.03,-0.05,1402.75
2024-06-22 13:00:00+00:00,long,sell - direction_change,64034.3,64270.5,1034637892.97,0.32,1403.07
2024-06-22 13:00:00+00:00,short,buy,64270.5,,1034120574.03,-0.05,1403.02
2024-06-22 14:00:00+00:00,short,sell - direction_change,64270.5,64261.6,1033746715.88,-0.04,1402.99
2024-06-22 14:00:00+00:00,long,buy,64261.6,,1033229842.52,-0.05,1402.94
2024-06-22 17:00:00+00:00,long,sell - direction_change,64261.6,64295.4,1033256680.75,0.0,1402.94
2024-06-22 17:00:00+00:00,short,buy,64295.4,,1032740052.41,-0.05,1402.89
2024-06-22 18:00:00+00:00,short,sell - direction_change,64295.4,64229.4,1033283802.44,0.05,1402.94
2024-06-22 18:00:00+00:00,long,buy,64229.4,,1032767160.54,-0.05,1402.89
2024-06-22 20:00:00+00:00,long,sell - direction_change,64229.4,64270.9,1032918070.09,0.01,1402.91
2024-06-22 20:00:00+00:00,short,buy,64270.9,,1032401611.05,-0.05,1402.86
2024-06-22 21:00:00+00:00,short,sell - direction_change,64270.9,64256.5,1032116721.51,-0.03,1402.83
2024-06-22 21:00:00+00:00,long,buy,64256.5,,1031600663.15,-0.05,1402.78
2024-06-22 23:00:00+00:00,long,sell - direction_change,64256.5,64286.7,1031569706.22,-0.0,1402.78
2024-06-22 23:00:00+00:00,short,buy,64286.7,,1031053921.37,-0.05,1402.73
2024-06-23 00:00:00+00:00,short,sell - direction_change,64286.7,64240.1,1031285782.48,0.02,1402.75
2024-06-23 00:00:00+00:00,long,buy,64240.1,,1030770139.59,-0.05,1402.7
2024-06-23 10:00:00+00:00,long,sell - direction_change,64240.1,64388.0,1032627896.9,0.18,1402.88
2024-06-23 10:00:00+00:00,short,buy,64388.0,,1032111582.95,-0.05,1402.83
2024-06-23 12:00:00+00:00,short,sell - direction_change,64388.0,64310.7,1032834612.47,0.07,1402.9
2024-06-23 12:00:00+00:00,long,buy,64310.7,,1032318195.17,-0.05,1402.85
2024-06-23 13:00:00+00:00,long,sell - direction_change,64310.7,64350.0,1032432881.4,0.01,1402.86
2024-06-23 13:00:00+00:00,short,buy,64350.0,,1031916664.96,-0.05,1402.81
2024-06-24 05:37:00+00:00,short,sell - take_profit,64350.0,62419.5,1062358206.58,2.95,1405.76
2024-06-24 06:00:00+00:00,short,buy,62296.4,,1061827027.48,-0.05,1405.71
2024-06-24 07:00:00+00:00,short,sell - direction_change,62296.4,62385.8,1059772312.65,-0.19,1405.52
2024-06-24 07:00:00+00:00,long,buy,62385.8,,1059242426.49,-0.05,1405.47
2024-06-24 08:00:00+00:00,long,sell - direction_change,62385.8,62433.6,1059524396.83,0.03,1405.49
2024-06-24 08:00:00+00:00,short,buy,62433.6,,1058994634.63,-0.05,1405.44
2024-06-24 09:37:00+00:00,short,sell - take_profit,62433.6,60560.592,1090234976.35,2.95,1408.39
2024-06-24 10:00:00+00:00,short,buy,61370.1,,1089689858.86,-0.05,1408.34
2024-06-24 17:00:00+00:00,short,sell - direction_change,61370.1,60144.5,1110906814.73,1.95,1410.29
2024-06-24 17:00:00+00:00,long,buy,60144.5,,1110351361.32,-0.05,1410.24
2024-06-24 19:00:00+00:00,long,sell - direction_change,60144.5,60388.4,1114298919.84,0.36,1410.59
2024-06-24 19:00:00+00:00,short,buy,60388.4,,1113741770.38,-0.05,1410.54
2024-06-24 20:00:00+00:00,short,sell - direction_change,60388.4,59292.8,1133391023.24,1.76,1412.31
2024-06-24 20:00:00+00:00,long,buy,59292.8,,1132824327.73,-0.05,1412.26
2024-06-24 20:30:00+00:00,long,sell - stop_loss,59292.8,58699.872,1120929672.29,-1.05,1411.21
2024-06-24 21:00:00+00:00,long,buy,59491.9,,1120369207.46,-0.05,1411.16
2024-06-24 22:00:00+00:00,long,sell - direction_change,59491.9,60081.5,1130912545.93,0.94,1412.1
2024-06-24 22:00:00+00:00,short,buy,60081.5,,1130347089.66,-0.05,1412.05
2024-06-24 23:00:00+00:00,short,sell - direction_change,60081.5,60028.3,1130782797.67,0.04,1412.09
2024-06-24 23:00:00+00:00,long,buy,60028.3,,1130217406.27,-0.05,1412.04
2024-06-25 01:00:00+00:00,long,sell - direction_change,60028.3,60386.7,1136400280.08,0.55,1412.59
2024-06-25 01:00:00+00:00,short,buy,60386.7,,1135832079.94,-0.05,1412.54
2024-06-25 02:00:00+00:00,short,sell - direction_change,60386.7,60470.3,1133691705.69,-0.19,1412.35
2024-06-25 02:00:00+00:00,long,buy,60470.3,,1133124859.84,-0.05,1412.3
2024-06-25 19:03:00+00:00,long,sell - take_profit,60470.3,62284.40900000001,1166552043.2,2.95,1415.25
2024-06-25 20:00:00+00:00,long,buy,61957.1,,1165968767.18,-0.05,1415.2
2024-06-26 05:00:00+00:00,long,sell - direction_change,61957.1,61686.7,1160297133.48,-0.49,1414.71
2024-06-26 05:00:00+00:00,short,buy,61686.7,,1159716984.91,-0.05,1414.66
2024-06-26 06:00:00+00:00,short,sell - direction_change,61686.7,61537.8,1161936463.38,0.19,1414.85
2024-06-26 06:00:00+00:00,long,buy,61537.8,,1161355495.15,-0.05,1414.8
2024-06-26 08:00:00+00:00,long,sell - direction_change,61537.8,61705.3,1163935915.87,0.22,1415.02
2024-06-26 08:00:00+00:00,short,buy,61705.3,,1163353947.91,-0.05,1414.97
2024-06-26 13:00:00+00:00,short,sell - direction_change,61705.3,61404.5,1168443369.98,0.44,1415.41
2024-06-26 13:00:00+00:00,long,buy,61404.5,,1167859148.29,-0.05,1415.36
2024-06-26 15:00:00+00:00,long,sell - direction_change,61404.5,61700.0,1172895366.72,0.43,1415.79
2024-06-26 15:00:00+00:00,short,buy,61700.0,,1172308919.04,-0.05,1415.74
2024-06-27 09:00:00+00:00,short,sell - direction_change,61700.0,60861.3,1187658185.82,1.31,1417.05
2024-06-27 09:00:00+00:00,long,buy,60861.3,,1187064356.73,-0.05,1417.0
2024-06-27 10:00:00+00:00,long,sell - direction_change,60861.3,61276.4,1194567109.29,0.63,1417.63
2024-06-27 10:00:00+00:00,short,buy,61276.4,,1193969825.73,-0.05,1417.58
2024-06-27 11:00:00+00:00,short,sell - direction_change,61276.4,61106.2,1196689185.52,0.23,1417.81
2024-06-27 11:00:00+00:00,long,buy,61106.2,,1196090840.93,-0.05,1417.76
2024-06-28 00:00:00+00:00,long,sell - direction_change,61106.2,61682.1,1206765444.03,0.89,1418.65
2024-06-28 00:00:00+00:00,short,buy,61682.1,,1206162061.31,-0.05,1418.6
2024-06-28 01:00:00+00:00,short,sell - direction_change,61682.1,61536.8,1208400247.8,0.19,1418.79
2024-06-28 01:00:00+00:00,long,buy,61536.8,,1207796047.68,-0.05,1418.74
2024-06-28 04:00:00+00:00,long,sell - direction_change,61536.8,61803.0,1212416914.48,0.38,1419.12
2024-06-28 04:00:00+00:00,short,buy,61803.0,,1211810706.02,-0.05,1419.07
2024-06-28 05:00:00+00:00,short,sell - direction_change,61803.0,61718.9,1212853802.83,0.09,1419.16
2024-06-28 05:00:00+00:00,long,buy,61718.9,,1212247375.92,-0.05,1419.11
2024-06-28 07:00:00+00:00,long,sell - direction_change,61718.9,61605.3,1209409985.93,-0.23,1418.87
2024-06-28 07:00:00+00:00,short,buy,61605.3,,1208805280.94,-0.05,1418.82
2024-06-28 11:00:00+00:00,short,sell - direction_change,61605.3,61524.9,1209778468.94,0.08,1418.91
2024-06-28 11:00:00+00:00,long,buy,61524.9,,1209173579.7,-0.05,1418.86
2024-06-28 12:00:00+00:00,long,sell - direction_change,61524.9,61671.5,1211450181.61,0.19,1419.04
2024-06-28 12:00:00+00:00,short,buy,61671.5,,1210844456.52,-0.05,1418.99
2024-06-28 22:00:00+00:00,short,sell - direction_change,61671.5,60365.4,1235882709.98,2.07,1421.06
2024-06-28 22:00:00+00:00,long,buy,60365.4,,1235264768.62,-0.05,1421.01
2024-06-28 23:00:00+00:00,long,sell - direction_change,60365.4,60378.0,1234904971.62,-0.03,1420.98
2024-06-28 23:00:00+00:00,short,buy,60378.0,,1234287519.13,-0.05,1420.93
2024-06-29 01:41:00+00:00,short,sell - stop_loss,60378.0,60981.78,1221327500.18,-1.05,1419.88
2024-06-29 02:00:00+00:00,short,buy,60900.6,,1220716836.43,-0.05,1419.83
2024-06-29 06:00:00+00:00,short,sell - direction_change,60900.6,60756.0,1223004900.27,0.19,1420.02
2024-06-29 06:00:00+00:00,long,buy,60756.0,,1222393397.82,-0.05,1419.97
2024-06-29 08:00:00+00:00,long,sell - direction_change,60756.0,61049.8,1227693373.36,0.43,1420.4
2024-06-29 08:00:00+00:00,short,buy,61049.8,,1227079526.67,-0.05,1420.35
2024-06-29 10:00:00+00:00,short,sell - direction_change,61049.8,60970.8,1228053859.15,0.08,1420.43
2024-06-29 10:00:00+00:00,long,buy,60970.8,,1227439832.22,-0.05,1420.38
2024-06-29 22:00:00+00:00,long,sell - direction_change,60970.8,61048.2,1228384298.24,0.08,1420.46
2024-06-29 22:00:00+00:00,short,buy,61048.2,,1227770106.09,-0.05,1420.41
2024-06-29 23:00:00+00:00,short,sell - direction_change,61048.2,60971.8,1228692738.67,0.08,1420.48
2024-06-29 23:00:00+00:00,long,buy,60971.8,,1228078392.3,-0.05,1420.43
2024-06-30 01:00:00+00:00,long,sell - direction_change,60971.8,61016.3,1228360660.72,0.02,1420.46
2024-06-30 01:00:00+00:00,short,buy,61016.3,,1227746480.39,-0.05,1420.41
2024-06-30 06:00:00+00:00,short,sell - direction_change,61016.3,60788.7,1231712286.66,0.32,1420.73
2024-06-30 06:00:00+00:00,long,buy,60788.7,,1231096430.52,-0.05,1420.68
2024-06-30 22:26:00+00:00,long,sell - take_profit,60788.7,62612.361,1267413775.22,2.95,1423.63
2024-06-30 23:00:00+00:00,long,buy,62894.9,,1266780068.33,-0.05,1423.58
2024-07-01 11:00:00+00:00,long,sell - direction_change,62894.9,62841.9,1265079193.59,-0.13,1423.45
2024-07-01 11:00:00+00:00,short,buy,62841.9,,1264446654.0,-0.05,1423.4
2024-07-01 12:00:00+00:00,short,sell - direction_change,62841.9,62657.9,1267516708.68,0.24,1423.64
2024-07-01 12:00:00+00:00,long,buy,62657.9,,1266882950.32,-0.05,1423.59
2024-07-01 13:00:00+00:00,long,sell - direction_change,62657.9,62868.3,1270503596.08,0.29,1423.88
2024-07-01 13:00:00+00:00,short,buy,62868.3,,1269868344.29,-0.05,1423.83
2024-07-01 14:00:00+00:00,short,sell - direction_change,62868.3,62676.0,1273117651.98,0.26,1424.08
2024-07-01 14:00:00+00:00,long,buy,62676.0,,1272481093.15,-0.05,1424.03
2024-07-01 23:00:00+00:00,long,sell - direction_change,62676.0,62961.6,1277643253.91,0.41,1424.44
2024-07-01 23:00:00+00:00,short,buy,62961.6,,1277004432.28,-0.05,1424.39
2024-07-02 00:00:00+00:00,short,sell - direction_change,62961.6,62883.7,1277945919.22,0.07,1424.46
2024-07-02 00:00:00+00:00,long,buy,62883.7,,1277306946.26,-0.05,1424.41
2024-07-02 01:00:00+00:00,long,sell - direction_change,62883.7,62912.7,1277257346.89,-0.0,1424.41
2024-07-02 01:00:00+00:00,short,buy,62912.7,,1276618718.22,-0.05,1424.36
2024-07-02 03:00:00+00:00,short,sell - direction_change,62912.7,62983.9,1274535625.01,-0.16,1424.19
2024-07-02 03:00:00+00:00,long,buy,62983.9,,1273898357.2,-0.05,1424.14
2024-07-02 04:00:00+00:00,long,sell - direction_change,62983.9,63118.0,1275973684.8,0.16,1424.31
2024-07-02 04:00:00+00:00,short,buy,63118.0,,1275335697.96,-0.05,1424.26
2024-07-03 01:55:00+00:00,short,sell - take_profit,63118.0,61224.46,1312958101.05,2.95,1427.21
2024-07-03 02:00:00+00:00,short,buy,61617.9,,1312301622.0,-0.05,1427.16
2024-07-03 10:33:00+00:00,short,sell - take_profit,61617.9,59769.363,1351014519.85,2.95,1430.11
2024-07-03 11:00:00+00:00,short,buy,60379.9,,1350339012.59,-0.05,1430.06
2024-07-03 21:00:00+00:00,short,sell - direction_change,60379.9,59595.9,1367197257.11,1.25,1431.3
2024-07-03 21:00:00+00:00,long,buy,59595.9,,1366513658.49,-0.05,1431.25
2024-07-03 23:00:00+00:00,long,sell - direction_change,59595.9,60311.2,1382231986.66,1.15,1432.4
2024-07-03 23:00:00+00:00,short,buy,60311.2,,1381540870.67,-0.05,1432.35
2024-07-04 00:00:00+00:00,short,sell - direction_change,60311.2,60208.0,1383214089.31,0.12,1432.48
2024-07-04 00:00:00+00:00,long,buy,60208.0,,1382522482.26,-0.05,1432.43
2024-07-04 01:00:00+00:00,long,sell - direction_change,60208.0,60417.8,1386648740.57,0.3,1432.72
2024-07-04 01:00:00+00:00,short,buy,60417.8,,1385955416.2,-0.05,1432.67
2024-07-04 01:56:00+00:00,short,sell - take_profit,60417.8,58605.266,1426841100.98,2.95,1435.62
2024-07-04 02:00:00+00:00,short,buy,58561.7,,1426127680.43,-0.05,1435.57
2024-07-04 09:00:00+00:00,short,sell - direction_change,58561.7,57674.1,1447029954.41,1.47,1437.04
2024-07-04 09:00:00+00:00,long,buy,57674.1,,1446306439.43,-0.05,1436.99
2024-07-04 09:12:00+00:00,long,sell - stop_loss,57674.1,57097.359,1431120221.82,-1.05,1435.94
2024-07-04 10:00:00+00:00,short,buy,57725.9,,1430404661.71,-0.05,1435.89
2024-07-04 13:00:00+00:00,short,sell - direction_change,57725.9,57234.3,1441870939.99,0.8,1436.69
2024-07-04 13:00:00+00:00,long,buy,57234.3,,1441150004.52,-0.05,1436.64
2024-07-04 23:00:00+00:00,long,sell - direction_change,57234.3,58031.9,1460512862.77,1.34,1437.99
2024-07-04 23:00:00+00:00,short,buy,58031.9,,1459782606.34,-0.05,1437.94
2024-07-05 02:54:00+00:00,short,sell - take_profit,58031.9,56290.943,1502846193.22,2.95,1440.89
2024-07-05 03:00:00+00:00,short,buy,55756.4,,1502094770.13,-0.05,1440.84
2024-07-05 04:18:00+00:00,short,sell - take_profit,55756.4,54083.708,1546406565.85,2.95,1443.79
2024-07-05 05:00:00+00:00,short,buy,53923.3,,1545633362.56,-0.05,1443.74
2024-07-05 05:16:00+00:00,short,sell - stop_loss,53923.3,54462.533,1529404212.26,-1.05,1442.69
2024-07-05 06:00:00+00:00,short,buy,54772.0,,1528639510.15,-0.05,1442.64
2024-07-05 10:15:00+00:00,short,sell - stop_loss,54772.0,55319.72,1512588795.29,-1.05,1441.59
2024-07-05 11:00:00+00:00,long,buy,54963.5,,1511832500.9,-0.05,1441.54
2024-07-05 12:00:00+00:00,long,sell - direction_change,54963.5,55459.0,1524705865.97,0.85,1442.39
2024-07-05 12:00:00+00:00,short,buy,55459.0,,1523943513.04,-0.05,1442.34
2024-07-05 13:00:00+00:00,short,sell - direction_change,55459.0,55037.2,1534772074.36,0.71,1443.05
2024-07-05 13:00:00+00:00,long,buy,55037.2,,1534004688.32,-0.05,1443.0
2024-07-05 16:01:00+00:00,long,sell - take_profit,55037.2,56688.316,1579257826.63,2.95,1445.95
2024-07-05 17:00:00+00:00,long,buy,56425.0,,1578468197.71,-0.05,1445.9
2024-07-05 18:17:00+00:00,long,sell - stop_loss,56425.0,55860.75,1561894281.64,-1.05,1444.85
2024-07-05 19:00:00+00:00,long,buy,56521.6,,1561113334.5,-0.05,1444.8
2024-07-06 01:00:00+00:00,long,sell - direction_change,56521.6,56582.2,1562006535.61,0.06,1444.85
2024-07-06 01:00:00+00:00,short,buy,56582.2,,1561225532.35,-0.05,1444.8
2024-07-06 02:00:00+00:00,short,sell - direction_change,56582.2,56195.0,1571128606.78,0.63,1445.44
2024-07-06 02:00:00+00:00,long,buy,56195.0,,1570343042.48,-0.05,1445.39
2024-07-06 04:00:00+00:00,long,sell - direction_change,56195.0,56388.4,1574962343.68,0.29,1445.68
2024-07-06 04:00:00+00:00,short,buy,56388.4,,1574174862.51,-0.05,1445.63
2024-07-06 05:00:00+00:00,short,sell - direction_change,56388.4,56040.1,1583111142.02,0.57,1446.2
2024-07-06 05:00:00+00:00,long,buy,56040.1,,1582319586.45,-0.05,1446.15
2024-07-06 16:26:00+00:00,long,sell - take_profit,56040.1,57721.303,1628998014.25,2.95,1449.1
2024-07-06 17:00:00+00:00,long,buy,57830.2,,1628183515.24,-0.05,1449.05
2024-07-07 07:00:00+00:00,long,sell - direction_change,57830.2,57626.1,1621623078.92,-0.4,1448.65
2024-07-07 07:00:00+00:00,short,buy,57626.1,,1620812267.38,-0.05,1448.6
2024-07-07 08:00:00+00:00,short,sell - direction_change,57626.1,57344.5,1627922243.41,0.44,1449.04
2024-07-07 08:00:00+00:00,long,buy,57344.5,,1627108282.29,-0.05,1448.99
2024-07-07 10:00:00+00:00,long,sell - direction_change,57344.5,57710.1,1636668360.98,0.59,1449.57
2024-07-07 10:00:00+00:00,short,buy,57710.1,,1635850026.8,-0.05,1449.52
2024-07-07 23:46:00+00:00,short,sell - take_profit,57710.1,55978.797,1684107602.59,2.95,1452.47
2024-07-08 00:00:00+00:00,short,buy,55831.0,,1683265548.79,-0.05,1452.42
2024-07-08 02:00:00+00:00,short,sell - direction_change,55831.0,54930.0,1709588435.0,1.56,1453.99
2024-07-08 02:00:00+00:00,long,buy,54930.0,,1708733640.78,-0.05,1453.94
2024-07-08 03:00:00+00:00,long,sell - direction_change,54930.0,55362.3,1721327035.71,0.74,1454.67
2024-07-08 03:00:00+00:00,short,buy,55362.3,,1720466372.19,-0.05,1454.62
2024-07-08 08:00:00+00:00,short,sell - direction_change,55362.3,55828.4,1705121383.57,-0.89,1453.73
2024-07-08 08:00:00+00:00,long,buy,55828.4,,1704268822.87,-0.05,1453.68
2024-07-08 08:48:00+00:00,long,sell - take_profit,55828.4,57503.252,1754544753.15,2.95,1456.63
2024-07-08 09:00:00+00:00,long,buy,57767.9,,1753667480.77,-0.05,1456.58
2024-07-08 10:47:00+00:00,long,sell - stop_loss,57767.9,57190.221,1735253972.22,-1.05,1455.53
2024-07-08 11:00:00+00:00,long,buy,56800.0,,1734386345.24,-0.05,1455.48
2024-07-08 14:00:00+00:00,long,sell - direction_change,56800.0,57217.9,1746279716.39,0.69,1456.17
2024-07-08 14:00:00+00:00,short,buy,57217.9,,1745406576.53,-0.05,1456.12
2024-07-08 14:31:00+00:00,short,sell - take_profit,57217.9,55501.363,1796896070.54,2.95,1459.07
2024-07-08 15:00:00+00:00,long,buy,56169.0,,1795997622.5,-0.05,1459.02
2024-07-08 16:18:00+00:00,long,sell - stop_loss,56169.0,55607.31,1777139647.47,-1.05,1457.97
2024-07-08 17:00:00+00:00,long,buy,55789.8,,1776251077.64,-0.05,1457.92
2024-07-08 20:00:00+00:00,long,sell - direction_change,55789.8,56462.9,1796793296.01,1.16,1459.08
2024-07-08 20:00:00+00:00,short,buy,56462.9,,1795894899.36,-0.05,1459.03
2024-07-08 21:00:00+00:00,short,sell - direction_change,56462.9,56241.9,1802026218.44,0.34,1459.37
2024-07-08 21:00:00+00:00,long,buy,56241.9,,1801125205.33,-0.05,1459.32
2024-07-09 14:14:00+00:00,long,sell - take_profit,56241.9,57929.15700000001,1854258398.88,2.95,1462.27
2024-07-09 15:00:00+00:00,long,buy,57040.3,,1853331269.68,-0.05,1462.22
2024-07-10 04:07:00+00:00,long,sell - take_profit,57040.3,58751.509000000005,1908004542.14,2.95,1465.17
2024-07-10 05:00:00+00:00,long,buy,59323.9,,1907050539.87,-0.05,1465.12
2024-07-10 08:05:00+00:00,long,sell - stop_loss,59323.9,58730.661,1887026509.2,-1.05,1464.07
2024-07-10 09:00:00+00:00,long,buy,58735.2,,1886082995.95,-0.05,1464.02
2024-07-10 12:32:00+00:00,long,sell - stop_loss,58735.2,58147.848,1866279124.49,-1.05,1462.97
2024-07-10 13:00:00+00:00,short,buy,58127.9,,1865345984.93,-0.05,1462.92
2024-07-10 16:00:00+00:00,short,sell - direction_change,58127.9,57658.1,1879489369.11,0.76,1463.67
2024-07-10 16:00:00+00:00,long,buy,57658.1,,1878549624.42,-0.05,1463.62
2024-07-10 17:00:00+00:00,long,sell - direction_change,57658.1,57675.2,1878167482.06,-0.02,1463.6
2024-07-10 17:00:00+00:00,short,buy,57675.2,,1877228398.32,-0.05,1463.55
2024-07-10 23:00:00+00:00,short,sell - direction_change,57675.2,57688.0,1875873166.17,-0.07,1463.48
2024-07-10 23:00:00+00:00,long,buy,57688.0,,1874935229.59,-0.05,1463.43
2024-07-11 00:00:00+00:00,long,sell - direction_change,57688.0,57707.0,1874615286.75,-0.02,1463.42
2024-07-11 00:00:00+00:00,short,buy,57707.0,,1873677979.11,-0.05,1463.37
2024-07-11 01:00:00+00:00,short,sell - direction_change,57707.0,57608.0,1875955552.93,0.12,1463.49
2024-07-11 01:00:00+00:00,long,buy,57608.0,,1875017575.15,-0.05,1463.44
2024-07-11 03:00:00+00:00,long,sell - direction_change,57608.0,57846.1,1881829713.71,0.36,1463.8
2024-07-11 03:00:00+00:00,short,buy,57846.1,,1880888798.86,-0.05,1463.75
2024-07-11 04:00:00+00:00,short,sell - direction_change,57846.1,57540.4,1889888310.75,0.48,1464.23
2024-07-11 04:00:00+00:00,long,buy,57540.4,,1888943366.6,-0.05,1464.18
2024-07-11 12:30:00+00:00,long,sell - take_profit,57540.4,59266.612,1944667195.91,2.95,1467.13
2024-07-11 13:00:00+00:00,long,buy,58798.3,,1943694862.31,-0.05,1467.08
2024-07-11 14:15:00+00:00,long,sell - stop_loss,58798.3,58210.317,1923286066.26,-1.05,1466.03
2024-07-11 15:00:00+00:00,short,buy,57764.8,,1922324423.23,-0.05,1465.98
2024-07-12 05:00:00+00:00,short,sell - direction_change,57764.8,56988.2,1947207324.3,1.29,1467.27
2024-07-12 05:00:00+00:00,long,buy,56988.2,,1946233720.64,-0.05,1467.22
2024-07-12 06:00:00+00:00,long,sell - direction_change,56988.2,57003.5,1945783122.06,-0.02,1467.2
2024-07-12 06:00:00+00:00,short,buy,57003.5,,1944810230.49,-0.05,1467.15
2024-07-12 10:00:00+00:00,short,sell - direction_change,57003.5,56933.7,1946219218.7,0.07,1467.22
2024-07-12 10:00:00+00:00,long,buy,56933.7,,1945246109.09,-0.05,1467.17
2024-07-13 04:00:00+00:00,long,sell - direction_change,56933.7,57792.5,1973615990.71,1.46,1468.63
2024-07-13 04:00:00+00:00,short,buy,57792.5,,1972629182.72,-0.05,1468.58
2024-07-13 05:00:00+00:00,short,sell - direction_change,57792.5,57755.0,1972922854.18,0.01,1468.6
2024-07-13 05:00:00+00:00,long,buy,57755.0,,1971936392.76,-0.05,1468.55
2024-07-13 22:58:00+00:00,long,sell - take_profit,57755.0,59487.65,2030108516.34,2.95,1471.5
2024-07-13 23:00:00+00:00,long,buy,59449.6,,2029093462.08,-0.05,1471.45
2024-07-14 21:57:00+00:00,long,sell - take_profit,59449.6,61233.088,2088951719.22,2.95,1474.4
2024-07-14 22:00:00+00:00,long,buy,61260.1,,2087907243.36,-0.05,1474.35
2024-07-15 00:10:00+00:00,long,sell - stop_loss,61260.1,60647.498999999996,2065984217.3,-1.05,1473.3
2024-07-15 01:00:00+00:00,long,buy,61186.7,,2064951225.19,-0.05,1473.25
2024-07-15 07:43:00+00:00,long,sell - take_profit,61186.7,63022.301,2125867286.34,2.95,1476.2
2024-07-15 08:00:00+00:00,long,buy,62816.1,,2124804352.69,-0.05,1476.15
2024-07-15 22:41:00+00:00,long,sell - take_profit,62816.1,64700.583,2187486081.1,2.95,1479.1
2024-07-15 23:00:00+00:00,long,buy,64309.0,,2186392338.06,-0.05,1479.05
2024-07-16 05:39:00+00:00,long,sell - stop_loss,64309.0,63665.909999999996,2163435218.51,-1.05,1478.0
2024-07-16 06:00:00+00:00,long,buy,63631.9,,2162353500.9,-0.05,1477.95
2024-07-16 06:54:00+00:00,long,sell - stop_loss,63631.9,62995.581,2139648789.14,-1.05,1476.9
2024-07-16 07:00:00+00:00,long,buy,62880.2,,2138578964.74,-0.05,1476.85
2024-07-16 08:00:00+00:00,long,sell - direction_change,62880.2,62881.8,2137564091.86,-0.05,1476.8
2024-07-16 08:00:00+00:00,short,buy,62881.8,,2136495309.81,-0.05,1476.75
2024-07-16 09:00:00+00:00,short,sell - direction_change,62881.8,62799.1,2138236907.96,0.08,1476.83
2024-07-16 09:00:00+00:00,long,buy,62799.1,,2137167789.51,-0.05,1476.78
2024-07-16 13:00:00+00:00,long,sell - direction_change,62799.1,63714.1,2167238322.69,1.41,1478.19
2024-07-16 13:00:00+00:00,short,buy,63714.1,,2166154703.53,-0.05,1478.14
2024-07-16 14:00:00+00:00,short,sell - direction_change,63714.1,63390.5,2176073392.86,0.46,1478.59
2024-07-16 14:00:00+00:00,long,buy,63390.5,,2174985356.16,-0.05,1478.54
2024-07-16 23:29:00+00:00,long,sell - take_profit,63390.5,65292.215000000004,2239147424.17,2.95,1481.49
2024-07-17 00:00:00+00:00,long,buy,65010.0,,2238027850.45,-0.05,1481.44
2024-07-17 11:00:00+00:00,long,sell - direction_change,65010.0,65097.7,2239927988.08,0.08,1481.53
2024-07-17 11:00:00+00:00,short,buy,65097.7,,2238808024.09,-0.05,1481.48
2024-07-17 12:00:00+00:00,short,sell - direction_change,65097.7,64699.9,2251369561.68,0.56,1482.04
2024-07-17 12:00:00+00:00,long,buy,64699.9,,2250243876.89,-0.05,1481.99
2024-07-17 15:00:00+00:00,long,sell - direction_change,64699.9,64997.2,2259458763.28,0.41,1482.4
2024-07-17 15:00:00+00:00,short,buy,64997.2,,2258329033.9,-0.05,1482.35
2024-07-18 01:00:00+00:00,short,sell - direction_change,64997.2,64406.9,2277709854.87,0.86,1483.21
2024-07-18 01:00:00+00:00,long,buy,64406.9,,2276570999.94,-0.05,1483.16
2024-07-18 04:00:00+00:00,long,sell - direction_change,64406.9,64827.9,2290313672.71,0.6,1483.76
2024-07-18 04:00:00+00:00,short,buy,64827.9,,2289168515.87,-0.05,1483.71
2024-07-18 05:00:00+00:00,short,sell - direction_change,64827.9,64544.9,2298017077.93,0.39,1484.1
2024-07-18 05:00:00+00:00,long,buy,64544.9,,2296868069.39,-0.05,1484.05
2024-07-18 07:00:00+00:00,long,sell - direction_change,64544.9,64965.4,2310683374.14,0.6,1484.65
2024-07-18 07:00:00+00:00,short,buy,64965.4,,2309528032.45,-0.05,1484.6
2024-07-18 08:00:00+00:00,short,sell - direction_change,64965.4,64644.8,2319770638.22,0.44,1485.04
2024-07-18 08:00:00+00:00,long,buy,64644.8,,2318610752.9,-0.05,1484.99
2024-07-18 10:00:00+00:00,long,sell - direction_change,64644.8,64831.6,2324151390.73,0.24,1485.23
2024-07-18 10:00:00+00:00,short,buy,64831.6,,2322989315.04,-0.05,1485.18
2024-07-18 11:00:00+00:00,short,sell - direction_change,64831.6,64591.4,2330434457.16,0.32,1485.5
2024-07-18 11:00:00+00:00,long,buy,64591.4,,2329269239.94,-0.05,1485.45
2024-07-18 13:00:00+00:00,long,sell - direction_change,64591.4,64811.2,2336030945.03,0.29,1485.74
2024-07-18 13:00:00+00:00,short,buy,64811.2,,2334862929.56,-0.05,1485.69
2024-07-19 01:00:00+00:00,short,sell - direction_change,64811.2,63577.0,2378158304.33,1.85,1487.55
2024-07-19 01:00:00+00:00,long,buy,63577.0,,2376969225.18,-0.05,1487.5
2024-07-19 02:00:00+00:00,long,sell - direction_change,63577.0,63791.2,2383789089.62,0.29,1487.78
2024-07-19 02:00:00+00:00,short,buy,63791.2,,2382597195.08,-0.05,1487.73
2024-07-19 03:00:00+00:00,short,sell - direction_change,63791.2,63805.9,2380856852.43,-0.07,1487.66
2024-07-19 03:00:00+00:00,long,buy,63805.9,,2379666424.0,-0.05,1487.61
2024-07-19 04:00:00+00:00,long,sell - direction_change,63805.9,64297.9,2396825926.52,0.72,1488.33
2024-07-19 04:00:00+00:00,short,buy,64297.9,,2395627513.56,-0.05,1488.28
2024-07-19 05:00:00+00:00,short,sell - direction_change,64297.9,64111.0,2401393267.54,0.24,1488.52
2024-07-19 05:00:00+00:00,long,buy,64111.0,,2400192570.91,-0.05,1488.47
2024-07-19 07:00:00+00:00,long,sell - direction_change,64111.0,64184.8,2401755404.73,0.07,1488.54
2024-07-19 07:00:00+00:00,short,buy,64184.8,,2400554527.02,-0.05,1488.49
2024-07-19 10:00:00+00:00,short,sell - direction_change,64184.8,63671.9,2418537053.43,0.75,1489.24
2024-07-19 10:00:00+00:00,long,buy,63671.9,,2417327784.9,-0.05,1489.19
2024-07-19 14:14:00+00:00,long,sell - take_profit,63671.9,65582.057,2488638954.56,2.95,1492.14
2024-07-19 15:00:00+00:00,long,buy,65700.8,,2487394635.08,-0.05,1492.09
2024-07-21 03:00:00+00:00,long,sell - direction_change,65700.8,67242.9,2544533959.99,2.3,1494.38
2024-07-21 03:00:00+00:00,short,buy,67242.9,,2543261693.01,-0.05,1494.33
2024-07-21 05:00:00+00:00,short,sell - direction_change,67242.9,67010.5,2550779897.48,0.3,1494.63
2024-07-21 05:00:00+00:00,long,buy,67010.5,,2549504507.53,-0.05,1494.58
2024-07-21 06:00:00+00:00,long,sell - direction_change,67010.5,67015.4,2548416182.36,-0.04,1494.54
2024-07-21 06:00:00+00:00,short,buy,67015.4,,2547141974.27,-0.05,1494.49
2024-07-21 09:00:00+00:00,short,sell - direction_change,67015.4,66760.3,2555564322.7,0.33,1494.82
2024-07-21 09:00:00+00:00,long,buy,66760.3,,2554286540.53,-0.05,1494.77
2024-07-21 10:00:00+00:00,long,sell - direction_change,66760.3,66944.1,2560041688.4,0.23,1494.99
2024-07-21 10:00:00+00:00,short,buy,66944.1,,2558761667.56,-0.05,1494.94
2024-07-21 12:00:00+00:00,short,sell - direction_change,66944.1,66845.4,2561254833.92,0.1,1495.04
2024-07-21 12:00:00+00:00,long,buy,66845.4,,2559974206.5,-0.05,1494.99
2024-07-21 13:00:00+00:00,long,sell - direction_change,66845.4,66892.5,2560498005.23,0.02,1495.01
2024-07-21 13:00:00+00:00,short,buy,66892.5,,2559217756.22,-0.05,1494.96
2024-07-21 14:00:00+00:00,short,sell - direction_change,66892.5,66731.9,2564082488.96,0.19,1495.15
2024-07-21 14:00:00+00:00,long,buy,66731.9,,2562800447.72,-0.05,1495.1
2024-07-21 17:00:00+00:00,long,sell - direction_change,66731.9,67524.6,2591962237.56,1.14,1496.24
2024-07-21 17:00:00+00:00,short,buy,67524.6,,2590666256.44,-0.05,1496.19
2024-07-21 19:00:00+00:00,short,sell - direction_change,67524.6,66830.1,2616016289.81,0.98,1497.17
2024-07-21 19:00:00+00:00,long,buy,66830.1,,2614708281.67,-0.05,1497.12
2024-07-22 06:00:00+00:00,long,sell - direction_change,66830.1,67600.0,2643523041.76,1.1,1498.22
2024-07-22 06:00:00+00:00,short,buy,67600.0,,2642201280.24,-0.05,1498.17
2024-07-22 09:00:00+00:00,short,sell - direction_change,67600.0,67060.0,2661986521.18,0.75,1498.92
2024-07-22 09:00:00+00:00,long,buy,67060.0,,2660655527.92,-0.05,1498.87
2024-07-22 13:00:00+00:00,long,sell - direction_change,67060.0,67660.0,2683130647.77,0.84,1499.71
2024-07-22 13:00:00+00:00,short,buy,67660.0,,2681789082.45,-0.05,1499.66
2024-07-22 17:00:00+00:00,short,sell - direction_change,67660.0,67019.9,2705819355.38,0.9,1500.56
2024-07-22 17:00:00+00:00,long,buy,67019.9,,2704466445.71,-0.05,1500.51
2024-07-23 01:00:00+00:00,long,sell - direction_change,67019.9,67458.1,2720796978.3,0.6,1501.11
2024-07-23 01:00:00+00:00,short,buy,67458.1,,2719436579.81,-0.05,1501.06
2024-07-23 02:00:00+00:00,short,sell - direction_change,67458.1,67380.2,2721217242.13,0.07,1501.13
2024-07-23 02:00:00+00:00,long,buy,67380.2,,2719856633.51,-0.05,1501.08
2024-07-23 03:00:00+00:00,long,sell - direction_change,67380.2,67620.0,2728176427.44,0.31,1501.38
2024-07-23 03:00:00+00:00,short,buy,67620.0,,2726812339.22,-0.05,1501.33
2024-07-23 06:00:00+00:00,short,sell - direction_change,67620.0,66400.0,2774646079.67,1.75,1503.09
2024-07-23 06:00:00+00:00,long,buy,66400.0,,2773258756.63,-0.05,1503.04
2024-07-23 07:00:00+00:00,long,sell - direction_change,66400.0,66496.2,2775890011.17,0.09,1503.13
2024-07-23 07:00:00+00:00,short,buy,66496.2,,2774502066.16,-0.05,1503.08
2024-07-23 14:00:00+00:00,short,sell - direction_change,66496.2,66072.8,2790780849.8,0.59,1503.67
2024-07-23 14:00:00+00:00,long,buy,66072.8,,2789385459.38,-0.05,1503.62
2024-07-23 16:00:00+00:00,long,sell - direction_change,66072.8,66552.8,2808254854.45,0.68,1504.3
2024-07-23 16:00:00+00:00,short,buy,66552.8,,2806850727.02,-0.05,1504.25
2024-07-24 02:00:00+00:00,short,sell - direction_change,66552.8,65646.7,2843661883.82,1.31,1505.56
2024-07-24 02:00:00+00:00,long,buy,65646.7,,2842240052.88,-0.05,1505.51
2024-07-24 04:00:00+00:00,long,sell - direction_change,65646.7,66027.4,2857301723.13,0.53,1506.04
2024-07-24 04:00:00+00:00,short,buy,66027.4,,2855873072.26,-0.05,1505.99
2024-07-24 06:00:00+00:00,short,sell - direction_change,66027.4,65793.5,2864561976.79,0.3,1506.29
2024-07-24 06:00:00+00:00,long,buy,65793.5,,2863129695.8,-0.05,1506.24
2024-07-24 18:00:00+00:00,long,sell - direction_change,65793.5,66560.0,2895053841.04,1.12,1507.36
2024-07-24 18:00:00+00:00,short,buy,66560.0,,2893606314.12,-0.05,1507.31
2024-07-24 20:00:00+00:00,short,sell - direction_change,66560.0,65631.8,2932511755.27,1.34,1508.65
2024-07-24 20:00:00+00:00,long,buy,65631.8,,2931045499.39,-0.05,1508.6
2024-07-24 21:00:00+00:00,long,sell - direction_change,65631.8,66027.9,2947269376.02,0.55,1509.16
2024-07-24 21:00:00+00:00,short,buy,66027.9,,2945795741.34,-0.05,1509.11
2024-07-25 02:28:00+00:00,short,sell - take_profit,66027.9,64047.062999999995,3032696715.71,2.95,1512.06
2024-07-25 03:00:00+00:00,short,buy,64188.0,,3031180367.35,-0.05,1512.01
2024-07-25 05:00:00+00:00,short,sell - direction_change,64188.0,64203.8,3028918646.27,-0.07,1511.93
2024-07-25 05:00:00+00:00,long,buy,64203.8,,3027404186.95,-0.05,1511.88
2024-07-25 06:00:00+00:00,long,sell - direction_change,64203.8,64244.9,3027828474.69,0.01,1511.89
2024-07-25 06:00:00+00:00,short,buy,64244.9,,3026314560.46,-0.05,1511.84
2024-07-25 12:00:00+00:00,short,sell - direction_change,64244.9,64082.6,3032446692.58,0.2,1512.05
2024-07-25 12:00:00+00:00,long,buy,64082.6,,3030930469.23,-0.05,1512.0
2024-07-25 13:00:00+00:00,long,sell - direction_change,64082.6,64110.3,3030725137.7,-0.01,1511.99
2024-07-25 13:00:00+00:00,short,buy,64110.3,,3029209775.13,-0.05,1511.94
2024-07-25 14:00:00+00:00,short,sell - direction_change,64110.3,64034.0,3031300342.98,0.07,1512.01
2024-07-25 14:00:00+00:00,long,buy,64034.0,,3029784692.81,-0.05,1511.96
2024-07-25 18:00:00+00:00,long,sell - direction_change,64034.0,65028.8,3075339010.77,1.5,1513.46
2024-07-25 18:00:00+00:00,short,buy,65028.8,,3073801341.26,-0.05,1513.41
2024-07-25 19:00:00+00:00,short,sell - direction_change,65028.8,64549.2,3094934321.06,0.69,1514.1
2024-07-25 19:00:00+00:00,long,buy,64549.2,,3093386853.9,-0.05,1514.05
2024-07-26 01:04:00+00:00,long,sell - take_profit,64549.2,66485.67599999999,3184641766.09,2.95,1517.0
2024-07-26 02:00:00+00:00,long,buy,66402.1,,3183049445.21,-0.05,1516.95
2024-07-27 12:04:00+00:00,long,sell - take_profit,66402.1,68394.16300000002,3276949403.84,2.95,1519.9
2024-07-27 13:00:00+00:00,long,buy,68371.0,,3275310929.14,-0.05,1519.85
2024-07-27 19:41:00+00:00,long,sell - stop_loss,68371.0,67687.29,3240920164.38,-1.05,1518.8
2024-07-27 20:00:00+00:00,short,buy,68209.3,,3239299704.3,-0.05,1518.75
2024-07-27 21:00:00+00:00,short,sell - direction_change,68209.3,67758.7,3259079313.01,0.61,1519.36
2024-07-27 21:00:00+00:00,long,buy,67758.7,,3257449773.35,-0.05,1519.31
2024-07-27 23:00:00+00:00,long,sell - direction_change,67758.7,68600.0,3296265928.52,1.19,1520.5
2024-07-27 23:00:00+00:00,short,buy,68600.0,,3294617795.56,-0.05,1520.45
2024-07-28 00:00:00+00:00,short,sell - direction_change,68600.0,67873.7,3327852132.5,1.01,1521.46
2024-07-28 00:00:00+00:00,long,buy,67873.7,,3326188206.44,-0.05,1521.41
2024-07-28 03:00:00+00:00,long,sell - direction_change,67873.7,68117.1,3336453063.95,0.31,1521.72
2024-07-28 03:00:00+00:00,short,buy,68117.1,,3334784837.42,-0.05,1521.67
2024-07-28 12:00:00+00:00,short,sell - direction_change,68117.1,67800.1,3348636702.18,0.42,1522.09
2024-07-28 12:00:00+00:00,long,buy,67800.1,,3346962383.83,-0.05,1522.04
2024-07-28 15:00:00+00:00,long,sell - direction_change,67800.1,67712.2,3340949705.59,-0.18,1521.86
2024-07-28 15:00:00+00:00,short,buy,67712.2,,3339279230.74,-0.05,1521.81
2024-07-28 16:00:00+00:00,short,sell - direction_change,67712.2,67624.2,3341949378.82,0.08,1521.89
2024-07-28 16:00:00+00:00,long,buy,67624.2,,3340278404.13,-0.05,1521.84
2024-07-29 02:34:00+00:00,long,sell - take_profit,67624.2,69652.92599999999,3438816617.05,2.95,1524.79
2024-07-29 03:00:00+00:00,long,buy,69527.1,,3437097208.74,-0.05,1524.74
2024-07-29 14:03:00+00:00,long,sell - stop_loss,69527.1,68831.829,3401007688.05,-1.05,1523.69
2024-07-29 15:00:00+00:00,long,buy,68200.0,,3399307184.21,-0.05,1523.64
2024-07-29 16:25:00+00:00,long,sell - stop_loss,68200.0,67518.0,3363614458.77,-1.05,1522.59
2024-07-29 17:00:00+00:00,long,buy,66920.9,,3361932651.54,-0.05,1522.54
2024-07-29 19:00:00+00:00,long,sell - direction_change,66920.9,67389.8,3383808006.49,0.65,1523.19
2024-07-29 19:00:00+00:00,short,buy,67389.8,,3382116102.49,-0.05,1523.14
2024-07-30 02:00:00+00:00,short,sell - direction_change,67389.8,66176.5,3441317367.42,1.75,1524.89
2024-07-30 02:00:00+00:00,long,buy,66176.5,,3439596708.73,-0.05,1524.84
2024-07-30 03:00:00+00:00,long,sell - direction_change,66176.5,66396.6,3449316851.08,0.28,1525.12
2024-07-30 03:00:00+00:00,short,buy,66396.6,,3447592192.65,-0.05,1525.07
2024-07-30 11:00:00+00:00,short,sell - direction_change,66396.6,66545.7,3438126494.17,-0.27,1524.8
2024-07-30 11:00:00+00:00,long,buy,66545.7,,3436407430.92,-0.05,1524.75
2024-07-30 13:00:00+00:00,long,sell - direction_change,66545.7,66635.4,3439321318.33,0.08,1524.83
2024-07-30 13:00:00+00:00,short,buy,66635.4,,3437601657.68,-0.05,1524.78
2024-07-31 00:00:00+00:00,short,sell - direction_change,66635.4,66159.3,3460444008.26,0.66,1525.44
2024-07-31 00:00:00+00:00,long,buy,66159.3,,3458713786.26,-0.05,1525.39
2024-07-31 02:00:00+00:00,long,sell - direction_change,66159.3,66269.1,3462724616.67,0.12,1525.51
2024-07-31 02:00:00+00:00,short,buy,66269.1,,3460993254.36,-0.05,1525.46
2024-07-31 03:00:00+00:00,short,sell - direction_change,66269.1,66084.5,3468903742.06,0.23,1525.69
2024-07-31 03:00:00+00:00,long,buy,66084.5,,3467169290.19,-0.05,1525.64
2024-07-31 04:00:00+00:00,long,sell - direction_change,66084.5,66028.1,3462476640.29,-0.14,1525.5
2024-07-31 04:00:00+00:00,short,buy,66028.1,,3460745401.97,-0.05,1525.45
2024-07-31 05:00:00+00:00,short,sell - direction_change,66028.1,65774.1,3472327987.42,0.33,1525.79
2024-07-31 05:00:00+00:00,long,buy,65774.1,,3470591823.43,-0.05,1525.74
2024-07-31 07:00:00+00:00,long,sell - direction_change,65774.1,66425.5,3503227860.82,0.94,1526.68
2024-07-31 07:00:00+00:00,short,buy,66425.5,,3501476246.89,-0.05,1526.63
2024-07-31 08:00:00+00:00,short,sell - direction_change,66425.5,66196.4,3511802018.66,0.29,1526.92
2024-07-31 08:00:00+00:00,long,buy,66196.4,,3510046117.65,-0.05,1526.87
2024-07-31 10:00:00+00:00,long,sell - direction_change,66196.4,66230.0,3510072725.46,0.0,1526.87
2024-07-31 10:00:00+00:00,short,buy,66230.0,,3508317689.1,-0.05,1526.82
2024-07-31 12:00:00+00:00,short,sell - direction_change,66230.0,66062.7,3515425700.71,0.2,1527.03
2024-07-31 12:00:00+00:00,long,buy,66062.7,,3513667987.86,-0.05,1526.98
2024-07-31 19:51:00+00:00,long,sell - stop_loss,66062.7,65402.073,3476774473.99,-1.05,1525.93
2024-07-31 20:00:00+00:00,short,buy,65228.1,,3475036086.75,-0.05,1525.88
2024-07-31 21:00:00+00:00,short,sell - direction_change,65228.1,64577.4,3507964701.58,0.95,1526.82
2024-07-31 21:00:00+00:00,long,buy,64577.4,,3506210719.23,-0.05,1526.77
2024-07-31 22:00:00+00:00,long,sell - direction_change,64577.4,64950.1,3524693249.48,0.53,1527.3
2024-07-31 22:00:00+00:00,short,buy,64950.1,,3522930902.86,-0.05,1527.25
2024-08-01 07:00:00+00:00,short,sell - direction_change,64950.1,64204.4,3561616635.7,1.1,1528.35
2024-08-01 07:00:00+00:00,long,buy,64204.4,,3559835827.39,-0.05,1528.3
2024-08-01 09:00:00+00:00,long,sell - direction_change,64204.4,64472.2,3572904175.86,0.37,1528.67
2024-08-01 09:00:00+00:00,short,buy,64472.2,,3571117723.77,-0.05,1528.62
2024-08-01 10:00:00+00:00,short,sell - direction_change,64472.2,64441.9,3571010483.12,-0.0,1528.61
2024-08-01 10:00:00+00:00,long,buy,64441.9,,3569224977.88,-0.05,1528.56
2024-08-01 13:00:00+00:00,long,sell - direction_change,64441.9,64855.9,3590370464.3,0.59,1529.16
2024-08-01 13:00:00+00:00,short,buy,64855.9,,3588575279.06,-0.05,1529.11
2024-08-01 14:00:00+00:00,short,sell - direction_change,64855.9,64724.6,3594046019.5,0.15,1529.26
2024-08-01 14:00:00+00:00,long,buy,64724.6,,3592248996.49,-0.05,1529.21
2024-08-01 14:31:00+00:00,long,sell - stop_loss,64724.6,64077.354,3554530382.02,-1.05,1528.16
2024-08-01 15:00:00+00:00,short,buy,63918.1,,3552753116.83,-0.05,1528.11
2024-08-01 20:00:00+00:00,short,sell - direction_change,63918.1,63403.0,3579607490.1,0.76,1528.86
2024-08-01 20:00:00+00:00,long,buy,63403.0,,3577817686.36,-0.05,1528.81
2024-08-01 21:46:00+00:00,long,sell - take_profit,63403.0,65305.090000000004,3683363308.1,2.95,1531.76
2024-08-01 22:00:00+00:00,long,buy,64879.8,,3681521626.45,-0.05,1531.71
2024-08-02 02:22:00+00:00,long,sell - stop_loss,64879.8,64231.002,3642865649.37,-1.05,1530.66
2024-08-02 03:00:00+00:00,long,buy,64344.5,,3641044216.55,-0.05,1530.61
2024-08-02 05:00:00+00:00,long,sell - direction_change,64344.5,64518.3,3649058466.4,0.22,1530.83
2024-08-02 05:00:00+00:00,short,buy,64518.3,,3647233937.17,-0.05,1530.78
2024-08-02 06:00:00+00:00,short,sell - direction_change,64518.3,64161.0,3665608569.16,0.5,1531.29
2024-08-02 06:00:00+00:00,long,buy,64161.0,,3663775764.88,-0.05,1531.24
2024-08-02 07:00:00+00:00,long,sell - direction_change,64161.0,64446.5,3678246739.81,0.39,1531.63
2024-08-02 07:00:00+00:00,short,buy,64446.5,,3676407616.44,-0.05,1531.58
2024-08-02 08:00:00+00:00,short,sell - direction_change,64446.5,64146.0,3691711701.02,0.42,1532.0
2024-08-02 08:00:00+00:00,long,buy,64146.0,,3689865845.17,-0.05,1531.95
2024-08-02 14:00:00+00:00,long,sell - direction_change,64146.0,65208.2,3749121768.12,1.61,1533.56
2024-08-02 14:00:00+00:00,short,buy,65208.2,,3747247207.23,-0.05,1533.51
2024-08-02 14:56:00+00:00,short,sell - take_profit,65208.2,63251.954,3857790999.85,2.95,1536.46
2024-08-02 15:00:00+00:00,short,buy,63145.6,,3855862104.35,-0.05,1536.41
2024-08-02 22:58:00+00:00,short,sell - take_profit,63145.6,61251.231999999996,3969610036.42,2.95,1539.36
2024-08-02 23:00:00+00:00,long,buy,61377.8,,3967625231.41,-0.05,1539.31
2024-08-03 00:00:00+00:00,long,sell - direction_change,61377.8,61483.7,3972487078.17,0.12,1539.43
2024-08-03 00:00:00+00:00,short,buy,61483.7,,3970500834.63,-0.05,1539.38
2024-08-03 01:00:00+00:00,short,sell - direction_change,61483.7,61117.5,3992164086.26,0.55,1539.92
2024-08-03 01:00:00+00:00,long,buy,61117.5,,3990168004.22,-0.05,1539.87
2024-08-03 01:13:00+00:00,long,sell - stop_loss,61117.5,60506.325,3948271240.17,-1.05,1538.82
2024-08-03 02:00:00+00:00,long,buy,61313.9,,3946297104.55,-0.05,1538.77
2024-08-03 04:00:00+00:00,long,sell - direction_change,61313.9,61862.2,3979613746.77,0.84,1539.62
2024-08-03 04:00:00+00:00,short,buy,61862.2,,3977623939.9,-0.05,1539.57
2024-08-03 08:00:00+00:00,short,sell - direction_change,61862.2,61636.0,3990179365.53,0.32,1539.88
2024-08-03 08:00:00+00:00,long,buy,61636.0,,3988184275.85,-0.05,1539.83
2024-08-03 14:00:00+00:00,long,sell - direction_change,61636.0,61982.8,4008630029.04,0.51,1540.35
2024-08-03 14:00:00+00:00,short,buy,61982.8,,4006625714.03,-0.05,1540.3
2024-08-03 16:00:00+00:00,short,sell - direction_change,61982.8,60857.8,4077343445.21,1.77,1542.06
2024-08-03 16:00:00+00:00,long,buy,60857.8,,4075304773.48,-0.05,1542.01
2024-08-03 17:00:00+00:00,long,sell - direction_change,60857.8,60892.6,4075597481.48,0.01,1542.02
2024-08-03 17:00:00+00:00,short,buy,60892.6,,4073559682.74,-0.05,1541.97
2024-08-03 20:00:00+00:00,short,sell - direction_change,60892.6,60216.8,4116732199.82,1.06,1543.03
2024-08-03 20:00:00+00:00,long,buy,60216.8,,4114673833.72,-0.05,1542.98
2024-08-03 21:00:00+00:00,long,sell - direction_change,60216.8,60374.9,4123419627.04,0.21,1543.19
2024-08-03 21:00:00+00:00,short,buy,60374.9,,4121357917.23,-0.05,1543.14
2024-08-04 02:00:00+00:00,short,sell - direction_change,60374.9,60715.0,4096081070.16,-0.61,1542.53
2024-08-04 02:00:00+00:00,long,buy,60715.0,,4094033029.63,-0.05,1542.48
2024-08-04 03:00:00+00:00,long,sell - direction_change,60715.0,60856.3,4101513920.01,0.18,1542.66
2024-08-04 03:00:00+00:00,short,buy,60856.3,,4099463163.05,-0.05,1542.61
2024-08-04 05:00:00+00:00,short,sell - direction_change,60856.3,60540.6,4118679931.74,0.47,1543.08
2024-08-04 05:00:00+00:00,long,buy,60540.6,,4116620591.78,-0.05,1543.03
2024-08-04 07:00:00+00:00,long,sell - direction_change,60540.6,60788.9,4131446106.43,0.36,1543.39
2024-08-04 07:00:00+00:00,short,buy,60788.9,,4129380383.38,-0.05,1543.34
2024-08-04 10:00:00+00:00,short,sell - direction_change,60788.9,60678.8,4134794768.81,0.13,1543.47
2024-08-04 10:00:00+00:00,long,buy,60678.8,,4132727371.43,-0.05,1543.42
2024-08-04 13:00:00+00:00,long,sell - direction_change,60678.8,61032.0,4154716844.5,0.53,1543.95
2024-08-04 13:00:00+00:00,short,buy,61032.0,,4152639486.08,-0.05,1543.9
2024-08-04 15:38:00+00:00,short,sell - take_profit,61032.0,59201.04,4275142350.92,2.95,1546.85
2024-08-04 16:00:00+00:00,short,buy,59069.9,,4273004779.74,-0.05,1546.8
2024-08-04 17:44:00+00:00,short,sell - take_profit,59069.9,57297.803,4399058420.75,2.95,1549.75
2024-08-04 18:00:00+00:00,long,buy,57842.1,,4396858891.53,-0.05,1549.7
2024-08-04 20:00:00+00:00,long,sell - direction_change,57842.1,59233.9,4500457938.41,2.36,1552.06
2024-08-04 20:00:00+00:00,short,buy,59233.9,,4498207709.44,-0.05,1552.01
2024-08-04 22:00:00+00:00,short,sell - direction_change,59233.9,58444.0,4555943416.14,1.28,1553.29
2024-08-04 22:00:00+00:00,long,buy,58444.0,,4553665444.43,-0.05,1553.24
2024-08-04 23:00:00+00:00,long,sell - direction_change,58444.0,58694.0,4570867366.78,0.38,1553.62
2024-08-04 23:00:00+00:00,short,buy,58694.0,,4568581933.09,-0.05,1553.57
2024-08-05 00:37:00+00:00,short,sell - take_profit,58694.0,56933.18,4703355100.12,2.95,1556.52
2024-08-05 01:00:00+00:00,short,buy,56141.9,,4701003422.57,-0.05,1556.47
2024-08-05 01:08:00+00:00,short,sell - take_profit,56141.9,54457.643,4839683023.53,2.95,1559.42
2024-08-05 02:00:00+00:00,short,buy,54389.6,,4837263182.02,-0.05,1559.37
2024-08-05 05:08:00+00:00,short,sell - take_profit,54389.6,52757.912,4979962445.89,2.95,1562.32
2024-08-05 06:00:00+00:00,short,buy,52696.5,,4977472464.67,-0.05,1562.27
2024-08-05 06:18:00+00:00,short,sell - take_profit,52696.5,51115.604999999996,5124307902.38,2.95,1565.22
2024-08-05 07:00:00+00:00,long,buy,51562.0,,5121745748.43,-0.05,1565.17
2024-08-05 08:18:00+00:00,long,sell - take_profit,51562.0,53108.86,5272837248.0,2.95,1568.12
2024-08-05 09:00:00+00:00,short,buy,52727.8,,5270200829.38,-0.05,1568.07
2024-08-05 10:28:00+00:00,short,sell - take_profit,52727.8,51145.966,5425671753.85,2.95,1571.02
2024-08-05 11:00:00+00:00,short,buy,51364.1,,5422958917.97,-0.05,1570.97
2024-08-05 11:15:00+00:00,short,sell - stop_loss,51364.1,51877.741,5366017849.33,-1.05,1569.92
2024-08-05 12:00:00+00:00,short,buy,51316.7,,5363334840.41,-0.05,1569.87
2024-08-05 12:33:00+00:00,short,sell - take_profit,51316.7,49777.19899999999,5521553218.2,2.95,1572.82
2024-08-05 13:00:00+00:00,short,buy,49788.4,,5518792441.59,-0.05,1572.77
2024-08-05 13:05:00+00:00,short,sell - stop_loss,49788.4,50286.284,5460845120.95,-1.05,1571.72
2024-08-05 14:00:00+00:00,long,buy,51927.7,,5458114698.39,-0.05,1571.67
2024-08-05 14:00:00+00:00,long,sell - take_profit,51927.7,53485.530999999995,5619129081.99,2.95,1574.62
2024-08-05 15:00:00+00:00,long,buy,54028.3,,5616319517.45,-0.05,1574.57
2024-08-05 15:01:00+00:00,long,sell - stop_loss,54028.3,53488.017,5557348162.52,-1.05,1573.52
2024-08-05 16:00:00+00:00,long,buy,54289.7,,5554569488.44,-0.05,1573.47
2024-08-05 17:07:00+00:00,long,sell - stop_loss,54289.7,53746.803,5496246508.81,-1.05,1572.42
2024-08-05 18:00:00+00:00,long,buy,54676.2,,5493498385.56,-0.05,1572.37
2024-08-05 18:16:00+00:00,long,sell - stop_loss,54676.2,54129.437999999995,5435816652.51,-1.05,1571.32
2024-08-05 19:00:00+00:00,long,buy,53082.6,,5433098744.18,-0.05,1571.27
2024-08-05 19:18:00+00:00,long,sell - stop_loss,53082.6,52551.774,5376051207.37,-1.05,1570.22
2024-08-05 20:00:00+00:00,long,buy,53450.3,,5373363181.76,-0.05,1570.17
2024-08-05 21:16:00+00:00,long,sell - take_profit,53450.3,55053.809,5531877395.63,2.95,1573.12
2024-08-05 22:00:00+00:00,long,buy,54344.9,,5529111456.93,-0.05,1573.07
2024-08-06 00:59:00+00:00,long,sell - take_profit,54344.9,55975.247,5692220244.91,2.95,1576.02
2024-08-06 01:00:00+00:00,long,buy,56010.1,,5689374134.79,-0.05,1575.97
2024-08-06 01:38:00+00:00,long,sell - stop_loss,56010.1,55449.998999999996,5629635706.37,-1.05,1574.92
2024-08-06 02:00:00+00:00,long,buy,55689.9,,5626820888.52,-0.05,1574.87
2024-08-06 08:34:00+00:00,long,sell - stop_loss,55689.9,55133.001000000004,5567739269.19,-1.05,1573.82
2024-08-06 09:00:00+00:00,long,buy,54970.0,,5564955399.55,-0.05,1573.77
2024-08-06 12:00:00+00:00,long,sell - direction_change,54970.0,55188.0,5584242419.34,0.35,1574.12
2024-08-06 12:00:00+00:00,short,buy,55188.0,,5581450298.13,-0.05,1574.07
2024-08-06 13:00:00+00:00,short,sell - direction_change,55188.0,54752.6,5622693846.01,0.74,1574.81
2024-08-06 13:00:00+00:00,long,buy,54752.6,,5619882499.09,-0.05,1574.76
2024-08-06 14:18:00+00:00,long,sell - take_profit,54752.6,56395.178,5785669032.81,2.95,1577.71
2024-08-06 15:00:00+00:00,long,buy,56095.5,,5782776198.3,-0.05,1577.66
2024-08-07 00:17:00+00:00,long,sell - stop_loss,56095.5,55534.545,5722057048.21,-1.05,1576.61
2024-08-07 01:00:00+00:00,long,buy,56251.2,,5719196019.69,-0.05,1576.56
2024-08-07 14:00:00+00:00,long,sell - direction_change,56251.2,56800.9,5772225754.74,0.93,1577.48
2024-08-07 14:00:00+00:00,short,buy,56800.9,,5769339641.87,-0.05,1577.43
2024-08-07 15:00:00+00:00,short,sell - direction_change,56800.9,56060.1,5841698970.06,1.25,1578.69
2024-08-07 15:00:00+00:00,long,buy,56060.1,,5838778120.57,-0.05,1578.64
2024-08-07 17:00:00+00:00,long,sell - direction_change,56060.1,56098.9,5839899833.67,0.02,1578.66
2024-08-07 17:00:00+00:00,short,buy,56098.9,,5836979883.75,-0.05,1578.61
2024-08-08 01:00:00+00:00,short,sell - direction_change,56098.9,55270.6,5920244374.9,1.43,1580.03
2024-08-08 01:00:00+00:00,long,buy,55270.6,,5917284252.71,-0.05,1579.98
2024-08-08 01:44:00+00:00,long,sell - take_profit,55270.6,56928.718,6091844138.17,2.95,1582.93
2024-08-08 02:00:00+00:00,long,buy,56842.0,,6088798216.1,-0.05,1582.88
2024-08-08 14:47:00+00:00,long,sell - take_profit,56842.0,58547.26,6268417763.47,2.95,1585.83
2024-08-08 15:00:00+00:00,long,buy,58880.8,,6265283554.59,-0.05,1585.78
2024-08-08 21:42:00+00:00,long,sell - take_profit,58880.8,60647.224,6450109419.45,2.95,1588.73
2024-08-08 22:00:00+00:00,long,buy,61154.8,,6446884364.74,-0.05,1588.68
2024-08-09 09:00:00+00:00,long,sell - direction_change,61154.8,61063.0,6433983448.6,-0.2,1588.48
2024-08-09 09:00:00+00:00,short,buy,61063.0,,6430766456.87,-0.05,1588.43
2024-08-09 10:00:00+00:00,short,sell - direction_change,61063.0,60723.8,6463273458.43,0.51,1588.94
2024-08-09 10:00:00+00:00,long,buy,60723.8,,6460041821.7,-0.05,1588.89
2024-08-09 13:33:00+00:00,long,sell - stop_loss,60723.8,60116.562000000005,6392211382.57,-1.05,1587.84
2024-08-09 14:00:00+00:00,long,buy,60425.5,,6389015276.88,-0.05,1587.79
2024-08-09 14:33:00+00:00,long,sell - stop_loss,60425.5,59821.245,6321930616.47,-1.05,1586.74
2024-08-09 15:00:00+00:00,short,buy,60322.1,,6318769651.17,-0.05,1586.69
2024-08-09 16:00:00+00:00,short,sell - direction_change,60322.1,59786.4,6371725104.88,0.84,1587.53
2024-08-09 16:00:00+00:00,long,buy,59786.4,,6368539242.33,-0.05,1587.48
2024-08-09 17:00:00+00:00,long,sell - direction_change,59786.4,60406.7,6431430282.35,0.99,1588.46
2024-08-09 17:00:00+00:00,short,buy,60406.7,,6428214567.2,-0.05,1588.41
2024-08-09 19:00:00+00:00,short,sell - direction_change,60406.7,60291.1,6437302102.02,0.14,1588.56
2024-08-09 19:00:00+00:00,long,buy,60291.1,,6434083450.97,-0.05,1588.51
2024-08-10 00:00:00+00:00,long,sell - direction_change,60291.1,60808.6,6486092440.72,0.81,1589.31
2024-08-10 00:00:00+00:00,short,buy,60808.6,,6482849394.49,-0.05,1589.26
2024-08-10 00:23:00+00:00,short,sell - stop_loss,60808.6,61416.686,6414779475.85,-1.05,1588.21
2024-08-10 01:00:00+00:00,long,buy,60511.6,,6411572086.11,-0.05,1588.16
2024-08-10 03:00:00+00:00,long,sell - direction_change,60511.6,60511.5,6408355704.46,-0.05,1588.11
2024-08-10 03:00:00+00:00,short,buy,60511.5,,6405151526.61,-0.05,1588.06
2024-08-10 07:00:00+00:00,short,sell - direction_change,60511.5,60427.6,6410829778.68,0.09,1588.15
2024-08-10 07:00:00+00:00,long,buy,60427.6,,6407624363.79,-0.05,1588.1
2024-08-10 13:00:00+00:00,long,sell - direction_change,60427.6,60688.9,6432128291.88,0.38,1588.48
2024-08-10 13:00:00+00:00,short,buy,60688.9,,6428912227.73,-0.05,1588.43
2024-08-10 14:00:00+00:00,short,sell - direction_change,60688.9,60400.0,6456301601.03,0.43,1588.86
2024-08-10 14:00:00+00:00,long,buy,60400.0,,6453073450.23,-0.05,1588.81
2024-08-10 15:00:00+00:00,long,sell - direction_change,60400.0,60553.9,6466289430.12,0.2,1589.02
2024-08-10 15:00:00+00:00,short,buy,60553.9,,6463056285.41,-0.05,1588.97
2024-08-10 16:00:00+00:00,short,sell - direction_change,60553.9,60480.5,6467658907.2,0.07,1589.04
2024-08-10 16:00:00+00:00,long,buy,60480.5,,6464425077.74,-0.05,1588.99
2024-08-11 04:00:00+00:00,long,sell - direction_change,60480.5,61054.8,6522576605.78,0.9,1589.89
2024-08-11 04:00:00+00:00,short,buy,61054.8,,6519315317.48,-0.05,1589.84
2024-08-11 05:00:00+00:00,short,sell - direction_change,61054.8,60861.0,6536749254.9,0.27,1590.1
2024-08-11 05:00:00+00:00,long,buy,60861.0,,6533480880.27,-0.05,1590.05
2024-08-11 11:00:00+00:00,long,sell - direction_change,60861.0,61003.6,6545522372.91,0.18,1590.24
2024-08-11 11:00:00+00:00,short,buy,61003.6,,6542249611.72,-0.05,1590.19
2024-08-11 20:07:00+00:00,short,sell - take_profit,61003.6,59173.492,6735245975.27,2.95,1593.14
2024-08-11 21:00:00+00:00,short,buy,58479.9,,6731878352.28,-0.05,1593.09
2024-08-11 22:02:00+00:00,short,sell - stop_loss,58479.9,59064.699,6661193629.58,-1.05,1592.04
2024-08-11 23:00:00+00:00,short,buy,58960.9,,6657863032.77,-0.05,1591.99
2024-08-12 04:00:00+00:00,short,sell - direction_change,58960.9,58488.6,6707866202.87,0.75,1592.74
2024-08-12 04:00:00+00:00,long,buy,58488.6,,6704512269.77,-0.05,1592.69
2024-08-12 06:00:00+00:00,long,sell - direction_change,58488.6,58549.4,6708129480.26,0.05,1592.74
2024-08-12 06:00:00+00:00,short,buy,58549.4,,6704775415.52,-0.05,1592.69
2024-08-12 10:00:00+00:00,short,sell - direction_change,58549.4,58267.5,6733704762.38,0.43,1593.12
2024-08-12 10:00:00+00:00,long,buy,58267.5,,6730337910.0,-0.05,1593.07
2024-08-12 13:00:00+00:00,long,sell - direction_change,58267.5,59699.9,6892425798.45,2.41,1595.48
2024-08-12 13:00:00+00:00,short,buy,59699.9,,6888979585.55,-0.05,1595.43
2024-08-12 14:00:00+00:00,short,sell - direction_change,59699.9,58133.7,7066264373.81,2.57,1598.01
2024-08-12 14:00:00+00:00,long,buy,58133.7,,7062731241.62,-0.05,1597.96
2024-08-12 14:34:00+00:00,long,sell - take_profit,58133.7,59877.710999999996,7271081813.25,2.95,1600.91
2024-08-12 15:00:00+00:00,long,buy,60265.2,,7267446272.34,-0.05,1600.86
2024-08-12 15:23:00+00:00,long,sell - stop_loss,60265.2,59662.547999999995,7191138086.48,-1.05,1599.81
2024-08-12 16:00:00+00:00,long,buy,60171.3,,7187542517.44,-0.05,1599.76
2024-08-12 16:56:00+00:00,long,sell - stop_loss,60171.3,59569.587,7112073321.01,-1.05,1598.71
2024-08-12 17:00:00+00:00,long,buy,59581.7,,7108517284.35,-0.05,1598.66
2024-08-12 18:36:00+00:00,long,sell - stop_loss,59581.7,58985.882999999994,7033877852.86,-1.05,1597.61
2024-08-12 19:00:00+00:00,long,buy,58511.4,,7030360913.94,-0.05,1597.56
2024-08-12 20:00:00+00:00,long,sell - direction_change,58511.4,59026.0,7088676824.96,0.83,1598.39
2024-08-12 20:00:00+00:00,short,buy,59026.0,,7085132486.55,-0.05,1598.34
2024-08-12 22:00:00+00:00,short,sell - direction_change,59026.0,58951.2,7090568470.61,0.08,1598.41
2024-08-12 22:00:00+00:00,long,buy,58951.2,,7087023186.37,-0.05,1598.36
2024-08-13 03:00:00+00:00,long,sell - direction_change,58951.2,59450.1,7143456670.46,0.8,1599.16
2024-08-13 03:00:00+00:00,short,buy,59450.1,,7139884942.12,-0.05,1599.11
2024-08-13 04:00:00+00:00,short,sell - direction_change,59450.1,59014.0,7188690080.99,0.68,1599.79
2024-08-13 04:00:00+00:00,long,buy,59014.0,,7185095735.95,-0.05,1599.74
2024-08-13 08:00:00+00:00,long,sell - direction_change,59014.0,59209.1,7205257080.01,0.28,1600.02
2024-08-13 08:00:00+00:00,short,buy,59209.1,,7201654451.47,-0.05,1599.97
2024-08-13 13:00:00+00:00,short,sell - direction_change,59209.1,59095.4,7211883054.37,0.14,1600.11
2024-08-13 13:00:00+00:00,long,buy,59095.4,,7208277112.84,-0.05,1600.06
2024-08-13 16:48:00+00:00,long,sell - take_profit,59095.4,60868.262,7420921287.67,2.95,1603.01
2024-08-13 17:00:00+00:00,long,buy,61121.0,,7417210827.03,-0.05,1602.96
2024-08-13 19:16:00+00:00,long,sell - stop_loss,61121.0,60509.79,7339330113.34,-1.05,1601.91
2024-08-13 20:00:00+00:00,long,buy,60794.5,,7335660448.28,-0.05,1601.86
2024-08-14 13:00:00+00:00,long,sell - direction_change,60794.5,61026.8,7360022685.29,0.33,1602.2
2024-08-14 13:00:00+00:00,short,buy,61026.8,,7356342673.95,-0.05,1602.15
2024-08-14 14:10:00+00:00,short,sell - take_profit,61026.8,59195.996,7573354782.83,2.95,1605.1
2024-08-14 15:00:00+00:00,short,buy,59468.4,,7569568105.44,-0.05,1605.05
2024-08-14 17:00:00+00:00,short,sell - direction_change,59468.4,59090.5,7613885166.85,0.59,1605.63
2024-08-14 17:00:00+00:00,long,buy,59090.5,,7610078224.27,-0.05,1605.58
2024-08-14 18:00:00+00:00,long,sell - direction_change,59090.5,59129.3,7611270114.19,0.02,1605.6
2024-08-14 18:00:00+00:00,short,buy,59129.3,,7607464479.13,-0.05,1605.55
2024-08-15 03:00:00+00:00,short,sell - direction_change,59129.3,58392.8,7698417451.08,1.2,1606.74
2024-08-15 03:00:00+00:00,long,buy,58392.8,,7694568242.36,-0.05,1606.69
2024-08-15 04:00:00+00:00,long,sell - direction_change,58392.8,58420.0,7694305171.63,-0.0,1606.69
2024-08-15 04:00:00+00:00,short,buy,58420.0,,7690458019.05,-0.05,1606.64
2024-08-15 08:00:00+00:00,short,sell - direction_change,58420.0,58031.9,7737702601.01,0.61,1607.25
2024-08-15 08:00:00+00:00,long,buy,58031.9,,7733833749.71,-0.05,1607.2
2024-08-15 10:00:00+00:00,long,sell - direction_change,58031.9,58372.0,7775291505.27,0.54,1607.74
2024-08-15 10:00:00+00:00,short,buy,58372.0,,7771403859.52,-0.05,1607.69
2024-08-15 11:00:00+00:00,short,sell - direction_change,58372.0,58326.0,7773642405.13,0.03,1607.72
2024-08-15 11:00:00+00:00,long,buy,58326.0,,7769755583.93,-0.05,1607.67
2024-08-15 18:17:00+00:00,long,sell - stop_loss,58326.0,57742.74,7688173150.3,-1.05,1606.62
2024-08-15 19:00:00+00:00,short,buy,57831.9,,7684329063.72,-0.05,1606.57
2024-08-15 20:55:00+00:00,short,sell - take_profit,57831.9,56096.943,7911016771.1,2.95,1609.52
2024-08-15 21:00:00+00:00,long,buy,56634.9,,7907061262.72,-0.05,1609.47
2024-08-16 00:00:00+00:00,long,sell - direction_change,56634.9,57511.1,8025438081.01,1.5,1610.97
2024-08-16 00:00:00+00:00,short,buy,57511.1,,8021425361.97,-0.05,1610.92
2024-08-16 02:00:00+00:00,short,sell - direction_change,57511.1,57515.3,8016828849.57,-0.06,1610.86
2024-08-16 02:00:00+00:00,long,buy,57515.3,,8012820435.14,-0.05,1610.81
2024-08-16 03:00:00+00:00,long,sell - direction_change,57515.3,58168.4,8099801519.14,1.09,1611.89
2024-08-16 03:00:00+00:00,short,buy,58168.4,,8095751618.38,-0.05,1611.84
2024-08-16 04:00:00+00:00,short,sell - direction_change,58168.4,57858.1,8134890622.86,0.48,1612.33
2024-08-16 04:00:00+00:00,long,buy,57858.1,,8130823177.55,-0.05,1612.28
2024-08-16 12:00:00+00:00,long,sell - direction_change,57858.1,58369.4,8198610970.45,0.83,1613.11
2024-08-16 12:00:00+00:00,short,buy,58369.4,,8194511664.96,-0.05,1613.06
2024-08-16 13:00:00+00:00,short,sell - direction_change,58369.4,57844.4,8264119443.35,0.85,1613.91
2024-08-16 13:00:00+00:00,long,buy,57844.4,,8259987383.63,-0.05,1613.86
2024-08-16 14:00:00+00:00,long,sell - direction_change,57844.4,58311.9,8322614830.62,0.76,1614.62
2024-08-16 14:00:00+00:00,short,buy,58311.9,,8318453523.2,-0.05,1614.57
2024-08-16 16:00:00+00:00,short,sell - direction_change,58311.9,58035.1,8353781055.32,0.42,1614.99
2024-08-16 16:00:00+00:00,long,buy,58035.1,,8349604164.79,-0.05,1614.94
2024-08-16 19:32:00+00:00,long,sell - take_profit,58035.1,59776.153,8595917487.65,2.95,1617.89
2024-08-16 20:00:00+00:00,long,buy,59649.3,,8591619528.91,-0.05,1617.84
2024-08-16 21:17:00+00:00,long,sell - stop_loss,59649.3,59052.807,8501407523.86,-1.05,1616.79
2024-08-16 22:00:00+00:00,long,buy,58993.4,,8497156820.1,-0.05,1616.74
2024-08-17 10:00:00+00:00,long,sell - direction_change,58993.4,59292.1,8535931711.13,0.46,1617.2
2024-08-17 10:00:00+00:00,short,buy,59292.1,,8531663745.27,-0.05,1617.15
2024-08-17 11:00:00+00:00,short,sell - direction_change,59292.1,59077.0,8558349100.35,0.31,1617.46
2024-08-17 11:00:00+00:00,long,buy,59077.0,,8554069925.8,-0.05,1617.41
2024-08-18 03:00:00+00:00,long,sell - direction_change,59077.0,60103.9,8698483149.42,1.69,1619.1
2024-08-18 03:00:00+00:00,short,buy,60103.9,,8694133907.85,-0.05,1619.05
2024-08-18 04:00:00+00:00,short,sell - direction_change,60103.9,59308.5,8804842837.43,1.27,1620.32
2024-08-18 04:00:00+00:00,long,buy,59308.5,,8800440416.02,-0.05,1620.27
2024-08-18 17:00:00+00:00,long,sell - direction_change,59308.5,59808.0,8870158070.78,0.79,1621.07
2024-08-18 17:00:00+00:00,short,buy,59808.0,,8865722991.74,-0.05,1621.02
2024-08-18 19:00:00+00:00,short,sell - direction_change,59808.0,59564.7,8897356047.92,0.36,1621.37
2024-08-18 19:00:00+00:00,long,buy,59564.7,,8892907369.89,-0.05,1621.32
2024-08-18 21:00:00+00:00,long,sell - direction_change,59564.7,59784.6,8921291608.39,0.32,1621.64
2024-08-18 21:00:00+00:00,short,buy,59784.6,,8916830962.59,-0.05,1621.59
2024-08-19 09:49:00+00:00,short,sell - take_profit,59784.6,57991.062,9179877475.98,2.95,1624.54
2024-08-19 10:00:00+00:00,short,buy,57977.3,,9175287537.24,-0.05,1624.49
2024-08-19 12:00:00+00:00,short,sell - direction_change,57977.3,58360.8,9110008506.15,-0.71,1623.78
2024-08-19 12:00:00+00:00,long,buy,58360.8,,9105453501.89,-0.05,1623.73
2024-08-19 13:00:00+00:00,long,sell - direction_change,58360.8,58382.1,9104224001.69,-0.01,1623.72
2024-08-19 13:00:00+00:00,short,buy,58382.1,,9099671889.68,-0.05,1623.67
2024-08-19 14:00:00+00:00,short,sell - direction_change,58382.1,58176.7,9127136534.31,0.3,1623.97
2024-08-19 14:00:00+00:00,long,buy,58176.7,,9122572966.04,-0.05,1623.92
2024-08-19 15:00:00+00:00,long,sell - direction_change,58176.7,58587.5,9182428412.97,0.66,1624.58
2024-08-19 15:00:00+00:00,short,buy,58587.5,,9177837198.76,-0.05,1624.53
2024-08-19 16:00:00+00:00,short,sell - direction_change,58587.5,58504.5,9186250379.37,0.09,1624.62
2024-08-19 16:00:00+00:00,long,buy,58504.5,,9181657254.18,-0.05,1624.57
2024-08-20 00:29:00+00:00,long,sell - take_profit,58504.5,60259.635,9452516143.18,2.95,1627.52
2024-08-20 01:00:00+00:00,long,buy,60454.6,,9447789885.11,-0.05,1627.47
2024-08-20 14:00:00+00:00,long,sell - direction_change,60454.6,60850.0,9504858742.42,0.6,1628.07
2024-08-20 14:00:00+00:00,short,buy,60850.0,,9500106313.05,-0.05,1628.02
2024-08-20 15:00:00+00:00,short,sell - direction_change,60850.0,59438.8,9715677542.21,2.27,1630.29
2024-08-20 15:00:00+00:00,long,buy,59438.8,,9710819703.44,-0.05,1630.24
2024-08-20 15:05:00+00:00,long,sell - stop_loss,59438.8,58844.412000000004,9608856096.56,-1.05,1629.19
2024-08-20 16:00:00+00:00,long,buy,58783.7,,9604051668.51,-0.05,1629.14
2024-08-20 20:00:00+00:00,long,sell - direction_change,58783.7,59482.5,9713419239.11,1.14,1630.28
2024-08-20 20:00:00+00:00,short,buy,59482.5,,9708562529.49,-0.05,1630.23
2024-08-21 01:00:00+00:00,short,sell - direction_change,59482.5,58959.0,9789152412.21,0.83,1631.06
2024-08-21 01:00:00+00:00,long,buy,58959.0,,9784257836.0,-0.05,1631.01
2024-08-21 03:00:00+00:00,long,sell - direction_change,58959.0,59336.5,9842011907.55,0.59,1631.6
2024-08-21 03:00:00+00:00,short,buy,59336.5,,9837090901.59,-0.05,1631.55
2024-08-21 04:00:00+00:00,short,sell - direction_change,59336.5,59290.3,9839831614.77,0.03,1631.58
2024-08-21 04:00:00+00:00,long,buy,59290.3,,9834911698.96,-0.05,1631.53
2024-08-21 05:00:00+00:00,long,sell - direction_change,59290.3,59330.0,9836579569.8,0.02,1631.54
2024-08-21 05:00:00+00:00,short,buy,59330.0,,9831661280.01,-0.05,1631.49
2024-08-21 06:00:00+00:00,short,sell - direction_change,59330.0,59356.4,9822370666.67,-0.09,1631.4
2024-08-21 06:00:00+00:00,long,buy,59356.4,,9817459481.33,-0.05,1631.35
2024-08-21 08:00:00+00:00,long,sell - direction_change,59356.4,59689.2,9867595372.15,0.51,1631.86
2024-08-21 08:00:00+00:00,short,buy,59689.2,,9862661574.46,-0.05,1631.81
2024-08-21 10:00:00+00:00,short,sell - direction_change,59689.2,59253.7,9929689477.77,0.68,1632.49
2024-08-21 10:00:00+00:00,long,buy,59253.7,,9924724633.03,-0.05,1632.44
2024-08-21 11:00:00+00:00,long,sell - direction_change,59253.7,59438.2,9950665179.64,0.26,1632.7
2024-08-21 11:00:00+00:00,short,buy,59438.2,,9945689847.05,-0.05,1632.65
2024-08-21 12:00:00+00:00,short,sell - direction_change,59438.2,59332.3,9958437063.55,0.13,1632.78
2024-08-21 12:00:00+00:00,long,buy,59332.3,,9953457845.02,-0.05,1632.73
2024-08-21 14:00:00+00:00,long,sell - direction_change,59332.3,59904.0,10044388267.0,0.91,1633.64
2024-08-21 14:00:00+00:00,short,buy,59904.0,,10039366072.87,-0.05,1633.59
2024-08-21 15:00:00+00:00,short,sell - direction_change,59904.0,59381.6,10121895882.96,0.82,1634.42
2024-08-21 15:00:00+00:00,long,buy,59381.6,,10116834935.02,-0.05,1634.37
2024-08-21 19:34:00+00:00,long,sell - take_profit,59381.6,61163.048,10415281565.61,2.95,1637.32
2024-08-21 20:00:00+00:00,long,buy,61538.1,,10410073924.82,-0.05,1637.27
2024-08-21 20:49:00+00:00,long,sell - stop_loss,61538.1,60922.719,10300768148.61,-1.05,1636.22
2024-08-21 21:00:00+00:00,long,buy,61204.4,,10295617764.54,-0.05,1636.17
2024-08-22 02:37:00+00:00,long,sell - stop_loss,61204.4,60592.356,10187513778.01,-1.05,1635.12
2024-08-22 03:00:00+00:00,long,buy,60144.7,,10182420021.12,-0.05,1635.07
2024-08-22 14:00:00+00:00,long,sell - direction_change,60144.7,60777.4,10284444103.85,1.0,1636.07
2024-08-22 14:00:00+00:00,short,buy,60777.4,,10279301881.8,-0.05,1636.02
2024-08-23 00:00:00+00:00,short,sell - direction_change,60777.4,60349.9,10346465448.08,0.65,1636.67
2024-08-23 00:00:00+00:00,long,buy,60349.9,,10341292215.36,-0.05,1636.62
2024-08-23 02:00:00+00:00,long,sell - direction_change,60349.9,60727.8,10400876843.55,0.58,1637.2
2024-08-23 02:00:00+00:00,short,buy,60727.8,,10395676405.13,-0.05,1637.15
2024-08-23 04:00:00+00:00,short,sell - direction_change,60727.8,60565.0,10418347452.65,0.22,1637.37
2024-08-23 04:00:00+00:00,long,buy,60565.0,,10413138278.93,-0.05,1637.32
2024-08-23 11:00:00+00:00,long,sell - direction_change,60565.0,61020.1,10486178539.32,0.7,1638.02
2024-08-23 11:00:00+00:00,short,buy,61020.1,,10480935450.05,-0.05,1637.97
2024-08-23 12:00:00+00:00,short,sell - direction_change,61020.1,60710.1,10528941207.58,0.46,1638.42
2024-08-23 12:00:00+00:00,long,buy,60710.1,,10523676736.97,-0.05,1638.37
2024-08-23 17:46:00+00:00,long,sell - take_profit,60710.1,62531.403,10834125200.71,2.95,1641.32
2024-08-23 18:00:00+00:00,long,buy,62966.0,,10828708138.11,-0.05,1641.27
2024-08-23 21:20:00+00:00,long,sell - take_profit,62966.0,64854.98,11148155028.19,2.95,1644.22
2024-08-23 22:00:00+00:00,long,buy,64350.1,,11142580950.67,-0.05,1644.17
2024-08-24 01:19:00+00:00,long,sell - stop_loss,64350.1,63706.598999999995,11025583850.69,-1.05,1643.12
2024-08-24 02:00:00+00:00,long,buy,63808.1,,11020071058.77,-0.05,1643.07
2024-08-24 15:00:00+00:00,long,sell - direction_change,63808.1,64151.2,11073816609.6,0.49,1643.56
2024-08-24 15:00:00+00:00,short,buy,64151.2,,11068279701.3,-0.05,1643.51
2024-08-24 16:00:00+00:00,short,sell - direction_change,64151.2,63943.4,11098598180.29,0.27,1643.79
2024-08-24 16:00:00+00:00,long,buy,63943.4,,11093048881.2,-0.05,1643.74
2024-08-24 17:00:00+00:00,long,sell - direction_change,63943.4,64258.3,11142131936.87,0.44,1644.18
2024-08-24 17:00:00+00:00,short,buy,64258.3,,11136560870.9,-0.05,1644.13
2024-08-24 18:00:00+00:00,short,sell - direction_change,64258.3,64018.3,11172586822.01,0.32,1644.45
2024-08-24 18:00:00+00:00,long,buy,64018.3,,11167000528.6,-0.05,1644.4
2024-08-24 21:00:00+00:00,long,sell - direction_change,64018.3,64097.4,11175214797.75,0.07,1644.48
2024-08-24 21:00:00+00:00,short,buy,64097.4,,11169627190.35,-0.05,1644.43
2024-08-24 23:00:00+00:00,short,sell - direction_change,64097.4,63794.5,11216825798.17,0.42,1644.85
2024-08-24 23:00:00+00:00,long,buy,63794.5,,11211217385.27,-0.05,1644.8
2024-08-25 06:00:00+00:00,long,sell - direction_change,63794.5,64110.4,11261127903.71,0.45,1645.24
2024-08-25 06:00:00+00:00,short,buy,64110.4,,11255497339.76,-0.05,1645.19
2024-08-25 14:00:00+00:00,short,sell - direction_change,64110.4,64048.0,11260824803.25,0.05,1645.24
2024-08-25 14:00:00+00:00,long,buy,64048.0,,11255194390.85,-0.05,1645.19
2024-08-25 15:00:00+00:00,long,sell - direction_change,64048.0,64122.3,11262623578.31,0.07,1645.26
2024-08-25 15:00:00+00:00,short,buy,64122.3,,11256992266.52,-0.05,1645.21
2024-08-25 16:00:00+00:00,short,sell - direction_change,64122.3,64099.9,11255296203.04,-0.02,1645.19
2024-08-25 16:00:00+00:00,long,buy,64099.9,,11249668554.94,-0.05,1645.14
2024-08-26 00:00:00+00:00,long,sell - direction_change,64099.9,64190.1,11259874012.19,0.09,1645.23
2024-08-26 00:00:00+00:00,short,buy,64190.1,,11254244075.18,-0.05,1645.18
2024-08-26 02:00:00+00:00,short,sell - direction_change,64190.1,63893.3,11300653943.92,0.41,1645.59
2024-08-26 02:00:00+00:00,long,buy,63893.3,,11295003616.95,-0.05,1645.54
2024-08-26 04:00:00+00:00,long,sell - direction_change,63893.3,64089.5,11324040185.45,0.26,1645.8
2024-08-26 04:00:00+00:00,short,buy,64089.5,,11318378165.36,-0.05,1645.75
2024-08-27 12:44:00+00:00,short,sell - take_profit,64089.5,62166.814999999995,11652270321.24,2.95,1648.7
2024-08-27 13:00:00+00:00,short,buy,62400.0,,11646444186.08,-0.05,1648.65
2024-08-27 21:47:00+00:00,short,sell - take_profit,62400.0,60528.0,11990014289.56,2.95,1651.6
2024-08-27 22:00:00+00:00,short,buy,60379.6,,11984019282.42,-0.05,1651.55
2024-08-27 22:14:00+00:00,short,sell - take_profit,60379.6,58568.212,12337547851.25,2.95,1654.5
2024-08-27 23:00:00+00:00,short,buy,59467.7,,12331379077.33,-0.05,1654.45
2024-08-28 01:00:00+00:00,short,sell - direction_change,59467.7,59050.1,12411808024.92,0.65,1655.1
2024-08-28 01:00:00+00:00,long,buy,59050.1,,12405602120.91,-0.05,1655.05
2024-08-28 02:00:00+00:00,long,sell - direction_change,59050.1,59343.0,12460933523.2,0.45,1655.5
2024-08-28 02:00:00+00:00,short,buy,59343.0,,12454703056.44,-0.05,1655.45
2024-08-28 09:00:00+00:00,short,sell - direction_change,59343.0,59197.1,12479096690.97,0.2,1655.65
2024-08-28 09:00:00+00:00,long,buy,59197.1,,12472857142.62,-0.05,1655.6
2024-08-28 13:00:00+00:00,long,sell - direction_change,59197.1,59917.1,12618325056.71,1.17,1656.76
2024-08-28 13:00:00+00:00,short,buy,59917.1,,12612015894.18,-0.05,1656.71
2024-08-28 16:20:00+00:00,short,sell - take_profit,59917.1,58119.587,12984070363.06,2.95,1659.66
2024-08-28 17:00:00+00:00,short,buy,59158.3,,12977578327.88,-0.05,1659.61
2024-08-28 18:00:00+00:00,short,sell - direction_change,59158.3,58620.1,13089154673.38,0.86,1660.47
2024-08-28 18:00:00+00:00,long,buy,58620.1,,13082610096.04,-0.05,1660.42
2024-08-28 19:00:00+00:00,long,sell - direction_change,58620.1,59457.9,13263045796.13,1.38,1661.8
2024-08-28 19:00:00+00:00,short,buy,59457.9,,13256414273.23,-0.05,1661.75
2024-08-28 22:00:00+00:00,short,sell - direction_change,59457.9,59086.6,13332569121.32,0.57,1662.33
2024-08-28 22:00:00+00:00,long,buy,59086.6,,13325902836.76,-0.05,1662.28
2024-08-28 23:00:00+00:00,long,sell - direction_change,59086.6,59167.2,13337417742.4,0.09,1662.36
2024-08-28 23:00:00+00:00,short,buy,59167.2,,13330749033.53,-0.05,1662.31
2024-08-29 00:00:00+00:00,short,sell - direction_change,59167.2,59010.0,13359501825.63,0.22,1662.53
2024-08-29 00:00:00+00:00,long,buy,59010.0,,13352822074.72,-0.05,1662.48
2024-08-29 14:07:00+00:00,long,sell - take_profit,59010.0,60780.3,13746730325.92,2.95,1665.43
2024-08-29 15:00:00+00:00,long,buy,60780.8,,13739856960.76,-0.05,1665.38
2024-08-29 17:12:00+00:00,long,sell - stop_loss,60780.8,60172.992000000006,13595588462.67,-1.05,1664.33
2024-08-29 18:00:00+00:00,long,buy,60501.1,,13588790668.44,-0.05,1664.28
2024-08-29 18:15:00+00:00,long,sell - stop_loss,60501.1,59896.089,13446108366.42,-1.05,1663.23
2024-08-29 19:00:00+00:00,long,buy,59130.0,,13439385312.24,-0.05,1663.18
2024-08-29 22:00:00+00:00,long,sell - direction_change,59130.0,59470.1,13509965381.88,0.53,1663.7
2024-08-29 22:00:00+00:00,short,buy,59470.1,,13503210399.19,-0.05,1663.65
2024-08-29 23:00:00+00:00,short,sell - direction_change,59470.1,59182.5,13561760909.02,0.43,1664.09
2024-08-29 23:00:00+00:00,long,buy,59182.5,,13554980028.56,-0.05,1664.04
2024-08-30 00:00:00+00:00,long,sell - direction_change,59182.5,59323.3,13580450942.86,0.19,1664.22
2024-08-30 00:00:00+00:00,short,buy,59323.3,,13573660717.38,-0.05,1664.17
2024-08-30 01:00:00+00:00,short,sell - direction_change,59323.3,59180.0,13599662109.88,0.19,1664.37
2024-08-30 01:00:00+00:00,long,buy,59180.0,,13592862278.82,-0.05,1664.32
2024-08-30 02:00:00+00:00,long,sell - direction_change,59180.0,59190.0,13588362715.26,-0.03,1664.28
2024-08-30 02:00:00+00:00,short,buy,59190.0,,13581568533.9,-0.05,1664.23
2024-08-30 08:00:00+00:00,short,sell - direction_change,59190.0,59236.0,13564222720.87,-0.13,1664.11
2024-08-30 08:00:00+00:00,long,buy,59236.0,,13557440609.51,-0.05,1664.06
2024-08-30 14:00:00+00:00,long,sell - direction_change,59236.0,59630.0,13640837316.31,0.62,1664.67
2024-08-30 14:00:00+00:00,short,buy,59630.0,,13634016897.65,-0.05,1664.62
2024-08-30 16:00:00+00:00,short,sell - direction_change,59630.0,58073.7,13983037898.56,2.56,1667.18
2024-08-30 16:00:00+00:00,long,buy,58073.7,,13976046379.61,-0.05,1667.13
2024-08-30 17:00:00+00:00,long,sell - direction_change,58073.7,58517.3,14075815359.57,0.71,1667.84
2024-08-30 17:00:00+00:00,short,buy,58517.3,,14068777451.89,-0.05,1667.79
2024-08-30 18:00:00+00:00,short,sell - direction_change,58517.3,58602.6,14041235166.92,-0.2,1667.6
2024-08-30 18:00:00+00:00,long,buy,58602.6,,14034214549.34,-0.05,1667.55
2024-08-30 19:00:00+00:00,long,sell - direction_change,58602.6,59339.9,14203766850.03,1.21,1668.76
2024-08-30 19:00:00+00:00,short,buy,59339.9,,14196664966.61,-0.05,1668.71
2024-08-30 21:00:00+00:00,short,sell - direction_change,59339.9,59018.0,14266579006.11,0.49,1669.2
2024-08-30 21:00:00+00:00,long,buy,59018.0,,14259445716.61,-0.05,1669.15
2024-08-30 23:00:00+00:00,long,sell - direction_change,59018.0,59200.0,14296289342.91,0.26,1669.41
2024-08-30 23:00:00+00:00,short,buy,59200.0,,14289141198.24,-0.05,1669.36
2024-08-31 00:00:00+00:00,short,sell - direction_change,59200.0,59096.4,14307002624.73,0.12,1669.48
2024-08-31 00:00:00+00:00,long,buy,59096.4,,14299849123.42,-0.05,1669.43
2024-08-31 07:00:00+00:00,long,sell - direction_change,59096.4,59128.0,14300345607.65,0.0,1669.44
2024-08-31 07:00:00+00:00,short,buy,59128.0,,14293195434.84,-0.05,1669.39
2024-08-31 10:00:00+00:00,short,sell - direction_change,59128.0,58880.9,14345781089.05,0.37,1669.75
2024-08-31 10:00:00+00:00,long,buy,58880.9,,14338608198.51,-0.05,1669.7
2024-08-31 11:00:00+00:00,long,sell - direction_change,58880.9,59104.0,14385767946.6,0.33,1670.03
2024-08-31 11:00:00+00:00,short,buy,59104.0,,14378575062.63,-0.05,1669.98
2024-08-31 12:00:00+00:00,short,sell - direction_change,59104.0,59093.1,14374037481.72,-0.03,1669.95
2024-08-31 12:00:00+00:00,long,buy,59093.1,,14366850462.98,-0.05,1669.9
2024-08-31 13:00:00+00:00,long,sell - direction_change,59093.1,59153.7,14374400249.2,0.05,1669.95
2024-08-31 13:00:00+00:00,short,buy,59153.7,,14367213049.08,-0.05,1669.9
2024-08-31 14:00:00+00:00,short,sell - direction_change,59153.7,58926.0,14415333073.8,0.33,1670.24
2024-08-31 14:00:00+00:00,long,buy,58926.0,,14408125407.26,-0.05,1670.19
2024-08-31 15:00:00+00:00,long,sell - direction_change,58926.0,59098.5,14443099697.62,0.24,1670.43
2024-08-31 15:00:00+00:00,short,buy,59098.5,,14435878147.77,-0.05,1670.38
2024-09-01 14:14:00+00:00,short,sell - take_profit,59098.5,57325.545,14861736553.13,2.95,1673.33
2024-09-01 15:00:00+00:00,long,buy,57847.2,,14854305684.85,-0.05,1673.28
2024-09-01 16:00:00+00:00,long,sell - direction_change,57847.2,58184.1,14933389470.92,0.53,1673.81
2024-09-01 16:00:00+00:00,short,buy,58184.1,,14925922776.18,-0.05,1673.76
2024-09-01 18:00:00+00:00,short,sell - direction_change,58184.1,58090.1,14942573563.07,0.11,1673.88
2024-09-01 18:00:00+00:00,long,buy,58090.1,,14935102276.29,-0.05,1673.83
2024-09-01 22:00:00+00:00,long,sell - direction_change,58090.1,58312.8,14984891422.54,0.33,1674.16
2024-09-01 22:00:00+00:00,short,buy,58312.8,,14977398976.83,-0.05,1674.11
2024-09-02 08:00:00+00:00,short,sell - direction_change,58312.8,57523.3,15172690052.83,1.3,1675.41
2024-09-02 08:00:00+00:00,long,buy,57523.3,,15165103707.8,-0.05,1675.36
2024-09-02 20:55:00+00:00,long,sell - take_profit,57523.3,59248.999,15612474267.18,2.95,1678.31
2024-09-02 21:00:00+00:00,long,buy,58962.1,,15604668030.05,-0.05,1678.26
2024-09-03 06:00:00+00:00,long,sell - direction_change,58962.1,59166.6,15650987828.93,0.3,1678.56
2024-09-03 06:00:00+00:00,short,buy,59166.6,,15643162335.02,-0.05,1678.51
2024-09-03 07:00:00+00:00,short,sell - direction_change,59166.6,58870.1,15713732914.84,0.45,1678.96
2024-09-03 07:00:00+00:00,long,buy,58870.1,,15705876048.38,-0.05,1678.91
2024-09-03 08:00:00+00:00,long,sell - direction_change,58870.1,59078.0,15753488476.15,0.3,1679.21
2024-09-03 08:00:00+00:00,short,buy,59078.0,,15745611731.91,-0.05,1679.16
2024-09-03 10:00:00+00:00,short,sell - direction_change,59078.0,58840.1,15801144610.58,0.35,1679.52
2024-09-03 10:00:00+00:00,long,buy,58840.1,,15793244038.27,-0.05,1679.47
2024-09-03 13:00:00+00:00,long,sell - direction_change,58840.1,59105.0,15856449102.79,0.4,1679.87
2024-09-03 13:00:00+00:00,short,buy,59105.0,,15848520878.23,-0.05,1679.82
2024-09-03 23:54:00+00:00,short,sell - take_profit,59105.0,57331.85,16316052244.14,2.95,1682.77
2024-09-04 00:00:00+00:00,short,buy,57452.0,,16307894218.02,-0.05,1682.72
2024-09-04 01:04:00+00:00,short,sell - take_profit,57452.0,55728.439999999995,16788977097.45,2.95,1685.67
2024-09-04 02:00:00+00:00,short,buy,56750.9,,16780582608.9,-0.05,1685.62
2024-09-04 03:00:00+00:00,short,sell - direction_change,56750.9,56616.0,16812080682.26,0.19,1685.8
2024-09-04 03:00:00+00:00,long,buy,56616.0,,16803674641.92,-0.05,1685.75
2024-09-04 04:00:00+00:00,long,sell - direction_change,56616.0,56632.9,16800288738.28,-0.02,1685.73
2024-09-04 04:00:00+00:00,short,buy,56632.9,,16791888593.91,-0.05,1685.68
2024-09-04 08:00:00+00:00,short,sell - direction_change,56632.9,56717.1,16758527002.09,-0.2,1685.49
2024-09-04 08:00:00+00:00,long,buy,56717.1,,16750147738.59,-0.05,1685.44
2024-09-04 09:00:00+00:00,long,sell - direction_change,56717.1,56749.7,16751400357.54,0.01,1685.44
2024-09-04 09:00:00+00:00,short,buy,56749.7,,16743024657.36,-0.05,1685.39
2024-09-04 12:00:00+00:00,short,sell - direction_change,56749.7,56536.1,16797672157.76,0.33,1685.72
2024-09-04 12:00:00+00:00,long,buy,56536.1,,16789273321.68,-0.05,1685.67
2024-09-04 13:00:00+00:00,long,sell - direction_change,56536.1,56575.0,16792430644.43,0.02,1685.69
2024-09-04 13:00:00+00:00,short,buy,56575.0,,16784034429.11,-0.05,1685.64
2024-09-04 14:00:00+00:00,short,sell - direction_change,56575.0,56466.4,16807860637.95,0.14,1685.78
2024-09-04 14:00:00+00:00,long,buy,56466.4,,16799456707.63,-0.05,1685.73
2024-09-04 16:01:00+00:00,long,sell - take_profit,56466.4,58160.392,17295040680.5,2.95,1688.68
2024-09-04 17:00:00+00:00,long,buy,58374.6,,17286393160.16,-0.05,1688.63
2024-09-04 18:05:00+00:00,long,sell - stop_loss,58374.6,57790.854,17104886031.98,-1.05,1687.58
2024-09-04 19:00:00+00:00,long,buy,57660.2,,17096333588.96,-0.05,1687.53
2024-09-05 03:00:00+00:00,long,sell - direction_change,57660.2,57673.3,17091669591.32,-0.03,1687.5
2024-09-05 03:00:00+00:00,short,buy,57673.3,,17083123756.52,-0.05,1687.45
2024-09-05 04:00:00+00:00,short,sell - direction_change,57673.3,57104.1,17243182119.43,0.94,1688.39
2024-09-05 04:00:00+00:00,long,buy,57104.1,,17234560528.37,-0.05,1688.34
2024-09-05 05:00:00+00:00,long,sell - direction_change,57104.1,57179.4,17248669504.33,0.08,1688.42
2024-09-05 05:00:00+00:00,short,buy,57179.4,,17240045169.58,-0.05,1688.37
2024-09-05 16:00:00+00:00,short,sell - direction_change,57179.4,55947.0,17603003576.76,2.11,1690.48
2024-09-05 16:00:00+00:00,long,buy,55947.0,,17594202074.97,-0.05,1690.43
2024-09-05 18:00:00+00:00,long,sell - direction_change,55947.0,56576.9,17783495807.88,1.08,1691.5
2024-09-05 18:00:00+00:00,short,buy,56576.9,,17774604059.98,-0.05,1691.45
2024-09-05 20:00:00+00:00,short,sell - direction_change,56576.9,56025.2,17939042780.76,0.93,1692.38
2024-09-05 20:00:00+00:00,long,buy,56025.2,,17930073259.37,-0.05,1692.33
2024-09-05 22:00:00+00:00,long,sell - direction_change,56025.2,56120.4,17951575636.94,0.12,1692.45
2024-09-05 22:00:00+00:00,short,buy,56120.4,,17942599849.12,-0.05,1692.4
2024-09-06 00:00:00+00:00,short,sell - direction_change,56120.4,56145.7,17925539729.87,-0.1,1692.3
2024-09-06 00:00:00+00:00,long,buy,56145.7,,17916576960.01,-0.05,1692.25
2024-09-06 03:00:00+00:00,long,sell - direction_change,56145.7,56707.3,18086830073.66,0.95,1693.2
2024-09-06 03:00:00+00:00,short,buy,56707.3,,18077786658.62,-0.05,1693.15
2024-09-06 04:00:00+00:00,short,sell - direction_change,56707.3,56553.7,18117714089.39,0.22,1693.37
2024-09-06 04:00:00+00:00,long,buy,56553.7,,18108655232.35,-0.05,1693.32
2024-09-06 07:00:00+00:00,long,sell - direction_change,56553.7,56400.1,18050417748.84,-0.32,1693.0
2024-09-06 07:00:00+00:00,short,buy,56400.1,,18041392539.96,-0.05,1692.95
2024-09-06 10:00:00+00:00,short,sell - direction_change,56400.1,55863.5,18204020674.76,0.9,1693.85
2024-09-06 10:00:00+00:00,long,buy,55863.5,,18194918664.42,-0.05,1693.8
2024-09-06 11:00:00+00:00,long,sell - direction_change,55863.5,56150.7,18279363153.59,0.46,1694.27
2024-09-06 11:00:00+00:00,short,buy,56150.7,,18270223472.02,-0.05,1694.22
2024-09-06 12:00:00+00:00,short,sell - direction_change,56150.7,55972.1,18319200937.9,0.27,1694.49
2024-09-06 12:00:00+00:00,long,buy,55972.1,,18310041337.43,-0.05,1694.44
2024-09-06 13:00:00+00:00,long,sell - direction_change,55972.1,56831.3,18581954697.57,1.49,1695.92
2024-09-06 13:00:00+00:00,short,buy,56831.3,,18572663720.22,-0.05,1695.87
2024-09-06 14:13:00+00:00,short,sell - take_profit,56831.3,55126.361000000004,19120557299.96,2.95,1698.82
2024-09-06 15:00:00+00:00,short,buy,54709.2,,19110997021.31,-0.05,1698.77
2024-09-06 16:00:00+00:00,short,sell - direction_change,54709.2,54022.1,19341459034.54,1.21,1699.98
2024-09-06 16:00:00+00:00,long,buy,54022.1,,19331788305.03,-0.05,1699.93
2024-09-06 17:00:00+00:00,long,sell - direction_change,54022.1,54050.1,19332142200.41,0.0,1699.93
2024-09-06 17:00:00+00:00,short,buy,54050.1,,19322476129.31,-0.05,1699.88
2024-09-06 19:00:00+00:00,short,sell - direction_change,54050.1,53333.1,19569136625.8,1.28,1701.16
2024-09-06 19:00:00+00:00,long,buy,53333.1,,19559352057.49,-0.05,1701.11
2024-09-06 20:00:00+00:00,long,sell - direction_change,53333.1,53515.3,19616392310.26,0.29,1701.4
2024-09-06 20:00:00+00:00,short,buy,53515.3,,19606584114.11,-0.05,1701.35
2024-09-06 21:00:00+00:00,short,sell - direction_change,53515.3,52869.0,19833567971.02,1.16,1702.5
2024-09-06 21:00:00+00:00,long,buy,52869.0,,19823651187.03,-0.05,1702.45
2024-09-06 22:00:00+00:00,long,sell - direction_change,52869.0,53740.0,20140327724.82,1.6,1704.05
2024-09-06 22:00:00+00:00,short,buy,53740.0,,20130257560.96,-0.05,1704.0
2024-09-06 23:00:00+00:00,short,sell - direction_change,53740.0,53611.9,20168176912.89,0.19,1704.19
2024-09-06 23:00:00+00:00,long,buy,53611.9,,20158092824.44,-0.05,1704.14
2024-09-07 00:00:00+00:00,long,sell - direction_change,53611.9,53927.7,20266754686.55,0.54,1704.68
2024-09-07 00:00:00+00:00,short,buy,53927.7,,20256621309.21,-0.05,1704.63
2024-09-07 03:00:00+00:00,short,sell - direction_change,53927.7,53778.1,20302686579.0,0.23,1704.86
2024-09-07 03:00:00+00:00,long,buy,53778.1,,20292535235.71,-0.05,1704.81
2024-09-07 07:00:00+00:00,long,sell - direction_change,53778.1,54281.6,20472378787.2,0.89,1705.69
2024-09-07 07:00:00+00:00,short,buy,54281.6,,20462142597.81,-0.05,1705.64
2024-09-07 08:00:00+00:00,short,sell - direction_change,54281.6,54258.0,20460807848.01,-0.01,1705.64
2024-09-07 08:00:00+00:00,long,buy,54258.0,,20450577444.09,-0.05,1705.59
2024-09-07 17:00:00+00:00,long,sell - direction_change,54258.0,54439.6,20508799662.9,0.28,1705.87
2024-09-07 17:00:00+00:00,short,buy,54439.6,,20498545263.07,-0.05,1705.82
2024-09-07 18:00:00+00:00,short,sell - direction_change,54439.6,54110.3,20612289755.18,0.55,1706.38
2024-09-07 18:00:00+00:00,long,buy,54110.3,,20601983610.3,-0.05,1706.33
2024-09-07 20:00:00+00:00,long,sell - direction_change,54110.3,54375.1,20692502707.46,0.44,1706.77
2024-09-07 20:00:00+00:00,short,buy,54375.1,,20682156456.11,-0.05,1706.72
2024-09-07 22:00:00+00:00,short,sell - direction_change,54375.1,53906.1,20850204592.39,0.81,1707.53
2024-09-07 22:00:00+00:00,long,buy,53906.1,,20839779490.1,-0.05,1707.48
2024-09-07 23:00:00+00:00,long,sell - direction_change,53906.1,53930.9,20838947133.7,-0.0,1707.47
2024-09-07 23:00:00+00:00,short,buy,53930.9,,20828527660.13,-0.05,1707.42
2024-09-08 01:00:00+00:00,short,sell - direction_change,53930.9,54114.4,20747244287.39,-0.39,1707.03
2024-09-08 01:00:00+00:00,long,buy,54114.4,,20736870665.25,-0.05,1706.98
2024-09-08 05:00:00+00:00,long,sell - direction_change,54114.4,54464.6,20860700375.09,0.6,1707.58
2024-09-08 05:00:00+00:00,short,buy,54464.6,,20850270024.9,-0.05,1707.53
2024-09-08 07:00:00+00:00,short,sell - direction_change,54464.6,54268.1,20915069495.59,0.31,1707.84
2024-09-08 07:00:00+00:00,long,buy,54268.1,,20904611960.84,-0.05,1707.79
2024-09-08 12:00:00+00:00,long,sell - direction_change,54268.1,54528.7,20994545367.22,0.43,1708.22
2024-09-08 12:00:00+00:00,short,buy,54528.7,,20984048094.54,-0.05,1708.17
2024-09-08 17:00:00+00:00,short,sell - direction_change,54528.7,53883.7,21221768681.85,1.13,1709.3
2024-09-08 17:00:00+00:00,long,buy,53883.7,,21211157797.51,-0.05,1709.25
2024-09-09 09:09:00+00:00,long,sell - take_profit,53883.7,55500.210999999996,21836886952.54,2.95,1712.2
2024-09-09 10:00:00+00:00,long,buy,55127.7,,21825968509.06,-0.05,1712.15
2024-09-09 19:13:00+00:00,long,sell - take_profit,55127.7,56781.530999999995,22469834580.08,2.95,1715.1
2024-09-09 20:00:00+00:00,long,buy,57060.1,,22458599662.79,-0.05,1715.05
2024-09-10 04:00:00+00:00,long,sell - stop_loss,57060.1,56489.498999999996,22222784366.33,-1.05,1714.0
2024-09-10 05:00:00+00:00,long,buy,56584.0,,22211672974.15,-0.05,1713.95
2024-09-10 15:00:00+00:00,long,sell - direction_change,56584.0,56911.7,22329203593.79,0.53,1714.48
2024-09-10 15:00:00+00:00,short,buy,56911.7,,22318038991.99,-0.05,1714.43
2024-09-10 16:00:00+00:00,short,sell - direction_change,56911.7,56553.9,22447191970.76,0.58,1715.01
2024-09-10 16:00:00+00:00,long,buy,56553.9,,22435968374.77,-0.05,1714.96
2024-09-11 04:00:00+00:00,long,sell - direction_change,56553.9,56793.6,22519843772.64,0.37,1715.34
2024-09-11 04:00:00+00:00,short,buy,56793.6,,22508583850.75,-0.05,1715.29
2024-09-11 11:00:00+00:00,short,sell - direction_change,56793.6,56485.0,22619634694.9,0.49,1715.78
2024-09-11 11:00:00+00:00,long,buy,56485.0,,22608324877.56,-0.05,1715.73
2024-09-11 12:00:00+00:00,long,sell - direction_change,56485.0,56768.9,22710652713.57,0.45,1716.18
2024-09-11 12:00:00+00:00,short,buy,56768.9,,22699297387.22,-0.05,1716.13
2024-09-11 15:00:00+00:00,short,sell - direction_change,56768.9,55942.1,23018547399.25,1.41,1717.54
2024-09-11 15:00:00+00:00,long,buy,55942.1,,23007038125.55,-0.05,1717.49
2024-09-11 17:14:00+00:00,long,sell - take_profit,55942.1,57620.363,23685745750.25,2.95,1720.44
2024-09-11 18:00:00+00:00,long,buy,57661.0,,23673902877.38,-0.05,1720.39
2024-09-12 12:00:00+00:00,long,sell - direction_change,57661.0,58031.7,23814264392.78,0.59,1720.98
2024-09-12 12:00:00+00:00,short,buy,58031.7,,23802357260.58,-0.05,1720.93
2024-09-12 14:00:00+00:00,short,sell - direction_change,58031.7,57595.7,23969286406.86,0.7,1721.63
2024-09-12 14:00:00+00:00,long,buy,57595.7,,23957301763.65,-0.05,1721.58
2024-09-12 21:00:00+00:00,long,sell - direction_change,57595.7,58177.3,24187243372.54,0.96,1722.54
2024-09-12 21:00:00+00:00,short,buy,58177.3,,24175149750.86,-0.05,1722.49
2024-09-12 22:00:00+00:00,short,sell - direction_change,58177.3,57897.7,24279247902.55,0.43,1722.92
2024-09-12 22:00:00+00:00,long,buy,57897.7,,24267108278.6,-0.05,1722.87
2024-09-13 02:00:00+00:00,long,sell - direction_change,57897.7,58106.0,24342281105.45,0.31,1723.18
2024-09-13 02:00:00+00:00,short,buy,58106.0,,24330109964.89,-0.05,1723.13
2024-09-13 07:00:00+00:00,short,sell - direction_change,58106.0,57734.1,24473666658.03,0.59,1723.72
2024-09-13 07:00:00+00:00,long,buy,57734.1,,24461429824.7,-0.05,1723.67
2024-09-13 08:00:00+00:00,long,sell - direction_change,57734.1,58079.7,24595626786.8,0.55,1724.22
2024-09-13 08:00:00+00:00,short,buy,58079.7,,24583328973.4,-0.05,1724.17
2024-09-13 10:00:00+00:00,short,sell - direction_change,58079.7,58024.8,24594274769.87,0.04,1724.22
2024-09-13 10:00:00+00:00,long,buy,58024.8,,24581977632.48,-0.05,1724.17
2024-09-13 11:00:00+00:00,long,sell - direction_change,58024.8,58315.4,24692798187.35,0.45,1724.62
2024-09-13 11:00:00+00:00,short,buy,58315.4,,24680451788.26,-0.05,1724.57
2024-09-13 13:00:00+00:00,short,sell - direction_change,58315.4,57870.2,24856530695.83,0.71,1725.28
2024-09-13 13:00:00+00:00,long,buy,57870.2,,24844102430.49,-0.05,1725.23
2024-09-13 15:49:00+00:00,long,sell - take_profit,57870.2,59606.306,25577003452.19,2.95,1728.18
2024-09-13 16:00:00+00:00,long,buy,59623.6,,25564214950.46,-0.05,1728.13
2024-09-14 08:00:00+00:00,long,sell - direction_change,59623.6,60110.3,25760110336.73,0.77,1728.9
2024-09-14 08:00:00+00:00,short,buy,60110.3,,25747230281.57,-0.05,1728.85
2024-09-14 09:00:00+00:00,short,sell - direction_change,60110.3,59954.1,25801262294.41,0.21,1729.06
2024-09-14 09:00:00+00:00,long,buy,59954.1,,25788361663.27,-0.05,1729.01
2024-09-14 11:00:00+00:00,long,sell - direction_change,59954.1,59822.6,25718904719.27,-0.27,1728.74
2024-09-14 11:00:00+00:00,short,buy,59822.6,,25706045266.91,-0.05,1728.69
2024-09-14 12:00:00+00:00,short,sell - direction_change,59822.6,59680.1,25754425147.07,0.19,1728.88
2024-09-14 12:00:00+00:00,long,buy,59680.1,,25741547934.5,-0.05,1728.83
2024-09-14 13:00:00+00:00,long,sell - direction_change,59680.1,59763.4,25764606573.23,0.09,1728.92
2024-09-14 13:00:00+00:00,short,buy,59763.4,,25751724269.95,-0.05,1728.87
2024-09-14 14:00:00+00:00,short,sell - direction_change,59763.4,59738.0,25749793129.77,-0.01,1728.86
2024-09-14 14:00:00+00:00,long,buy,59738.0,,25736918233.21,-0.05,1728.81
2024-09-14 15:00:00+00:00,long,sell - direction_change,59738.0,59884.0,25786950943.57,0.19,1729.0
2024-09-14 15:00:00+00:00,short,buy,59884.0,,25774057468.09,-0.05,1728.95
2024-09-14 16:00:00+00:00,short,sell - direction_change,59884.0,59840.1,25780064987.53,0.02,1728.98
2024-09-14 16:00:00+00:00,long,buy,59840.1,,25767174955.04,-0.05,1728.93
2024-09-14 17:00:00+00:00,long,sell - direction_change,59840.1,59945.5,25799676656.7,0.13,1729.05
2024-09-14 17:00:00+00:00,short,buy,59945.5,,25786776818.37,-0.05,1729.0
2024-09-14 19:00:00+00:00,short,sell - direction_change,59945.5,59745.5,25859917500.3,0.28,1729.29
2024-09-14 19:00:00+00:00,long,buy,59745.5,,25846987541.55,-0.05,1729.24
2024-09-15 10:00:00+00:00,long,sell - direction_change,59745.5,59986.0,25938108712.29,0.35,1729.59
2024-09-15 10:00:00+00:00,short,buy,59986.0,,25925139657.94,-0.05,1729.54
2024-09-15 12:00:00+00:00,short,sell - direction_change,59986.0,59977.0,25916066766.65,-0.03,1729.5
2024-09-15 12:00:00+00:00,long,buy,59977.0,,25903108733.27,-0.05,1729.45
2024-09-15 16:00:00+00:00,long,sell - direction_change,59977.0,60304.6,26031642388.58,0.5,1729.95
2024-09-15 16:00:00+00:00,short,buy,60304.6,,26018626567.38,-0.05,1729.9
2024-09-16 01:14:00+00:00,short,sell - take_profit,60304.6,58495.462,26786176051.12,2.95,1732.85
2024-09-16 02:00:00+00:00,short,buy,58578.0,,26772782963.1,-0.05,1732.8
2024-09-16 08:00:00+00:00,short,sell - direction_change,58578.0,58874.6,26623837019.79,-0.56,1732.24
2024-09-16 08:00:00+00:00,long,buy,58874.6,,26610525101.28,-0.05,1732.19
2024-09-16 09:00:00+00:00,long,sell - direction_change,58874.6,58894.3,26606123973.02,-0.02,1732.18
2024-09-16 09:00:00+00:00,short,buy,58894.3,,26592820911.03,-0.05,1732.13
2024-09-17 01:00:00+00:00,short,sell - direction_change,58894.3,57606.0,27161236672.71,2.14,1734.26
2024-09-17 01:00:00+00:00,long,buy,57606.0,,27147656054.38,-0.05,1734.21
2024-09-17 03:00:00+00:00,long,sell - direction_change,57606.0,58089.9,27362127061.35,0.79,1735.0
2024-09-17 03:00:00+00:00,short,buy,58089.9,,27348445997.82,-0.05,1734.95
2024-09-17 04:00:00+00:00,short,sell - direction_change,58089.9,58035.2,27360524272.17,0.04,1735.0
2024-09-17 04:00:00+00:00,long,buy,58035.2,,27346844010.03,-0.05,1734.95
2024-09-17 14:15:00+00:00,long,sell - take_profit,58035.2,59776.256,28153575908.33,2.95,1737.9
2024-09-17 15:00:00+00:00,long,buy,60247.5,,28139499120.38,-0.05,1737.85
2024-09-17 19:48:00+00:00,long,sell - stop_loss,60247.5,59645.025,27844034379.61,-1.05,1736.8
2024-09-17 20:00:00+00:00,long,buy,59945.9,,27830112362.42,-0.05,1736.75
2024-09-18 00:00:00+00:00,long,sell - direction_change,59945.9,60281.0,27971768757.38,0.51,1737.26
2024-09-18 00:00:00+00:00,short,buy,60281.0,,27957782873.0,-0.05,1737.21
2024-09-18 01:00:00+00:00,short,sell - direction_change,60281.0,60201.9,27980489846.52,0.08,1737.29
2024-09-18 01:00:00+00:00,long,buy,60201.9,,27966499601.59,-0.05,1737.24
2024-09-18 09:00:00+00:00,long,sell - direction_change,60201.9,60172.0,27938626452.34,-0.1,1737.14
2024-09-18 09:00:00+00:00,short,buy,60172.0,,27924657139.11,-0.05,1737.09
2024-09-18 18:00:00+00:00,short,sell - direction_change,60172.0,59979.9,27999844691.49,0.27,1737.36
2024-09-18 18:00:00+00:00,long,buy,59979.9,,27985844769.14,-0.05,1737.31
2024-09-19 00:00:00+00:00,long,sell - take_profit,59979.9,61779.297000000006,28811427189.83,2.95,1740.26
2024-09-19 01:00:00+00:00,long,buy,62206.6,,28797021476.24,-0.05,1740.21
2024-09-19 01:33:00+00:00,long,sell - stop_loss,62206.6,61584.534,28494652750.74,-1.05,1739.16
2024-09-19 02:00:00+00:00,long,buy,61977.2,,28480405424.36,-0.05,1739.11
2024-09-20 04:01:00+00:00,long,sell - take_profit,61977.2,63836.515999999996,29320577384.38,2.95,1742.06
2024-09-20 05:00:00+00:00,long,buy,63808.0,,29305917095.69,-0.05,1742.01
2024-09-20 08:31:00+00:00,long,sell - stop_loss,63808.0,63169.92,28998204966.18,-1.05,1740.96
2024-09-20 09:00:00+00:00,long,buy,63273.9,,28983705863.7,-0.05,1740.91
2024-09-20 13:00:00+00:00,long,sell - direction_change,63273.9,63399.5,29026747266.29,0.15,1741.06
2024-09-20 13:00:00+00:00,short,buy,63399.5,,29012233892.66,-0.05,1741.01
2024-09-20 20:00:00+00:00,short,sell - direction_change,63399.5,62772.0,29284877938.84,0.94,1741.95
2024-09-20 20:00:00+00:00,long,buy,62772.0,,29270235499.87,-0.05,1741.9
2024-09-21 01:00:00+00:00,long,sell - direction_change,62772.0,63144.5,29429295066.44,0.54,1742.44
2024-09-21 01:00:00+00:00,short,buy,63144.5,,29414580418.9,-0.05,1742.39
2024-09-21 03:00:00+00:00,short,sell - direction_change,63144.5,62887.2,29519731097.98,0.36,1742.75
2024-09-21 03:00:00+00:00,long,buy,62887.2,,29504971232.43,-0.05,1742.7
2024-09-21 04:00:00+00:00,long,sell - direction_change,62887.2,62865.0,29479803108.0,-0.09,1742.61
2024-09-21 04:00:00+00:00,short,buy,62865.0,,29465063206.45,-0.05,1742.56
2024-09-21 05:00:00+00:00,short,sell - direction_change,62865.0,62831.0,29466266603.41,0.0,1742.57
2024-09-21 05:00:00+00:00,long,buy,62831.0,,29451533470.1,-0.05,1742.52
2024-09-21 07:00:00+00:00,long,sell - direction_change,62831.0,62977.0,29505244046.68,0.18,1742.7
2024-09-21 07:00:00+00:00,short,buy,62977.0,,29490491424.66,-0.05,1742.65
2024-09-21 11:00:00+00:00,short,sell - direction_change,62977.0,62957.1,29485064831.46,-0.02,1742.63
2024-09-21 11:00:00+00:00,long,buy,62957.1,,29470322299.04,-0.05,1742.58
2024-09-22 01:00:00+00:00,long,sell - direction_change,62957.1,63200.0,29569289028.33,0.34,1742.92
2024-09-22 01:00:00+00:00,short,buy,63200.0,,29554504383.82,-0.05,1742.87
2024-09-22 03:00:00+00:00,short,sell - direction_change,63200.0,62933.0,29664585559.96,0.37,1743.24
2024-09-22 03:00:00+00:00,long,buy,62933.0,,29649753267.18,-0.05,1743.19
2024-09-22 04:00:00+00:00,long,sell - direction_change,62933.0,63088.8,29708330763.84,0.2,1743.39
2024-09-22 04:00:00+00:00,short,buy,63088.8,,29693476598.46,-0.05,1743.34
2024-09-22 17:00:00+00:00,short,sell - direction_change,63088.8,62750.5,29837854685.07,0.49,1743.82
2024-09-22 17:00:00+00:00,long,buy,62750.5,,29822935757.72,-0.05,1743.77
2024-09-22 18:00:00+00:00,long,sell - direction_change,62750.5,63033.4,29942475944.03,0.4,1744.17
2024-09-22 18:00:00+00:00,short,buy,63033.4,,29927504706.06,-0.05,1744.12
2024-09-22 19:00:00+00:00,short,sell - direction_change,63033.4,62931.9,29960731940.19,0.11,1744.23
2024-09-22 19:00:00+00:00,long,buy,62931.9,,29945751574.22,-0.05,1744.18
2024-09-22 21:00:00+00:00,long,sell - direction_change,62931.9,63182.8,30050167896.44,0.35,1744.53
2024-09-22 21:00:00+00:00,short,buy,63182.8,,30035142812.49,-0.05,1744.48
2024-09-22 22:00:00+00:00,short,sell - direction_change,63182.8,62750.0,30225864933.05,0.63,1745.12
2024-09-22 22:00:00+00:00,long,buy,62750.0,,30210752000.58,-0.05,1745.07
2024-09-23 03:26:00+00:00,long,sell - take_profit,62750.0,64632.5,31101969184.6,2.95,1748.02
2024-09-23 04:00:00+00:00,long,buy,64320.1,,31086418200.0,-0.05,1747.97
2024-09-23 05:10:00+00:00,long,sell - stop_loss,64320.1,63676.899,30760010808.9,-1.05,1746.92
2024-09-23 06:00:00+00:00,long,buy,63725.0,,30744630803.5,-0.05,1746.87
2024-09-23 10:00:00+00:00,long,sell - direction_change,63725.0,63608.7,30673148632.27,-0.23,1746.63
2024-09-23 10:00:00+00:00,short,buy,63608.7,,30657812057.96,-0.05,1746.58
2024-09-23 14:00:00+00:00,short,sell - direction_change,63608.7,63152.5,30862360210.58,0.67,1747.25
2024-09-23 14:00:00+00:00,long,buy,63152.5,,30846929030.48,-0.05,1747.2
2024-09-23 16:00:00+00:00,long,sell - direction_change,63152.5,63589.6,31045007686.69,0.64,1747.84
2024-09-23 16:00:00+00:00,short,buy,63589.6,,31029485182.84,-0.05,1747.79
2024-09-24 07:00:00+00:00,short,sell - direction_change,63589.6,63275.7,31167142584.74,0.44,1748.24
2024-09-24 07:00:00+00:00,long,buy,63275.7,,31151559013.45,-0.05,1748.19
2024-09-24 14:00:00+00:00,long,sell - direction_change,63275.7,63481.6,31237350836.37,0.28,1748.46
2024-09-24 14:00:00+00:00,short,buy,63481.6,,31221732160.95,-0.05,1748.41
2024-09-24 17:00:00+00:00,short,sell - direction_change,63481.6,63231.0,31329372222.37,0.34,1748.76
2024-09-24 17:00:00+00:00,long,buy,63231.0,,31313707536.26,-0.05,1748.71
2024-09-24 18:00:00+00:00,long,sell - direction_change,63231.0,63740.0,31550121298.74,0.75,1749.46
2024-09-24 18:00:00+00:00,short,buy,63740.0,,31534346238.09,-0.05,1749.41
2024-09-24 19:00:00+00:00,short,sell - direction_change,63740.0,63692.9,31541881037.17,0.02,1749.44
2024-09-24 19:00:00+00:00,long,buy,63692.9,,31526110096.65,-0.05,1749.39
2024-09-25 06:00:00+00:00,long,sell - direction_change,63692.9,64140.0,31731648376.98,0.65,1750.04
2024-09-25 06:00:00+00:00,short,buy,64140.0,,31715782552.79,-0.05,1749.99
2024-09-25 07:00:00+00:00,short,sell - direction_change,64140.0,63776.5,31879667208.41,0.52,1750.51
2024-09-25 07:00:00+00:00,long,buy,63776.5,,31863727374.81,-0.05,1750.46
2024-09-25 08:00:00+00:00,long,sell - direction_change,63776.5,63814.9,31866980745.98,0.01,1750.47
2024-09-25 08:00:00+00:00,short,buy,63814.9,,31851047255.61,-0.05,1750.42
2024-09-25 11:00:00+00:00,short,sell - direction_change,63814.9,63607.5,31938638421.67,0.28,1750.69
2024-09-25 11:00:00+00:00,long,buy,63607.5,,31922669102.46,-0.05,1750.64
2024-09-25 12:00:00+00:00,long,sell - direction_change,63607.5,63808.1,32007382805.0,0.27,1750.91
2024-09-25 12:00:00+00:00,short,buy,63808.1,,31991379113.6,-0.05,1750.86
2024-09-25 14:00:00+00:00,short,sell - direction_change,63808.1,63725.0,32017047156.46,0.08,1750.94
2024-09-25 14:00:00+00:00,long,buy,63725.0,,32001038632.88,-0.05,1750.89
2024-09-25 15:00:00+00:00,long,sell - direction_change,63725.0,63902.2,32074023347.71,0.23,1751.11
2024-09-25 15:00:00+00:00,short,buy,63902.2,,32057986336.03,-0.05,1751.06
2024-09-26 03:00:00+00:00,short,sell - direction_change,63902.2,63320.1,32333980995.36,0.86,1751.93
2024-09-26 03:00:00+00:00,long,buy,63320.1,,32317814004.86,-0.05,1751.88
2024-09-26 15:33:00+00:00,long,sell - take_profit,63320.1,65219.703,33271189518.0,2.95,1754.83
2024-09-26 16:00:00+00:00,long,buy,65200.0,,33254553923.24,-0.05,1754.78
2024-09-27 02:00:00+00:00,long,sell - direction_change,65200.0,65087.9,33180751255.26,-0.22,1754.55
2024-09-27 02:00:00+00:00,short,buy,65087.9,,33164160879.63,-0.05,1754.5
2024-09-27 03:00:00+00:00,short,sell - direction_change,65087.9,64854.5,33266502825.77,0.31,1754.81
2024-09-27 03:00:00+00:00,long,buy,64854.5,,33249869574.35,-0.05,1754.76
2024-09-28 08:00:00+00:00,long,sell - direction_change,64854.5,65790.0,33712860595.08,1.39,1756.15
2024-09-28 08:00:00+00:00,short,buy,65790.0,,33696004164.78,-0.05,1756.1
2024-09-28 18:00:00+00:00,short,sell - direction_change,65790.0,65603.0,33774932918.72,0.23,1756.34
2024-09-28 18:00:00+00:00,long,buy,65603.0,,33758045452.26,-0.05,1756.29
2024-09-28 20:00:00+00:00,long,sell - direction_change,65603.0,65699.7,33790926394.71,0.1,1756.39
2024-09-28 20:00:00+00:00,short,buy,65699.7,,33774030931.51,-0.05,1756.34
2024-09-28 22:00:00+00:00,short,sell - direction_change,65699.7,65660.0,33777552365.83,0.01,1756.35
2024-09-28 22:00:00+00:00,long,buy,65660.0,,33760663589.64,-0.05,1756.3
2024-09-29 00:00:00+00:00,long,sell - direction_change,65660.0,65822.7,33827439364.55,0.2,1756.49
2024-09-29 00:00:00+00:00,short,buy,65822.7,,33810525644.87,-0.05,1756.44
2024-09-29 01:00:00+00:00,short,sell - direction_change,65822.7,65648.3,33883202785.57,0.21,1756.66
2024-09-29 01:00:00+00:00,long,buy,65648.3,,33866261184.18,-0.05,1756.61
2024-09-29 05:00:00+00:00,long,sell - direction_change,65648.3,65717.3,33884923370.17,0.06,1756.66
2024-09-29 05:00:00+00:00,short,buy,65717.3,,33867980908.48,-0.05,1756.61
2024-09-29 11:00:00+00:00,short,sell - direction_change,65717.3,65550.0,33937266425.01,0.2,1756.82
2024-09-29 11:00:00+00:00,long,buy,65550.0,,33920297791.8,-0.05,1756.77
2024-09-29 12:00:00+00:00,long,sell - direction_change,65550.0,65670.4,33965641286.75,0.13,1756.9
2024-09-29 12:00:00+00:00,short,buy,65670.4,,33948658466.1,-0.05,1756.85
2024-09-29 13:00:00+00:00,short,sell - direction_change,65670.4,65601.0,33967560831.66,0.06,1756.91
2024-09-29 13:00:00+00:00,long,buy,65601.0,,33950577051.24,-0.05,1756.86
2024-09-29 14:00:00+00:00,long,sell - direction_change,65601.0,65785.7,34029189811.4,0.23,1757.09
2024-09-29 14:00:00+00:00,short,buy,65785.7,,34012175216.49,-0.05,1757.04
2024-09-29 15:00:00+00:00,short,sell - direction_change,65785.7,65666.4,34056848984.89,0.13,1757.17
2024-09-29 15:00:00+00:00,long,buy,65666.4,,34039820560.4,-0.05,1757.12
2024-09-29 22:00:00+00:00,long,sell - direction_change,65666.4,65839.8,34112686876.33,0.21,1757.34
2024-09-29 22:00:00+00:00,short,buy,65839.8,,34095630532.9,-0.05,1757.29
2024-09-30 09:16:00+00:00,short,sell - take_profit,65839.8,63864.606,35101451633.62,2.95,1760.24
2024-09-30 10:00:00+00:00,long,buy,63512.1,,35083900907.8,-0.05,1760.19
2024-09-30 11:00:00+00:00,long,sell - direction_change,63512.1,63621.1,35126570243.05,0.12,1760.31
2024-09-30 11:00:00+00:00,short,buy,63621.1,,35109006957.93,-0.05,1760.26
2024-09-30 20:00:00+00:00,short,sell - direction_change,63621.1,63472.9,35173235932.44,0.18,1760.44
2024-09-30 20:00:00+00:00,long,buy,63472.9,,35155649314.47,-0.05,1760.39
2024-09-30 21:00:00+00:00,long,sell - direction_change,63472.9,63788.8,35313038595.75,0.45,1760.84
2024-09-30 21:00:00+00:00,short,buy,63788.8,,35295382076.45,-0.05,1760.79
2024-10-01 03:00:00+00:00,short,sell - direction_change,63788.8,63427.8,35477481565.63,0.52,1761.3
2024-10-01 03:00:00+00:00,long,buy,63427.8,,35459742824.85,-0.05,1761.25
2024-10-01 05:00:00+00:00,long,sell - direction_change,63427.8,63836.0,35670219938.72,0.59,1761.85
2024-10-01 05:00:00+00:00,short,buy,63836.0,,35652384828.75,-0.05,1761.8
2024-10-01 06:00:00+00:00,short,sell - direction_change,63836.0,63733.9,35691581452.47,0.11,1761.91
2024-10-01 06:00:00+00:00,long,buy,63733.9,,35673735661.75,-0.05,1761.86
2024-10-01 11:00:00+00:00,long,sell - direction_change,63733.9,63884.6,35740250009.9,0.19,1762.04
2024-10-01 11:00:00+00:00,short,buy,63884.6,,35722379884.89,-0.05,1761.99
2024-10-01 15:00:00+00:00,short,sell - direction_change,63884.6,62588.2,36429427253.24,1.98,1763.97
2024-10-01 15:00:00+00:00,long,buy,62588.2,,36411212539.61,-0.05,1763.92
2024-10-01 15:06:00+00:00,long,sell - stop_loss,62588.2,61962.318,36028894807.95,-1.05,1762.87
2024-10-01 16:00:00+00:00,short,buy,62613.8,,36010880360.54,-0.05,1762.82
2024-10-01 20:25:00+00:00,short,sell - take_profit,62613.8,60735.386,37073201331.18,2.95,1765.77
2024-10-01 21:00:00+00:00,long,buy,60778.7,,37054664730.51,-0.05,1765.72
2024-10-01 22:00:00+00:00,long,sell - direction_change,60778.7,61114.0,37240558175.23,0.5,1766.22
2024-10-01 22:00:00+00:00,short,buy,61114.0,,37221937896.14,-0.05,1766.17
2024-10-01 23:00:00+00:00,short,sell - direction_change,61114.0,60742.8,37429409058.08,0.56,1766.73
2024-10-01 23:00:00+00:00,long,buy,60742.8,,37410694353.55,-0.05,1766.68
2024-10-02 00:00:00+00:00,long,sell - direction_change,60742.8,60776.7,37412867572.04,0.01,1766.69
2024-10-02 00:00:00+00:00,short,buy,60776.7,,37394161138.26,-0.05,1766.64
2024-10-02 01:00:00+00:00,short,sell - direction_change,60776.7,61017.1,37227552829.58,-0.45,1766.19
2024-10-02 01:00:00+00:00,long,buy,61017.1,,37208939053.16,-0.05,1766.14
2024-10-02 04:00:00+00:00,long,sell - direction_change,61017.1,61718.1,37617812557.45,1.1,1767.24
2024-10-02 04:00:00+00:00,short,buy,61718.1,,37599003651.17,-0.05,1767.19
2024-10-02 06:00:00+00:00,short,sell - direction_change,61718.1,61466.7,37733358402.61,0.36,1767.55
2024-10-02 06:00:00+00:00,long,buy,61466.7,,37714491723.4,-0.05,1767.5
2024-10-02 11:00:00+00:00,long,sell - direction_change,61466.7,61172.3,37514997704.08,-0.53,1766.97
2024-10-02 11:00:00+00:00,short,buy,61172.3,,37496240205.23,-0.05,1766.92
2024-10-02 15:00:00+00:00,short,sell - direction_change,61172.3,61051.2,37551721674.15,0.15,1767.07
2024-10-02 15:00:00+00:00,long,buy,61051.2,,37532945813.32,-0.05,1767.02
2024-10-02 17:00:00+00:00,long,sell - direction_change,61051.2,61773.9,37958479533.35,1.13,1768.15
2024-10-02 17:00:00+00:00,short,buy,61773.9,,37939500293.58,-0.05,1768.1
2024-10-02 22:00:00+00:00,short,sell - direction_change,61773.9,60803.4,38516579765.44,1.52,1769.62
2024-10-02 22:00:00+00:00,long,buy,60803.4,,38497321475.55,-0.05,1769.57
2024-10-02 23:00:00+00:00,long,sell - direction_change,60803.4,60822.4,38490102555.06,-0.02,1769.55
2024-10-02 23:00:00+00:00,short,buy,60822.4,,38470857503.78,-0.05,1769.5
2024-10-03 01:00:00+00:00,short,sell - direction_change,60822.4,60959.3,38365031273.09,-0.28,1769.23
2024-10-03 01:00:00+00:00,long,buy,60959.3,,38345848757.45,-0.05,1769.18
2024-10-03 02:00:00+00:00,long,sell - direction_change,60959.3,60999.9,38352214864.19,0.02,1769.19
2024-10-03 02:00:00+00:00,short,buy,60999.9,,38333038756.76,-0.05,1769.14
2024-10-03 03:00:00+00:00,short,sell - direction_change,60999.9,61155.7,38215965725.43,-0.31,1768.84
2024-10-03 03:00:00+00:00,long,buy,61155.7,,38196857742.56,-0.05,1768.79
2024-10-03 07:00:00+00:00,long,sell - direction_change,61155.7,61299.8,38267761835.14,0.19,1768.97
2024-10-03 07:00:00+00:00,short,buy,61299.8,,38248627954.22,-0.05,1768.92
2024-10-03 09:00:00+00:00,short,sell - direction_change,61299.8,60329.5,38834932103.37,1.53,1770.46
2024-10-03 09:00:00+00:00,long,buy,60329.5,,38815514637.32,-0.05,1770.41
2024-10-03 11:00:00+00:00,long,sell - direction_change,60329.5,61001.9,39228723627.07,1.06,1771.47
2024-10-03 11:00:00+00:00,short,buy,61001.9,,39209109265.25,-0.05,1771.42
2024-10-03 18:00:00+00:00,short,sell - direction_change,61001.9,60608.6,39442299175.61,0.59,1772.02
2024-10-03 18:00:00+00:00,long,buy,60608.6,,39422578026.02,-0.05,1771.97
2024-10-04 19:03:00+00:00,long,sell - take_profit,60608.6,62426.858,40585544077.79,2.95,1774.92
2024-10-04 20:00:00+00:00,long,buy,62337.2,,40565251305.75,-0.05,1774.87
2024-10-05 02:00:00+00:00,long,sell - direction_change,62337.2,62036.5,40349291442.95,-0.53,1774.33
2024-10-05 02:00:00+00:00,short,buy,62036.5,,40329116797.23,-0.05,1774.28
2024-10-05 03:00:00+00:00,short,sell - direction_change,62036.5,61778.8,40476479636.39,0.37,1774.65
2024-10-05 03:00:00+00:00,long,buy,61778.8,,40456241396.57,-0.05,1774.6
2024-10-05 07:00:00+00:00,long,sell - direction_change,61778.8,62197.9,40710463585.19,0.63,1775.23
2024-10-05 07:00:00+00:00,short,buy,62197.9,,40690108353.4,-0.05,1775.18
2024-10-05 08:00:00+00:00,short,sell - direction_change,62197.9,62043.0,40771099482.34,0.2,1775.38
2024-10-05 08:00:00+00:00,long,buy,62043.0,,40750713932.6,-0.05,1775.33
2024-10-05 16:00:00+00:00,long,sell - direction_change,62043.0,62131.5,40788466618.81,0.09,1775.42
2024-10-05 16:00:00+00:00,short,buy,62131.5,,40768072385.5,-0.05,1775.37
2024-10-05 23:00:00+00:00,short,sell - direction_change,62131.5,62007.3,40829183156.14,0.15,1775.52
2024-10-05 23:00:00+00:00,long,buy,62007.3,,40808768564.56,-0.05,1775.47
2024-10-06 00:00:00+00:00,long,sell - direction_change,62007.3,62023.1,40798762609.87,-0.02,1775.45
2024-10-06 00:00:00+00:00,short,buy,62023.1,,40778363228.56,-0.05,1775.4
2024-10-06 01:00:00+00:00,short,sell - direction_change,62023.1,61892.0,40844168439.35,0.16,1775.56
2024-10-06 01:00:00+00:00,long,buy,61892.0,,40823746355.13,-0.05,1775.51
2024-10-06 02:00:00+00:00,long,sell - direction_change,61892.0,62053.5,40909859316.12,0.21,1775.72
2024-10-06 02:00:00+00:00,short,buy,62053.5,,40889404386.46,-0.05,1775.67
2024-10-06 06:00:00+00:00,short,sell - direction_change,62053.5,61912.9,40961606356.2,0.18,1775.84
2024-10-06 06:00:00+00:00,long,buy,61912.9,,40941125553.02,-0.05,1775.79
2024-10-06 07:00:00+00:00,long,sell - direction_change,61912.9,61932.1,40933351368.72,-0.02,1775.78
2024-10-06 07:00:00+00:00,short,buy,61932.1,,40912884693.03,-0.05,1775.73
2024-10-06 09:00:00+00:00,short,sell - direction_change,61932.1,61961.6,40872940293.74,-0.1,1775.63
2024-10-06 09:00:00+00:00,long,buy,61961.6,,40852503823.59,-0.05,1775.58
2024-10-07 01:06:00+00:00,long,sell - take_profit,61961.6,63820.448,42057652686.39,2.95,1778.53
2024-10-07 02:00:00+00:00,long,buy,63795.5,,42036623860.05,-0.05,1778.48
2024-10-07 09:22:00+00:00,long,sell - stop_loss,63795.5,63157.545,41595239309.51,-1.05,1777.43
2024-10-07 10:00:00+00:00,short,buy,63185.7,,41574441689.86,-0.05,1777.38
2024-10-07 11:00:00+00:00,short,sell - direction_change,63185.7,62870.0,41761376330.79,0.45,1777.83
2024-10-07 11:00:00+00:00,long,buy,62870.0,,41740495642.62,-0.05,1777.78
2024-10-07 12:00:00+00:00,long,sell - direction_change,62870.0,63114.1,41881687665.94,0.34,1778.12
2024-10-07 12:00:00+00:00,short,buy,63114.1,,41860746822.11,-0.05,1778.07
2024-10-07 13:00:00+00:00,short,sell - direction_change,63114.1,62859.9,42008415887.52,0.35,1778.42
2024-10-07 13:00:00+00:00,long,buy,62859.9,,41987411679.58,-0.05,1778.37
2024-10-07 18:00:00+00:00,long,sell - direction_change,62859.9,63795.7,42591487689.88,1.44,1779.81
2024-10-07 18:00:00+00:00,short,buy,63795.7,,42570191946.04,-0.05,1779.76
2024-10-07 19:00:00+00:00,short,sell - direction_change,63795.7,62815.3,43203117340.49,1.49,1781.24
2024-10-07 19:00:00+00:00,long,buy,62815.3,,43181515781.82,-0.05,1781.19
2024-10-07 22:00:00+00:00,long,sell - direction_change,62815.3,63346.2,43524884941.79,0.8,1781.99
2024-10-07 22:00:00+00:00,short,buy,63346.2,,43503122499.32,-0.05,1781.94
2024-10-08 09:00:00+00:00,short,sell - direction_change,63346.2,62391.7,44136875615.94,1.46,1783.4
2024-10-08 09:00:00+00:00,long,buy,62391.7,,44114807178.14,-0.05,1783.35
2024-10-08 10:00:00+00:00,long,sell - direction_change,62391.7,62512.2,44177950759.05,0.14,1783.49
2024-10-08 10:00:00+00:00,short,buy,62512.2,,44155861783.67,-0.05,1783.44
2024-10-08 13:00:00+00:00,short,sell - direction_change,62512.2,62416.4,44201452748.76,0.1,1783.54
2024-10-08 13:00:00+00:00,long,buy,62416.4,,44179352022.38,-0.05,1783.49
2024-10-08 15:00:00+00:00,long,sell - direction_change,62416.4,62752.0,44394805532.75,0.49,1783.98
2024-10-08 15:00:00+00:00,short,buy,62752.0,,44372608129.99,-0.05,1783.93
2024-10-08 16:00:00+00:00,short,sell - direction_change,62752.0,62259.9,44698390981.66,0.73,1784.66
2024-10-08 16:00:00+00:00,long,buy,62259.9,,44676041786.17,-0.05,1784.61
2024-10-08 17:00:00+00:00,long,sell - direction_change,62259.9,62537.3,44852758598.19,0.4,1785.01
2024-10-08 17:00:00+00:00,short,buy,62537.3,,44830332218.89,-0.05,1784.96
2024-10-09 01:00:00+00:00,short,sell - direction_change,62537.3,62135.2,45096165451.5,0.59,1785.55
2024-10-09 01:00:00+00:00,long,buy,62135.2,,45073617368.77,-0.05,1785.5
2024-10-09 02:00:00+00:00,long,sell - direction_change,62135.2,62382.3,45230329856.01,0.35,1785.85
2024-10-09 02:00:00+00:00,short,buy,62382.3,,45207714691.08,-0.05,1785.8
2024-10-09 05:00:00+00:00,short,sell - direction_change,62382.3,62317.7,45231925689.37,0.05,1785.85
2024-10-09 05:00:00+00:00,long,buy,62317.7,,45209309726.53,-0.05,1785.8
2024-10-09 06:00:00+00:00,long,sell - direction_change,62317.7,62500.1,45319029886.19,0.24,1786.05
2024-10-09 06:00:00+00:00,short,buy,62500.1,,45296370371.25,-0.05,1786.0
2024-10-09 20:50:00+00:00,short,sell - take_profit,62500.1,60625.096999999994,46632613297.2,2.95,1788.95
2024-10-09 21:00:00+00:00,long,buy,60388.5,,46609296990.55,-0.05,1788.9
2024-10-09 22:00:00+00:00,long,sell - direction_change,60388.5,60866.7,46955078605.51,0.74,1789.64
2024-10-09 22:00:00+00:00,short,buy,60866.7,,46931601066.21,-0.05,1789.59
2024-10-10 06:00:00+00:00,short,sell - direction_change,60866.7,60909.0,46875519619.93,-0.12,1789.47
2024-10-10 06:00:00+00:00,long,buy,60909.0,,46852081860.12,-0.05,1789.42
2024-10-10 07:00:00+00:00,long,sell - direction_change,60909.0,61110.0,46983267920.09,0.28,1789.7
2024-10-10 07:00:00+00:00,short,buy,61110.0,,46959776286.13,-0.05,1789.65
2024-10-10 08:00:00+00:00,short,sell - direction_change,61110.0,60871.1,47119878308.56,0.34,1789.99
2024-10-10 08:00:00+00:00,long,buy,60871.1,,47096318369.4,-0.05,1789.94
2024-10-10 12:00:00+00:00,long,sell - direction_change,60871.1,61235.9,47355018057.57,0.55,1790.49
2024-10-10 12:00:00+00:00,short,buy,61235.9,,47331340548.54,-0.05,1790.44
2024-10-10 18:02:00+00:00,short,sell - take_profit,61235.9,59398.823,48727615094.73,2.95,1793.39
2024-10-10 19:00:00+00:00,long,buy,59468.5,,48703251287.18,-0.05,1793.34
2024-10-10 22:00:00+00:00,long,sell - direction_change,59468.5,60172.4,49255376596.06,1.13,1794.47
2024-10-10 22:00:00+00:00,short,buy,60172.4,,49230748907.77,-0.05,1794.42
2024-10-10 23:00:00+00:00,short,sell - direction_change,60172.4,60120.9,49248268857.29,0.04,1794.46
2024-10-10 23:00:00+00:00,long,buy,60120.9,,49223644722.86,-0.05,1794.41
2024-10-11 00:00:00+00:00,long,sell - direction_change,60120.9,60293.3,49340184419.36,0.24,1794.65
2024-10-11 00:00:00+00:00,short,buy,60293.3,,49315514327.15,-0.05,1794.6
2024-10-11 01:00:00+00:00,short,sell - direction_change,60293.3,60160.0,49399886230.99,0.17,1794.77
2024-10-11 01:00:00+00:00,long,buy,60160.0,,49375186287.88,-0.05,1794.72
2024-10-11 15:10:00+00:00,long,sell - take_profit,60160.0,61964.8,50831754283.37,2.95,1797.67
2024-10-11 16:00:00+00:00,long,buy,62218.0,,50806338406.23,-0.05,1797.62
2024-10-13 00:00:00+00:00,long,sell - direction_change,62218.0,63176.0,51563224481.19,1.49,1799.11
2024-10-13 00:00:00+00:00,short,buy,63176.0,,51537442868.95,-0.05,1799.06
2024-10-13 05:00:00+00:00,short,sell - direction_change,63176.0,62788.9,51827460904.1,0.56,1799.62
2024-10-13 05:00:00+00:00,long,buy,62788.9,,51801547173.65,-0.05,1799.57
2024-10-13 07:00:00+00:00,long,sell - direction_change,62788.9,62838.6,51816649457.84,0.03,1799.6
2024-10-13 07:00:00+00:00,short,buy,62838.6,,51790741133.12,-0.05,1799.55
2024-10-13 09:00:00+00:00,short,sell - direction_change,62838.6,62785.7,51808445241.31,0.03,1799.58
2024-10-13 09:00:00+00:00,long,buy,62785.7,,51782541018.69,-0.05,1799.53
2024-10-13 10:00:00+00:00,long,sell - direction_change,62785.7,62799.2,51767783880.69,-0.03,1799.5
2024-10-13 10:00:00+00:00,short,buy,62799.2,,51741899988.75,-0.05,1799.45
2024-10-13 19:00:00+00:00,short,sell - direction_change,62799.2,62380.1,52061336467.6,0.62,1800.07
2024-10-13 19:00:00+00:00,long,buy,62380.1,,52035305799.36,-0.05,1800.02
2024-10-14 00:00:00+00:00,long,sell - direction_change,62380.1,62839.7,52392670451.81,0.69,1800.71
2024-10-14 00:00:00+00:00,short,buy,62839.7,,52366474116.58,-0.05,1800.66
2024-10-14 01:00:00+00:00,short,sell - direction_change,62839.7,62483.3,52637291205.35,0.52,1801.18
2024-10-14 01:00:00+00:00,long,buy,62483.3,,52610972559.75,-0.05,1801.13
2024-10-14 02:00:00+00:00,long,sell - direction_change,62483.3,62598.2,52681412935.92,0.13,1801.26
2024-10-14 02:00:00+00:00,short,buy,62598.2,,52655072229.45,-0.05,1801.21
2024-10-14 03:00:00+00:00,short,sell - direction_change,62598.2,62581.6,52642707941.46,-0.02,1801.19
2024-10-14 03:00:00+00:00,long,buy,62581.6,,52616386587.49,-0.05,1801.14
2024-10-14 04:01:00+00:00,long,sell - take_profit,62581.6,64459.048,54168569991.82,2.95,1804.09
2024-10-14 05:00:00+00:00,long,buy,64116.0,,54141485706.83,-0.05,1804.04
2024-10-14 14:29:00+00:00,long,sell - take_profit,64116.0,66039.48,55738659535.18,2.95,1806.99
2024-10-14 15:00:00+00:00,long,buy,65895.7,,55710790205.41,-0.05,1806.94
2024-10-15 03:00:00+00:00,long,sell - direction_change,65895.7,65740.0,55551299968.66,-0.29,1806.65
2024-10-15 03:00:00+00:00,short,buy,65740.0,,55523524318.67,-0.05,1806.6
2024-10-15 04:00:00+00:00,short,sell - direction_change,65740.0,65382.2,55797957825.78,0.49,1807.09
2024-10-15 04:00:00+00:00,long,buy,65382.2,,55770058846.86,-0.05,1807.04
2024-10-15 05:00:00+00:00,long,sell - direction_change,65382.2,65587.4,55917206411.56,0.26,1807.31
2024-10-15 05:00:00+00:00,short,buy,65587.4,,55889247808.36,-0.05,1807.26
2024-10-15 06:00:00+00:00,short,sell - direction_change,65587.4,65347.0,56066156177.15,0.32,1807.57
2024-10-15 06:00:00+00:00,long,buy,65347.0,,56038123099.06,-0.05,1807.52
2024-10-15 11:00:00+00:00,long,sell - direction_change,65347.0,65662.4,56280574357.88,0.43,1807.96
2024-10-15 11:00:00+00:00,short,buy,65662.4,,56252434070.7,-0.05,1807.91
2024-10-15 12:00:00+00:00,short,sell - direction_change,65662.4,65385.3,56461697127.91,0.37,1808.28
2024-10-15 12:00:00+00:00,long,buy,65385.3,,56433466279.35,-0.05,1808.23
2024-10-15 13:55:00+00:00,long,sell - take_profit,65385.3,67346.85900000001,58098253534.59,2.95,1811.18
2024-10-15 14:00:00+00:00,short,buy,67646.8,,58069204407.82,-0.05,1811.13
2024-10-15 14:40:00+00:00,short,sell - take_profit,67646.8,65617.39600000001,59782245937.85,2.95,1814.08
2024-10-15 15:00:00+00:00,long,buy,65345.1,,59752354814.88,-0.05,1814.03
2024-10-15 18:17:00+00:00,long,sell - take_profit,65345.1,67305.453,61515049281.92,2.95,1816.98
2024-10-15 19:00:00+00:00,long,buy,66875.8,,61484291757.28,-0.05,1816.93
2024-10-15 21:20:00+00:00,long,sell - stop_loss,66875.8,66207.042,60838706693.83,-1.05,1815.88
2024-10-15 22:00:00+00:00,long,buy,66401.7,,60808287340.48,-0.05,1815.83
2024-10-16 11:47:00+00:00,long,sell - take_profit,66401.7,68393.751,62602131817.03,2.95,1818.78
2024-10-16 12:00:00+00:00,long,buy,67872.3,,62570830751.12,-0.05,1818.73
2024-10-16 13:43:00+00:00,long,sell - stop_loss,67872.3,67193.577,61913837028.23,-1.05,1817.68
2024-10-16 14:00:00+00:00,long,buy,67359.9,,61882880109.72,-0.05,1817.63
2024-10-17 02:00:00+00:00,long,sell - direction_change,67359.9,67876.8,62326809634.86,0.72,1818.35
2024-10-17 02:00:00+00:00,short,buy,67876.8,,62295646230.04,-0.05,1818.3
2024-10-17 03:00:00+00:00,short,sell - direction_change,67876.8,67444.1,62661619752.13,0.59,1818.88
2024-10-17 03:00:00+00:00,long,buy,67444.1,,62630288942.25,-0.05,1818.83
2024-10-17 04:00:00+00:00,long,sell - direction_change,67444.1,67570.1,62715980569.41,0.14,1818.97
2024-10-17 04:00:00+00:00,short,buy,67570.1,,62684622579.13,-0.05,1818.92
2024-10-17 15:00:00+00:00,short,sell - direction_change,67570.1,67097.0,63092174023.24,0.65,1819.57
2024-10-17 15:00:00+00:00,long,buy,67097.0,,63060627936.23,-0.05,1819.52
2024-10-17 17:00:00+00:00,long,sell - direction_change,67097.0,67354.2,63270825173.5,0.33,1819.85
2024-10-17 17:00:00+00:00,short,buy,67354.2,,63239189760.91,-0.05,1819.8
2024-10-17 22:00:00+00:00,short,sell - direction_change,67354.2,67060.0,63483795993.49,0.39,1820.19
2024-10-17 22:00:00+00:00,long,buy,67060.0,,63452054095.49,-0.05,1820.14
2024-10-18 00:00:00+00:00,long,sell - direction_change,67060.0,67401.5,63743454768.02,0.46,1820.6
2024-10-18 00:00:00+00:00,short,buy,67401.5,,63711583040.64,-0.05,1820.55
2024-10-18 01:00:00+00:00,short,sell - direction_change,67401.5,67190.2,63879459562.14,0.26,1820.81
2024-10-18 01:00:00+00:00,long,buy,67190.2,,63847519832.36,-0.05,1820.76
2024-10-18 11:00:00+00:00,long,sell - direction_change,67190.2,67861.5,64453499219.98,0.95,1821.71
2024-10-18 11:00:00+00:00,short,buy,67861.5,,64421272470.37,-0.05,1821.66
2024-10-18 13:00:00+00:00,short,sell - direction_change,67861.5,67649.8,64590029737.61,0.26,1821.92
2024-10-18 13:00:00+00:00,long,buy,67649.8,,64557734722.75,-0.05,1821.87
2024-10-19 06:00:00+00:00,long,sell - direction_change,67649.8,68366.4,65209302262.95,1.01,1822.88
2024-10-19 06:00:00+00:00,short,buy,68366.4,,65176697611.82,-0.05,1822.83
2024-10-19 07:00:00+00:00,short,sell - direction_change,68366.4,68312.0,65195971176.9,0.03,1822.86
2024-10-19 07:00:00+00:00,long,buy,68312.0,,65163373191.32,-0.05,1822.81
2024-10-19 09:00:00+00:00,long,sell - direction_change,68312.0,68390.1,65205291730.83,0.06,1822.88
2024-10-19 09:00:00+00:00,short,buy,68390.1,,65172689084.97,-0.05,1822.83
2024-10-19 21:00:00+00:00,short,sell - direction_change,68390.1,68215.2,65306774573.35,0.21,1823.03
2024-10-19 21:00:00+00:00,long,buy,68215.2,,65274121186.06,-0.05,1822.98
2024-10-20 00:00:00+00:00,long,sell - direction_change,68215.2,68357.1,65377266147.61,0.16,1823.14
2024-10-20 00:00:00+00:00,short,buy,68357.1,,65344577514.53,-0.05,1823.09
2024-10-20 02:00:00+00:00,short,sell - direction_change,68357.1,68129.2,65529761589.13,0.28,1823.37
2024-10-20 02:00:00+00:00,long,buy,68129.2,,65496996708.34,-0.05,1823.32
2024-10-20 05:00:00+00:00,long,sell - direction_change,68129.2,68223.9,65555289431.49,0.09,1823.41
2024-10-20 05:00:00+00:00,short,buy,68223.9,,65522511786.77,-0.05,1823.36
2024-10-20 06:00:00+00:00,short,sell - direction_change,68223.9,68200.1,65512608147.94,-0.02,1823.35
2024-10-20 06:00:00+00:00,long,buy,68200.1,,65479851843.86,-0.05,1823.3
2024-10-20 12:00:00+00:00,long,sell - direction_change,68200.1,68396.4,65635582241.55,0.24,1823.54
2024-10-20 12:00:00+00:00,short,buy,68396.4,,65602764450.43,-0.05,1823.49
2024-10-20 13:00:00+00:00,short,sell - direction_change,68396.4,68239.0,65720934100.66,0.18,1823.67
2024-10-20 13:00:00+00:00,long,buy,68239.0,,65688073633.61,-0.05,1823.62
2024-10-21 06:00:00+00:00,long,sell - direction_change,68239.0,68981.2,66369684501.63,1.04,1824.65
2024-10-21 06:00:00+00:00,short,buy,68981.2,,66336499659.38,-0.05,1824.6
2024-10-21 15:09:00+00:00,short,sell - take_profit,68981.2,66911.764,68293426399.33,2.95,1827.55
2024-10-21 16:00:00+00:00,short,buy,67354.2,,68259279686.13,-0.05,1827.5
2024-10-22 01:00:00+00:00,short,sell - direction_change,67354.2,67132.5,68449829165.13,0.28,1827.78
2024-10-22 01:00:00+00:00,long,buy,67132.5,,68415604250.55,-0.05,1827.73
2024-10-22 02:00:00+00:00,long,sell - direction_change,67132.5,67499.9,68755818568.88,0.5,1828.23
2024-10-22 02:00:00+00:00,short,buy,67499.9,,68721440659.59,-0.05,1828.18
2024-10-22 04:00:00+00:00,short,sell - direction_change,67499.9,67390.3,68798663362.3,0.11,1828.29
2024-10-22 04:00:00+00:00,long,buy,67390.3,,68764264030.62,-0.05,1828.24
2024-10-22 05:00:00+00:00,long,sell - direction_change,67390.3,67493.7,68835390034.06,0.1,1828.35
2024-10-22 05:00:00+00:00,short,buy,67493.7,,68800972339.04,-0.05,1828.3
2024-10-22 10:00:00+00:00,short,sell - direction_change,67493.7,66941.0,69329976991.6,0.77,1829.07
2024-10-22 10:00:00+00:00,long,buy,66941.0,,69295312003.1,-0.05,1829.02
2024-10-22 12:00:00+00:00,long,sell - direction_change,66941.0,67280.6,69612208064.05,0.46,1829.47
2024-10-22 12:00:00+00:00,short,buy,67280.6,,69577401960.02,-0.05,1829.42
2024-10-22 14:00:00+00:00,short,sell - direction_change,67280.6,66970.0,69863816414.91,0.41,1829.83
2024-10-22 14:00:00+00:00,long,buy,66970.0,,69828884506.7,-0.05,1829.78
2024-10-22 15:00:00+00:00,long,sell - direction_change,66970.0,67548.7,70397374207.55,0.81,1830.6
2024-10-22 15:00:00+00:00,short,buy,67548.7,,70362175520.45,-0.05,1830.55
2024-10-22 18:00:00+00:00,short,sell - direction_change,67548.7,67313.6,70571886598.86,0.3,1830.85
2024-10-22 18:00:00+00:00,long,buy,67313.6,,70536600655.56,-0.05,1830.8
2024-10-23 00:00:00+00:00,long,sell - direction_change,67313.6,67406.5,70598680442.41,0.09,1830.88
2024-10-23 00:00:00+00:00,short,buy,67406.5,,70563381102.19,-0.05,1830.83
2024-10-23 01:00:00+00:00,short,sell - direction_change,67406.5,67156.8,70789493732.08,0.32,1831.15
2024-10-23 01:00:00+00:00,long,buy,67156.8,,70754098985.22,-0.05,1831.1
2024-10-23 02:00:00+00:00,long,sell - direction_change,67156.8,67334.5,70905940555.28,0.21,1831.32
2024-10-23 02:00:00+00:00,short,buy,67334.5,,70870487585.0,-0.05,1831.27
2024-10-23 18:00:00+00:00,short,sell - direction_change,67334.5,65713.7,72540966638.9,2.36,1833.63
2024-10-23 18:00:00+00:00,long,buy,65713.7,,72504696155.58,-0.05,1833.58
2024-10-23 21:00:00+00:00,long,sell - direction_change,65713.7,66654.4,73506357783.94,1.38,1834.96
2024-10-23 21:00:00+00:00,short,buy,66654.4,,73469604605.05,-0.05,1834.91
2024-10-23 22:00:00+00:00,short,sell - direction_change,66654.4,66401.0,73712179162.77,0.33,1835.24
2024-10-23 22:00:00+00:00,long,buy,66401.0,,73675323073.19,-0.05,1835.19
2024-10-23 23:00:00+00:00,long,sell - direction_change,66401.0,66460.3,73704281810.17,0.04,1835.23
2024-10-23 23:00:00+00:00,short,buy,66460.3,,73667429669.27,-0.05,1835.18
2024-10-24 00:00:00+00:00,short,sell - direction_change,66460.3,66647.3,73423317182.77,-0.33,1834.85
2024-10-24 00:00:00+00:00,long,buy,66647.3,,73386605524.18,-0.05,1834.8
2024-10-24 21:20:00+00:00,long,sell - take_profit,66647.3,68646.71900000001,75551510387.15,2.95,1837.75
2024-10-24 22:00:00+00:00,long,buy,68324.5,,75513734631.95,-0.05,1837.7
2024-10-25 04:00:00+00:00,long,sell - direction_change,68324.5,67983.2,75098765525.54,-0.55,1837.15
2024-10-25 04:00:00+00:00,short,buy,67983.2,,75061216142.78,-0.05,1837.1
2024-10-25 05:00:00+00:00,short,sell - direction_change,67983.2,67712.3,75322790070.14,0.35,1837.44
2024-10-25 05:00:00+00:00,long,buy,67712.3,,75285128675.11,-0.05,1837.39
2024-10-25 06:00:00+00:00,long,sell - direction_change,67712.3,67734.6,75272280104.91,-0.02,1837.38
2024-10-25 06:00:00+00:00,short,buy,67734.6,,75234643964.86,-0.05,1837.33
2024-10-25 09:00:00+00:00,short,sell - direction_change,67734.6,67637.0,75305433590.74,0.09,1837.42
2024-10-25 09:00:00+00:00,long,buy,67637.0,,75267780873.94,-0.05,1837.37
2024-10-25 15:00:00+00:00,long,sell - direction_change,67637.0,68288.4,75955037686.25,0.91,1838.29
2024-10-25 15:00:00+00:00,short,buy,68288.4,,75917060167.41,-0.05,1838.24
2024-10-25 18:08:00+00:00,short,sell - take_profit,68288.4,66239.74799999999,78156613442.34,2.95,1841.19
2024-10-25 19:00:00+00:00,short,buy,66993.1,,78117535135.62,-0.05,1841.14
2024-10-26 00:00:00+00:00,short,sell - direction_change,66993.1,66662.7,78463740426.72,0.44,1841.58
2024-10-26 00:00:00+00:00,long,buy,66662.7,,78424508556.51,-0.05,1841.53
2024-10-26 01:00:00+00:00,long,sell - direction_change,66662.7,66716.6,78448706290.29,0.03,1841.56
2024-10-26 01:00:00+00:00,short,buy,66716.6,,78409481937.15,-0.05,1841.51
2024-10-26 03:00:00+00:00,short,sell - direction_change,66716.6,66818.4,78250635528.87,-0.2,1841.31
2024-10-26 03:00:00+00:00,long,buy,66818.4,,78211510211.11,-0.05,1841.26
2024-10-26 04:00:00+00:00,long,sell - direction_change,66818.4,66885.8,78251296734.0,0.05,1841.31
2024-10-26 04:00:00+00:00,short,buy,66885.8,,78212171085.63,-0.05,1841.26
2024-10-26 05:00:00+00:00,short,sell - direction_change,66885.8,66916.5,78137166294.35,-0.1,1841.16
2024-10-26 05:00:00+00:00,long,buy,66916.5,,78098097711.2,-0.05,1841.11
2024-10-26 07:00:00+00:00,long,sell - direction_change,66916.5,67137.1,78316510429.7,0.28,1841.39
2024-10-26 07:00:00+00:00,short,buy,67137.1,,78277352174.49,-0.05,1841.34
2024-10-26 08:00:00+00:00,short,sell - direction_change,67137.1,66982.0,78419049687.66,0.18,1841.52
2024-10-26 08:00:00+00:00,long,buy,66982.0,,78379840162.82,-0.05,1841.47
2024-10-26 12:00:00+00:00,long,sell - direction_change,66982.0,67110.2,78490665105.07,0.14,1841.61
2024-10-26 12:00:00+00:00,short,buy,67110.2,,78451419772.52,-0.05,1841.56
2024-10-26 17:00:00+00:00,short,sell - direction_change,67110.2,66953.9,78594907821.65,0.18,1841.75
2024-10-26 17:00:00+00:00,long,buy,66953.9,,78555610367.74,-0.05,1841.7
2024-10-27 10:00:00+00:00,long,sell - direction_change,66953.9,67118.6,78709571627.46,0.2,1841.89
2024-10-27 10:00:00+00:00,short,buy,67118.6,,78670216841.65,-0.05,1841.84
2024-10-27 11:00:00+00:00,short,sell - direction_change,67118.6,67062.3,78696871387.48,0.03,1841.88
2024-10-27 11:00:00+00:00,long,buy,67062.3,,78657522951.79,-0.05,1841.83
2024-10-28 13:16:00+00:00,long,sell - take_profit,67062.3,69074.16900000001,80977919878.87,2.95,1844.78
2024-10-28 14:00:00+00:00,long,buy,68788.5,,80937430918.93,-0.05,1844.73
2024-10-29 02:12:00+00:00,long,sell - take_profit,68788.5,70852.155,83325085131.04,2.95,1847.68
2024-10-29 03:00:00+00:00,long,buy,71173.8,,83283422588.47,-0.05,1847.63
2024-10-29 12:00:00+00:00,long,sell - direction_change,71173.8,71440.0,83553272565.03,0.32,1847.95
2024-10-29 12:00:00+00:00,short,buy,71440.0,,83511495928.75,-0.05,1847.9
2024-10-29 13:00:00+00:00,short,sell - direction_change,71440.0,71093.8,83874438947.45,0.43,1848.33
2024-10-29 13:00:00+00:00,long,buy,71093.8,,83832501727.97,-0.05,1848.28
2024-10-29 18:54:00+00:00,long,sell - take_profit,71093.8,73226.614,86305560528.95,2.95,1851.23
2024-10-29 19:00:00+00:00,long,buy,73168.3,,86262407748.69,-0.05,1851.18
2024-10-29 20:03:00+00:00,long,sell - stop_loss,73168.3,72436.617,85356652467.32,-1.05,1850.13
2024-10-29 21:00:00+00:00,long,buy,72327.8,,85313974141.09,-0.05,1850.08
2024-10-30 06:00:00+00:00,long,sell - direction_change,72327.8,72516.4,85493779547.77,0.21,1850.3
2024-10-30 06:00:00+00:00,short,buy,72516.4,,85451032658.0,-0.05,1850.25
2024-10-30 07:00:00+00:00,short,sell - direction_change,72516.4,72313.3,85647633759.28,0.23,1850.48
2024-10-30 07:00:00+00:00,long,buy,72313.3,,85604809942.4,-0.05,1850.43
2024-10-30 11:00:00+00:00,long,sell - direction_change,72313.3,72377.1,85637534264.52,0.04,1850.46
2024-10-30 11:00:00+00:00,short,buy,72377.1,,85594715497.39,-0.05,1850.41
2024-10-30 14:00:00+00:00,short,sell - direction_change,72377.1,71966.0,86038093843.57,0.52,1850.93
2024-10-30 14:00:00+00:00,long,buy,71966.0,,85995074796.65,-0.05,1850.88
2024-10-30 15:00:00+00:00,long,sell - direction_change,71966.0,72416.1,86489919895.58,0.58,1851.46
2024-10-30 15:00:00+00:00,short,buy,72416.1,,86446674935.63,-0.05,1851.41
2024-10-30 20:00:00+00:00,short,sell - direction_change,72416.1,71826.0,87107883111.04,0.76,1852.17
2024-10-30 20:00:00+00:00,long,buy,71826.0,,87064329169.48,-0.05,1852.12
2024-10-31 00:00:00+00:00,long,sell - direction_change,71826.0,72349.0,87654754682.56,0.68,1852.8
2024-10-31 00:00:00+00:00,short,buy,72349.0,,87610927305.21,-0.05,1852.75
2024-10-31 01:00:00+00:00,short,sell - direction_change,72349.0,72173.8,87779280053.34,0.19,1852.94
2024-10-31 01:00:00+00:00,long,buy,72173.8,,87735390413.31,-0.05,1852.89
2024-10-31 06:00:00+00:00,long,sell - direction_change,72173.8,72298.1,87842623381.07,0.12,1853.01
2024-10-31 06:00:00+00:00,short,buy,72298.1,,87798702069.38,-0.05,1852.96
2024-10-31 07:00:00+00:00,short,sell - direction_change,72298.1,72213.4,87857662268.8,0.07,1853.03
2024-10-31 07:00:00+00:00,long,buy,72213.4,,87813733437.67,-0.05,1852.98
2024-10-31 08:00:00+00:00,long,sell - direction_change,72213.4,72417.8,88018383308.55,0.23,1853.22
2024-10-31 08:00:00+00:00,short,buy,72417.8,,87974374116.89,-0.05,1853.17
2024-10-31 09:00:00+00:00,short,sell - direction_change,72417.8,72277.6,88100704272.41,0.14,1853.31
2024-10-31 09:00:00+00:00,long,buy,72277.6,,88056653920.27,-0.05,1853.26
2024-10-31 11:00:00+00:00,long,sell - direction_change,72277.6,72641.8,88456334755.73,0.45,1853.71
2024-10-31 11:00:00+00:00,short,buy,72641.8,,88412106588.35,-0.05,1853.66
2024-10-31 15:48:00+00:00,short,sell - take_profit,72641.8,70462.546,91020263732.71,2.95,1856.61
2024-10-31 16:00:00+00:00,short,buy,70638.6,,90974753600.84,-0.05,1856.56
2024-10-31 21:00:00+00:00,short,sell - direction_change,70638.6,70059.0,91675727325.86,0.77,1857.33
2024-10-31 21:00:00+00:00,long,buy,70059.0,,91629889462.2,-0.05,1857.28
2024-10-31 23:00:00+00:00,long,sell - direction_change,70059.0,70502.8,92164518785.06,0.58,1857.87
2024-10-31 23:00:00+00:00,short,buy,70502.8,,92118436525.67,-0.05,1857.82
2024-11-01 04:00:00+00:00,short,sell - direction_change,70502.8,69397.7,93516292786.01,1.52,1859.33
2024-11-01 04:00:00+00:00,long,buy,69397.7,,93469534639.61,-0.05,1859.28
2024-11-01 06:00:00+00:00,long,sell - direction_change,69397.7,69630.4,93736216033.21,0.29,1859.57
2024-11-01 06:00:00+00:00,short,buy,69630.4,,93689347925.2,-0.05,1859.52
2024-11-01 11:00:00+00:00,short,sell - direction_change,69630.4,70000.0,93145197720.99,-0.58,1858.94
2024-11-01 11:00:00+00:00,long,buy,70000.0,,93098625122.13,-0.05,1858.89
2024-11-01 15:00:00+00:00,long,sell - direction_change,70000.0,71273.5,94745805796.61,1.77,1860.66
2024-11-01 15:00:00+00:00,short,buy,71273.5,,94698432893.71,-0.05,1860.61
2024-11-01 15:51:00+00:00,short,sell - take_profit,71273.5,69135.295,97492036664.08,2.95,1863.56
2024-11-01 16:00:00+00:00,long,buy,69381.1,,97443290645.75,-0.05,1863.51
2024-11-01 18:00:00+00:00,long,sell - direction_change,69381.1,69584.1,97679675290.19,0.24,1863.75
2024-11-01 18:00:00+00:00,short,buy,69584.1,,97630835452.55,-0.05,1863.7
2024-11-01 21:00:00+00:00,short,sell - direction_change,69584.1,69258.9,98038295932.46,0.42,1864.12
2024-11-01 21:00:00+00:00,long,buy,69258.9,,97989276784.5,-0.05,1864.07
2024-11-01 22:00:00+00:00,long,sell - direction_change,69258.9,69275.7,97964051219.1,-0.03,1864.04
2024-11-01 22:00:00+00:00,short,buy,69275.7,,97915069193.49,-0.05,1863.99
2024-11-01 23:00:00+00:00,short,sell - direction_change,69275.7,69441.2,97632192060.08,-0.29,1863.7
2024-11-01 23:00:00+00:00,long,buy,69441.2,,97583375964.05,-0.05,1863.65
2024-11-02 00:00:00+00:00,long,sell - direction_change,69441.2,69495.4,97610749707.79,0.03,1863.68
2024-11-02 00:00:00+00:00,short,buy,69495.4,,97561944332.94,-0.05,1863.63
2024-11-02 05:00:00+00:00,short,sell - direction_change,69495.4,69570.0,97408435262.98,-0.16,1863.47
2024-11-02 05:00:00+00:00,long,buy,69570.0,,97359731045.35,-0.05,1863.42
2024-11-02 08:00:00+00:00,long,sell - direction_change,69570.0,69813.0,97651117510.78,0.3,1863.72
2024-11-02 08:00:00+00:00,short,buy,69813.0,,97602291952.02,-0.05,1863.67
2024-11-02 20:00:00+00:00,short,sell - direction_change,69813.0,69502.5,97987586341.99,0.39,1864.07
2024-11-02 20:00:00+00:00,long,buy,69502.5,,97938592548.82,-0.05,1864.02
2024-11-02 21:00:00+00:00,long,sell - direction_change,69502.5,69543.1,97946834242.91,0.01,1864.03
2024-11-02 21:00:00+00:00,short,buy,69543.1,,97897860825.78,-0.05,1863.98
2024-11-03 12:00:00+00:00,short,sell - direction_change,69543.1,68345.4,99534949301.11,1.67,1865.65
2024-11-03 12:00:00+00:00,long,buy,68345.4,,99485181826.46,-0.05,1865.6
2024-11-03 13:00:00+00:00,long,sell - direction_change,68345.4,68469.2,99615645445.62,0.13,1865.73
2024-11-03 13:00:00+00:00,short,buy,68469.2,,99565837622.9,-0.05,1865.68
2024-11-03 16:00:00+00:00,short,sell - direction_change,68469.2,68075.6,100088415907.2,0.52,1866.2
2024-11-03 16:00:00+00:00,long,buy,68075.6,,100038371699.25,-0.05,1866.15
2024-11-03 17:00:00+00:00,long,sell - direction_change,68075.6,68131.1,100069910804.91,0.03,1866.19
2024-11-03 17:00:00+00:00,short,buy,68131.1,,100019875849.51,-0.05,1866.14
2024-11-03 19:00:00+00:00,short,sell - direction_change,68131.1,67991.6,100174658916.26,0.15,1866.29
2024-11-03 19:00:00+00:00,long,buy,67991.6,,100124571586.8,-0.05,1866.24
2024-11-04 07:00:00+00:00,long,sell - direction_change,67991.6,69115.5,101729566778.79,1.6,1867.84
2024-11-04 07:00:00+00:00,short,buy,69115.5,,101678701995.4,-0.05,1867.79
2024-11-04 10:00:00+00:00,short,sell - direction_change,69115.5,68628.0,102345044278.37,0.66,1868.45
2024-11-04 10:00:00+00:00,long,buy,68628.0,,102293871756.24,-0.05,1868.4
2024-11-04 13:00:00+00:00,long,sell - direction_change,68628.0,68958.0,102734608274.33,0.43,1868.83
2024-11-04 13:00:00+00:00,short,buy,68958.0,,102683240970.2,-0.05,1868.78
2024-11-04 19:00:00+00:00,short,sell - direction_change,68958.0,67637.6,104598066456.89,1.86,1870.64
2024-11-04 19:00:00+00:00,long,buy,67637.6,,104545767423.67,-0.05,1870.59
2024-11-04 20:00:00+00:00,long,sell - direction_change,67637.6,67845.6,104814995001.59,0.26,1870.85
2024-11-04 20:00:00+00:00,short,buy,67845.6,,104762587504.09,-0.05,1870.8
2024-11-05 03:00:00+00:00,short,sell - direction_change,67845.6,67861.8,104685191265.85,-0.07,1870.73
2024-11-05 03:00:00+00:00,long,buy,67861.8,,104632848670.22,-0.05,1870.68
2024-11-05 14:40:00+00:00,long,sell - take_profit,67861.8,69897.65400000001,107719517705.99,2.95,1873.63
2024-11-05 15:00:00+00:00,long,buy,69947.4,,107665657947.14,-0.05,1873.58
2024-11-05 15:30:00+00:00,long,sell - stop_loss,69947.4,69247.92599999999,106535168538.69,-1.05,1872.53
2024-11-05 16:00:00+00:00,long,buy,69615.2,,106481900954.43,-0.05,1872.48
2024-11-05 19:57:00+00:00,long,sell - stop_loss,69615.2,68919.048,105363840994.4,-1.05,1871.43
2024-11-05 20:00:00+00:00,long,buy,68955.9,,105311159073.91,-0.05,1871.38
2024-11-06 00:44:00+00:00,long,sell - take_profit,68955.9,71024.57699999999,108417838266.59,2.95,1874.33
2024-11-06 01:00:00+00:00,long,buy,71058.6,,108363629347.45,-0.05,1874.28
2024-11-06 02:57:00+00:00,long,sell - take_profit,71058.6,73190.35800000001,111560356413.2,2.95,1877.23
2024-11-06 03:00:00+00:00,long,buy,73079.0,,111504576235.0,-0.05,1877.18
2024-11-06 03:08:00+00:00,long,sell - take_profit,73079.0,75271.37,114793961233.93,2.95,1880.13
2024-11-06 04:00:00+00:00,long,buy,74367.1,,114736564253.31,-0.05,1880.08
2024-11-06 07:42:00+00:00,long,sell - stop_loss,74367.1,73623.429,113531830328.65,-1.05,1879.03
2024-11-06 08:00:00+00:00,long,buy,73435.8,,113475064413.49,-0.05,1878.98
2024-11-06 19:48:00+00:00,long,sell - take_profit,73435.8,75638.87400000001,116822578813.69,2.95,1881.93
2024-11-06 20:00:00+00:00,long,buy,75817.9,,116764167524.28,-0.05,1881.88
2024-11-07 00:50:00+00:00,long,sell - stop_loss,75817.9,75059.72099999999,115538143765.27,-1.05,1880.83
2024-11-07 01:00:00+00:00,long,buy,75361.6,,115480374693.39,-0.05,1880.78
2024-11-07 06:05:00+00:00,long,sell - stop_loss,75361.6,74607.98400000001,114267830759.11,-1.05,1879.73
2024-11-07 07:00:00+00:00,long,buy,74815.5,,114210696843.73,-0.05,1879.68
2024-11-07 11:00:00+00:00,long,sell - direction_change,74815.5,75060.3,114527294519.25,0.28,1879.96
2024-11-07 11:00:00+00:00,short,buy,75060.3,,114470030871.99,-0.05,1879.91
2024-11-07 12:00:00+00:00,short,sell - direction_change,75060.3,74776.9,114844992460.47,0.33,1880.23
2024-11-07 12:00:00+00:00,long,buy,74776.9,,114787569964.24,-0.05,1880.18
2024-11-07 13:00:00+00:00,long,sell - direction_change,74776.9,75017.7,115099820372.15,0.27,1880.46
2024-11-07 13:00:00+00:00,short,buy,75017.7,,115042270461.96,-0.05,1880.41
2024-11-07 14:00:00+00:00,short,sell - direction_change,75017.7,74696.3,115477627483.84,0.38,1880.78
2024-11-07 14:00:00+00:00,long,buy,74696.3,,115419888670.1,-0.05,1880.73
2024-11-08 11:00:00+00:00,long,sell - direction_change,74696.3,76253.9,117768964852.95,2.04,1882.77
2024-11-08 11:00:00+00:00,short,buy,76253.9,,117710080370.53,-0.05,1882.72
2024-11-08 12:00:00+00:00,short,sell - direction_change,76253.9,75952.0,118117256225.34,0.35,1883.06
2024-11-08 12:00:00+00:00,long,buy,75952.0,,118058197597.22,-0.05,1883.01
2024-11-08 14:00:00+00:00,long,sell - direction_change,75952.0,76280.3,118509471140.5,0.38,1883.4
2024-11-08 14:00:00+00:00,short,buy,76280.3,,118450216404.93,-0.05,1883.35
2024-11-08 15:00:00+00:00,short,sell - direction_change,76280.3,75758.7,119200946591.57,0.63,1883.98
2024-11-08 15:00:00+00:00,long,buy,75758.7,,119141346118.27,-0.05,1883.93
2024-11-09 03:00:00+00:00,long,sell - direction_change,75758.7,76418.6,120119562185.27,0.82,1884.75
2024-11-09 03:00:00+00:00,short,buy,76418.6,,120059502404.17,-0.05,1884.7
2024-11-09 04:00:00+00:00,short,sell - direction_change,76418.6,76330.1,120138512964.66,0.07,1884.77
2024-11-09 04:00:00+00:00,long,buy,76330.1,,120078443708.18,-0.05,1884.72
2024-11-09 12:00:00+00:00,long,sell - direction_change,76330.1,76478.6,120252016768.9,0.14,1884.86
2024-11-09 12:00:00+00:00,short,buy,76478.6,,120191890760.52,-0.05,1884.81
2024-11-09 13:00:00+00:00,short,sell - direction_change,76478.6,76269.5,120460411243.24,0.22,1885.04
2024-11-09 13:00:00+00:00,long,buy,76269.5,,120400181037.62,-0.05,1884.99
2024-11-09 14:00:00+00:00,long,sell - direction_change,76269.5,76406.3,120555935486.8,0.13,1885.12
2024-11-09 14:00:00+00:00,short,buy,76406.3,,120495657519.06,-0.05,1885.07
2024-11-09 21:00:00+00:00,short,sell - direction_change,76406.3,76271.9,120647363630.88,0.13,1885.19
2024-11-09 21:00:00+00:00,long,buy,76271.9,,120587039949.07,-0.05,1885.14
2024-11-10 04:53:00+00:00,long,sell - take_profit,76271.9,78560.057,124144357627.57,2.95,1888.09
2024-11-10 05:00:00+00:00,long,buy,79273.7,,124082285448.75,-0.05,1888.04
2024-11-10 22:22:00+00:00,long,sell - take_profit,79273.7,81651.911,127742712869.49,2.95,1890.99
2024-11-10 23:00:00+00:00,long,buy,80683.6,,127678841513.06,-0.05,1890.94
2024-11-11 15:17:00+00:00,long,sell - take_profit,80683.6,83104.10800000001,131445367337.69,2.95,1893.89
2024-11-11 16:00:00+00:00,long,buy,84114.1,,131379644654.02,-0.05,1893.84
2024-11-11 19:07:00+00:00,long,sell - take_profit,84114.1,86637.523,135255344171.32,2.95,1896.79
2024-11-11 20:00:00+00:00,long,buy,86180.9,,135187716499.23,-0.05,1896.74
2024-11-11 23:01:00+00:00,long,sell - take_profit,86180.9,88766.32699999999,139175754135.96,2.95,1899.69
2024-11-12 00:00:00+00:00,long,buy,88729.0,,139106166258.89,-0.05,1899.64
2024-11-12 00:14:00+00:00,long,sell - stop_loss,88729.0,87841.71,137645551513.17,-1.05,1898.59
2024-11-12 01:00:00+00:00,long,buy,89065.9,,137576728737.41,-0.05,1898.54
2024-11-12 02:22:00+00:00,long,sell - stop_loss,89065.9,88175.241,136132173085.67,-1.05,1897.49
2024-11-12 03:00:00+00:00,long,buy,87778.5,,136064106999.13,-0.05,1897.44
2024-11-12 10:35:00+00:00,long,sell - stop_loss,87778.5,86900.715,134635433875.64,-1.05,1896.39
2024-11-12 11:00:00+00:00,long,buy,86972.1,,134568116158.7,-0.05,1896.34
2024-11-12 13:02:00+00:00,long,sell - stop_loss,86972.1,86102.379,133155150939.03,-1.05,1895.29
2024-11-12 14:00:00+00:00,long,buy,86418.6,,133088573363.56,-0.05,1895.24
2024-11-12 14:31:00+00:00,long,sell - stop_loss,86418.6,85554.414,131691143343.25,-1.05,1894.19
2024-11-12 15:00:00+00:00,long,buy,87041.4,,131625297771.58,-0.05,1894.14
2024-11-12 15:45:00+00:00,long,sell - stop_loss,87041.4,86170.98599999999,130243232144.97,-1.05,1893.09
2024-11-12 16:00:00+00:00,long,buy,86660.0,,130178110528.9,-0.05,1893.04
2024-11-12 16:14:00+00:00,long,sell - stop_loss,86660.0,85793.4,128811240368.35,-1.05,1891.99
2024-11-12 17:00:00+00:00,long,buy,87089.8,,128746834748.16,-0.05,1891.94
2024-11-12 19:32:00+00:00,long,sell - take_profit,87089.8,89702.494,132544866373.23,2.95,1894.89
2024-11-12 20:00:00+00:00,long,buy,88762.9,,132478593940.05,-0.05,1894.84
2024-11-12 22:07:00+00:00,long,sell - stop_loss,88762.9,87875.271,131087568703.68,-1.05,1893.79
2024-11-12 23:00:00+00:00,long,buy,88631.5,,131022024919.33,-0.05,1893.74
2024-11-12 23:20:00+00:00,long,sell - stop_loss,88631.5,87745.185,129646293657.67,-1.05,1892.69
2024-11-13 00:00:00+00:00,long,buy,87972.0,,129581470510.84,-0.05,1892.64
2024-11-13 02:35:00+00:00,long,sell - stop_loss,87972.0,87092.28,128220865070.48,-1.05,1891.59
2024-11-13 03:00:00+00:00,long,buy,87925.0,,128156754637.94,-0.05,1891.54
2024-11-13 04:31:00+00:00,long,sell - stop_loss,87925.0,87045.75,126811108714.25,-1.05,1890.49
2024-11-13 05:00:00+00:00,short,buy,87221.2,,126747703159.89,-0.05,1890.44
2024-11-13 07:00:00+00:00,short,sell - direction_change,87221.2,86550.0,127659700644.19,0.72,1891.16
2024-11-13 07:00:00+00:00,long,buy,86550.0,,127595870793.87,-0.05,1891.11
2024-11-13 08:00:00+00:00,long,sell - direction_change,86550.0,87402.9,128789456084.35,0.94,1892.05
2024-11-13 08:00:00+00:00,short,buy,87402.9,,128725061356.31,-0.05,1892.0
2024-11-13 11:00:00+00:00,short,sell - direction_change,87402.9,87584.5,128393242355.17,-0.26,1891.74
2024-11-13 11:00:00+00:00,long,buy,87584.5,,128329045733.99,-0.05,1891.69
2024-11-13 14:31:00+00:00,long,sell - take_profit,87584.5,90212.035,132114752583.14,2.95,1894.64
2024-11-13 15:00:00+00:00,long,buy,91563.0,,132048695206.85,-0.05,1894.59
2024-11-13 15:07:00+00:00,long,sell - stop_loss,91563.0,90647.37,130662183907.18,-1.05,1893.54
2024-11-13 16:00:00+00:00,long,buy,92608.0,,130596852815.22,-0.05,1893.49
2024-11-13 16:40:00+00:00,long,sell - stop_loss,92608.0,91681.92,129225585860.66,-1.05,1892.44
2024-11-13 17:00:00+00:00,long,buy,92312.1,,129160973067.73,-0.05,1892.39
2024-11-13 19:07:00+00:00,long,sell - stop_loss,92312.1,91388.979,127804782850.52,-1.05,1891.34
2024-11-13 20:00:00+00:00,long,buy,90218.8,,127740880459.1,-0.05,1891.29
2024-11-13 20:04:00+00:00,long,sell - stop_loss,90218.8,89316.61200000001,126399601214.28,-1.05,1890.24
2024-11-13 21:00:00+00:00,long,buy,89742.3,,126336401413.67,-0.05,1890.19
2024-11-13 21:05:00+00:00,long,sell - stop_loss,89742.3,88844.87700000001,125009869198.83,-1.05,1889.14
2024-11-13 22:00:00+00:00,long,buy,88587.7,,124947364264.23,-0.05,1889.09
2024-11-14 05:00:00+00:00,long,sell - direction_change,88587.7,90169.1,127115355554.63,1.74,1890.82
2024-11-14 05:00:00+00:00,short,buy,90169.1,,127051797876.85,-0.05,1890.77
2024-11-14 07:00:00+00:00,short,sell - direction_change,90169.1,89336.2,128161860740.05,0.87,1891.65
2024-11-14 07:00:00+00:00,long,buy,89336.2,,128097779809.68,-0.05,1891.6
2024-11-14 14:00:00+00:00,long,sell - direction_change,89336.2,90797.5,130129066132.55,1.59,1893.18
2024-11-14 14:00:00+00:00,short,buy,90797.5,,130064001599.49,-0.05,1893.13
2024-11-14 14:33:00+00:00,short,sell - stop_loss,90797.5,91705.475,128698329582.69,-1.05,1892.08
2024-11-14 15:00:00+00:00,short,buy,88769.1,,128633980417.9,-0.05,1892.03
2024-11-14 17:00:00+00:00,short,sell - direction_change,88769.1,89225.8,127907866261.14,-0.56,1891.47
2024-11-14 17:00:00+00:00,long,buy,89225.8,,127843912328.01,-0.05,1891.42
2024-11-14 18:00:00+00:00,long,sell - direction_change,89225.8,89265.9,127837446184.9,-0.01,1891.41
2024-11-14 18:00:00+00:00,short,buy,89265.9,,127773527461.81,-0.05,1891.36
2024-11-15 01:00:00+00:00,short,sell - direction_change,89265.9,87920.1,129635993462.78,1.46,1892.82
2024-11-15 01:00:00+00:00,long,buy,87920.1,,129571175466.04,-0.05,1892.77
2024-11-15 02:00:00+00:00,long,sell - direction_change,87920.1,88154.3,129851539272.98,0.22,1892.99
2024-11-15 02:00:00+00:00,short,buy,88154.3,,129786613503.34,-0.05,1892.94
2024-11-15 05:00:00+00:00,short,sell - direction_change,88154.3,87505.3,130677221087.23,0.69,1893.62
2024-11-15 05:00:00+00:00,long,buy,87505.3,,130611882476.69,-0.05,1893.57
2024-11-15 07:00:00+00:00,long,sell - direction_change,87505.3,88223.3,131618275411.04,0.77,1894.34
2024-11-15 07:00:00+00:00,short,buy,88223.3,,131552466273.33,-0.05,1894.29
2024-11-15 08:00:00+00:00,short,sell - direction_change,88223.3,87693.9,132276094603.9,0.55,1894.84
2024-11-15 08:00:00+00:00,long,buy,87693.9,,132209956556.6,-0.05,1894.79
2024-11-15 12:11:00+00:00,long,sell - take_profit,87693.9,90324.71699999999,136110150275.02,2.95,1897.74
2024-11-15 13:00:00+00:00,long,buy,89819.9,,136042095199.88,-0.05,1897.69
2024-11-15 14:34:00+00:00,long,sell - stop_loss,89819.9,88921.70099999999,134613653200.28,-1.05,1896.64
2024-11-15 15:00:00+00:00,long,buy,89150.2,,134546346373.68,-0.05,1896.59
2024-11-15 15:20:00+00:00,long,sell - stop_loss,89150.2,88258.69799999999,133133609736.76,-1.05,1895.54
2024-11-15 16:00:00+00:00,long,buy,88485.5,,133067042931.89,-0.05,1895.49
2024-11-15 20:18:00+00:00,long,sell - take_profit,88485.5,91140.065,136992520698.38,2.95,1898.44
2024-11-15 21:00:00+00:00,long,buy,91479.3,,136924024438.03,-0.05,1898.39
2024-11-16 06:00:00+00:00,long,sell - direction_change,91479.3,91392.8,136726091298.31,-0.14,1898.25
2024-11-16 06:00:00+00:00,short,buy,91392.8,,136657728252.67,-0.05,1898.2
2024-11-16 07:00:00+00:00,short,sell - direction_change,91392.8,91243.9,136812046421.31,0.11,1898.31
2024-11-16 07:00:00+00:00,long,buy,91243.9,,136743640398.1,-0.05,1898.26
2024-11-16 11:00:00+00:00,long,sell - direction_change,91243.9,91437.3,136965109543.19,0.16,1898.42
2024-11-16 11:00:00+00:00,short,buy,91437.3,,136896626988.42,-0.05,1898.37
2024-11-16 13:00:00+00:00,short,sell - direction_change,91437.3,90948.6,137559842685.23,0.48,1898.86
2024-11-16 13:00:00+00:00,long,buy,90948.6,,137491062763.89,-0.05,1898.81
2024-11-16 15:00:00+00:00,long,sell - direction_change,90948.6,91031.5,137547640866.99,0.04,1898.85
2024-11-16 15:00:00+00:00,short,buy,91031.5,,137478867046.56,-0.05,1898.8
2024-11-16 17:00:00+00:00,short,sell - direction_change,91031.5,90662.1,137968008055.37,0.36,1899.16
2024-11-16 17:00:00+00:00,long,buy,90662.1,,137899024051.35,-0.05,1899.11
2024-11-16 20:00:00+00:00,long,sell - direction_change,90662.1,91176.9,138613096525.15,0.52,1899.62
2024-11-16 20:00:00+00:00,short,buy,91176.9,,138543789976.89,-0.05,1899.57
2024-11-16 21:00:00+00:00,short,sell - direction_change,91176.9,90812.8,139027769990.34,0.35,1899.92
2024-11-16 21:00:00+00:00,long,buy,90812.8,,138958256105.34,-0.05,1899.87
2024-11-16 22:00:00+00:00,long,sell - direction_change,90812.8,91061.5,139269328158.33,0.22,1900.1
2024-11-16 22:00:00+00:00,short,buy,91061.5,,139199693494.25,-0.05,1900.05
2024-11-17 08:00:00+00:00,short,sell - direction_change,91061.5,90600.0,139835558180.24,0.46,1900.5
2024-11-17 08:00:00+00:00,long,buy,90600.0,,139765640401.15,-0.05,1900.45
2024-11-17 11:00:00+00:00,long,sell - direction_change,90600.0,91133.9,140519387552.36,0.54,1900.99
2024-11-17 11:00:00+00:00,short,buy,91133.9,,140449127858.59,-0.05,1900.94
2024-11-17 12:00:00+00:00,short,sell - direction_change,91133.9,90743.3,140980868417.86,0.38,1901.32
2024-11-17 12:00:00+00:00,long,buy,90743.3,,140910377983.65,-0.05,1901.27
2024-11-17 13:00:00+00:00,long,sell - direction_change,90743.3,91138.3,141453296997.53,0.39,1901.66
2024-11-17 13:00:00+00:00,short,buy,91138.3,,141382570349.03,-0.05,1901.61
2024-11-18 01:00:00+00:00,short,sell - direction_change,91138.3,89988.9,143094939822.72,1.21,1902.82
2024-11-18 01:00:00+00:00,long,buy,89988.9,,143023392352.81,-0.05,1902.77
2024-11-18 11:00:00+00:00,long,sell - direction_change,89988.9,91862.0,145928882444.81,2.03,1904.8
2024-11-18 11:00:00+00:00,short,buy,91862.0,,145855918003.59,-0.05,1904.75
2024-11-18 12:00:00+00:00,short,sell - direction_change,91862.0,90338.7,148201643240.63,1.61,1906.36
2024-11-18 12:00:00+00:00,long,buy,90338.7,,148127542419.01,-0.05,1906.31
2024-11-18 13:00:00+00:00,long,sell - direction_change,90338.7,90571.5,148435198684.45,0.21,1906.52
2024-11-18 13:00:00+00:00,short,buy,90571.5,,148360981085.11,-0.05,1906.47
2024-11-18 14:00:00+00:00,short,sell - direction_change,90571.5,89553.7,149954011654.87,1.07,1907.54
2024-11-18 14:00:00+00:00,long,buy,89553.7,,149879034649.04,-0.05,1907.49
2024-11-18 15:42:00+00:00,long,sell - take_profit,89553.7,92240.311,154300466171.19,2.95,1910.44
2024-11-18 16:00:00+00:00,long,buy,92407.8,,154223315938.1,-0.05,1910.39
2024-11-18 16:46:00+00:00,long,sell - stop_loss,92407.8,91483.72200000001,152603971120.75,-1.05,1909.34
2024-11-18 17:00:00+00:00,long,buy,91502.0,,152527669135.19,-0.05,1909.29
2024-11-18 18:00:00+00:00,long,sell - direction_change,91502.0,91648.4,152695444237.06,0.11,1909.4
2024-11-18 18:00:00+00:00,short,buy,91648.4,,152619096514.94,-0.05,1909.35
2024-11-18 19:00:00+00:00,short,sell - direction_change,91648.4,90427.0,154576744618.79,1.28,1910.63
2024-11-18 19:00:00+00:00,long,buy,90427.0,,154499456246.48,-0.05,1910.58
2024-11-18 23:00:00+00:00,long,sell - direction_change,90427.0,91222.7,155781703320.59,0.83,1911.41
2024-11-18 23:00:00+00:00,short,buy,91222.7,,155703812468.93,-0.05,1911.36
2024-11-19 00:00:00+00:00,short,sell - direction_change,91222.7,90507.4,156846873088.4,0.73,1912.1
2024-11-19 00:00:00+00:00,long,buy,90507.4,,156768449651.86,-0.05,1912.05
2024-11-19 01:00:00+00:00,long,sell - direction_change,90507.4,91113.8,157740414767.18,0.62,1912.67
2024-11-19 01:00:00+00:00,short,buy,91113.8,,157661544559.8,-0.05,1912.62
2024-11-19 02:00:00+00:00,short,sell - direction_change,91113.8,90777.9,158163948603.95,0.32,1912.93
2024-11-19 02:00:00+00:00,long,buy,90777.9,,158084866629.65,-0.05,1912.88
2024-11-19 13:00:00+00:00,long,sell - direction_change,90777.9,92539.8,161074078986.49,1.89,1914.78
2024-11-19 13:00:00+00:00,short,buy,92539.8,,160993541946.99,-0.05,1914.73
2024-11-19 14:00:00+00:00,short,sell - direction_change,92539.8,91175.0,163287417997.76,1.42,1916.15
2024-11-19 14:00:00+00:00,long,buy,91175.0,,163205774288.76,-0.05,1916.1
2024-11-19 18:46:00+00:00,long,sell - take_profit,91175.0,93910.25,168020344630.28,2.95,1919.05
2024-11-19 19:00:00+00:00,long,buy,93692.3,,167936334457.96,-0.05,1919.0
2024-11-19 20:47:00+00:00,long,sell - stop_loss,93692.3,92755.37700000001,166173002946.16,-1.05,1917.95
2024-11-19 21:00:00+00:00,long,buy,92498.0,,166089916444.68,-0.05,1917.9
2024-11-19 22:32:00+00:00,long,sell - stop_loss,92498.0,91573.02,164345972322.01,-1.05,1916.85
2024-11-19 23:00:00+00:00,long,buy,91857.9,,164263799335.85,-0.05,1916.8
2024-11-20 01:00:00+00:00,long,sell - direction_change,91857.9,92070.4,164561668038.84,0.18,1916.98
2024-11-20 01:00:00+00:00,short,buy,92070.4,,164479387204.82,-0.05,1916.93
2024-11-20 03:00:00+00:00,short,sell - direction_change,92070.4,91787.0,164903428121.86,0.26,1917.19
2024-11-20 03:00:00+00:00,long,buy,91787.0,,164820976407.8,-0.05,1917.14
2024-11-20 13:49:00+00:00,long,sell - take_profit,91787.0,94540.61,169683195211.83,2.95,1920.09
2024-11-20 14:00:00+00:00,long,buy,94420.0,,169598353614.22,-0.05,1920.04
2024-11-20 16:30:00+00:00,long,sell - stop_loss,94420.0,93475.8,167817570901.27,-1.05,1918.99
2024-11-20 17:00:00+00:00,long,buy,94048.2,,167733662115.82,-0.05,1918.94
2024-11-20 18:46:00+00:00,long,sell - stop_loss,94048.2,93107.718,165972458663.61,-1.05,1917.89
2024-11-20 19:00:00+00:00,long,buy,93671.5,,165889472434.28,-0.05,1917.84
2024-11-21 04:04:00+00:00,long,sell - take_profit,93671.5,96481.645,170783211871.09,2.95,1920.79
2024-11-21 05:00:00+00:00,long,buy,97591.2,,170697820265.15,-0.05,1920.74
2024-11-21 14:39:00+00:00,long,sell - stop_loss,97591.2,96615.288,168905493152.37,-1.05,1919.69
2024-11-21 15:00:00+00:00,long,buy,97068.3,,168821040405.79,-0.05,1919.64
2024-11-21 15:34:00+00:00,long,sell - stop_loss,97068.3,96097.617,167048419481.53,-1.05,1918.59
2024-11-21 16:00:00+00:00,long,buy,96684.1,,166964895271.79,-0.05,1918.54
2024-11-22 13:00:00+00:00,long,sell - direction_change,96684.1,98680.5,170329019172.26,2.01,1920.55
2024-11-22 13:00:00+00:00,short,buy,98680.5,,170243854662.67,-0.05,1920.5
2024-11-22 15:00:00+00:00,short,sell - direction_change,98680.5,97370.4,172418920654.87,1.28,1921.78
2024-11-22 15:00:00+00:00,long,buy,97370.4,,172332711194.55,-0.05,1921.73
2024-11-23 01:00:00+00:00,long,sell - direction_change,97370.4,98663.3,174534806593.07,1.28,1923.01
2024-11-23 01:00:00+00:00,short,buy,98663.3,,174447539189.77,-0.05,1922.96
2024-11-23 03:00:00+00:00,short,sell - direction_change,98663.3,98528.5,174598656609.69,0.09,1923.05
2024-11-23 03:00:00+00:00,long,buy,98528.5,,174511357281.38,-0.05,1923.0
2024-11-23 04:00:00+00:00,long,sell - direction_change,98528.5,98702.6,174732463419.91,0.13,1923.12
2024-11-23 04:00:00+00:00,short,buy,98702.6,,174645097188.2,-0.05,1923.07
2024-11-23 05:00:00+00:00,short,sell - direction_change,98702.6,98611.1,174719675404.05,0.04,1923.12
2024-11-23 05:00:00+00:00,long,buy,98611.1,,174632315566.35,-0.05,1923.07
2024-11-23 06:00:00+00:00,long,sell - direction_change,98611.1,98790.4,174862525267.02,0.13,1923.2
2024-11-23 06:00:00+00:00,short,buy,98790.4,,174775094004.39,-0.05,1923.15
2024-11-23 12:00:00+00:00,short,sell - direction_change,98790.4,98470.8,175253126984.52,0.27,1923.42
2024-11-23 12:00:00+00:00,long,buy,98470.8,,175165500421.03,-0.05,1923.37
2024-11-23 13:00:00+00:00,long,sell - direction_change,98470.8,98670.9,175433867014.52,0.15,1923.52
2024-11-23 13:00:00+00:00,short,buy,98670.9,,175346150081.02,-0.05,1923.47
2024-11-23 14:00:00+00:00,short,sell - direction_change,98670.9,98587.9,175405974702.43,0.03,1923.51
2024-11-23 14:00:00+00:00,long,buy,98587.9,,175318271715.07,-0.05,1923.46
2024-11-23 15:00:00+00:00,long,sell - direction_change,98587.9,98805.6,175617747184.5,0.17,1923.63
2024-11-23 15:00:00+00:00,short,buy,98805.6,,175529938310.91,-0.05,1923.58
2024-11-24 02:00:00+00:00,short,sell - direction_change,98805.6,98252.2,176425298466.86,0.51,1924.09
2024-11-24 02:00:00+00:00,long,buy,98252.2,,176337085817.63,-0.05,1924.04
2024-11-24 08:00:00+00:00,long,sell - direction_change,98252.2,98490.1,176675885757.01,0.19,1924.23
2024-11-24 08:00:00+00:00,short,buy,98490.1,,176587547814.13,-0.05,1924.18
2024-11-24 18:00:00+00:00,short,sell - direction_change,98490.1,95992.8,180976781052.14,2.49,1926.67
2024-11-24 18:00:00+00:00,long,buy,95992.8,,180886292661.62,-0.05,1926.62
2024-11-24 19:00:00+00:00,long,sell - direction_change,95992.8,96605.7,181950782059.94,0.59,1927.21
2024-11-24 19:00:00+00:00,short,buy,96605.7,,181859806668.91,-0.05,1927.16
2024-11-24 22:00:00+00:00,short,sell - direction_change,96605.7,97037.7,180955638659.74,-0.5,1926.66
2024-11-24 22:00:00+00:00,long,buy,97037.7,,180865160840.41,-0.05,1926.61
2024-11-25 13:00:00+00:00,long,sell - direction_change,97037.7,97981.6,182534030318.03,0.92,1927.53
2024-11-25 13:00:00+00:00,short,buy,97981.6,,182442763302.87,-0.05,1927.48
2024-11-25 15:11:00+00:00,short,sell - take_profit,97981.6,95042.152,187824824820.3,2.95,1930.43
2024-11-25 16:00:00+00:00,short,buy,96040.4,,187730912407.89,-0.05,1930.38
2024-11-25 20:00:00+00:00,short,sell - direction_change,96040.4,94723.7,190210810621.64,1.32,1931.7
2024-11-25 20:00:00+00:00,long,buy,94723.7,,190115705216.33,-0.05,1931.65
2024-11-25 21:00:00+00:00,long,sell - direction_change,94723.7,95018.0,190611323741.91,0.26,1931.91
2024-11-25 21:00:00+00:00,short,buy,95018.0,,190516018080.04,-0.05,1931.86
2024-11-25 22:00:00+00:00,short,sell - direction_change,95018.0,93840.0,192782711167.62,1.19,1933.05
2024-11-25 22:00:00+00:00,long,buy,93840.0,,192686319812.03,-0.05,1933.0
2024-11-25 22:39:00+00:00,long,sell - stop_loss,93840.0,92901.6,190663113454.01,-1.05,1931.95
2024-11-25 23:00:00+00:00,short,buy,94479.0,,190567781897.28,-0.05,1931.9
2024-11-26 00:00:00+00:00,short,sell - direction_change,94479.0,93064.0,193326607505.63,1.45,1933.35
2024-11-26 00:00:00+00:00,long,buy,93064.0,,193229944201.88,-0.05,1933.3
2024-11-26 02:00:00+00:00,long,sell - direction_change,93064.0,94909.4,196964956271.71,1.93,1935.23
2024-11-26 02:00:00+00:00,short,buy,94909.4,,196866473793.58,-0.05,1935.18
2024-11-26 03:00:00+00:00,short,sell - direction_change,94909.4,94645.2,197316059218.44,0.23,1935.41
2024-11-26 03:00:00+00:00,long,buy,94645.2,,197217401188.83,-0.05,1935.36
2024-11-26 04:00:00+00:00,long,sell - direction_change,94645.2,94537.7,196894788834.29,-0.16,1935.2
2024-11-26 04:00:00+00:00,short,buy,94537.7,,196796341439.88,-0.05,1935.15
2024-11-26 05:00:00+00:00,short,sell - direction_change,94537.7,94366.4,197054533426.19,0.13,1935.28
2024-11-26 05:00:00+00:00,long,buy,94366.4,,196956006159.48,-0.05,1935.23
2024-11-26 06:00:00+00:00,long,sell - direction_change,94366.4,94713.8,197582601027.04,0.32,1935.55
2024-11-26 06:00:00+00:00,short,buy,94713.8,,197483809726.52,-0.05,1935.5
2024-11-26 09:00:00+00:00,short,sell - direction_change,94713.8,93221.6,200496392051.86,1.53,1937.02
2024-11-26 09:00:00+00:00,long,buy,93221.6,,200396143855.83,-0.05,1936.97
2024-11-26 10:00:00+00:00,long,sell - direction_change,93221.6,93614.5,201140553095.09,0.37,1937.34
2024-11-26 10:00:00+00:00,short,buy,93614.5,,201039982818.55,-0.05,1937.29
2024-11-26 11:00:00+00:00,short,sell - direction_change,93614.5,92414.5,203516499283.91,1.23,1938.53
2024-11-26 11:00:00+00:00,long,buy,92414.5,,203414741034.26,-0.05,1938.48
2024-11-26 12:00:00+00:00,long,sell - direction_change,92414.5,92420.0,203325139784.28,-0.04,1938.43
2024-11-26 12:00:00+00:00,short,buy,92420.0,,203223477214.38,-0.05,1938.38
2024-11-26 13:00:00+00:00,short,sell - direction_change,92420.0,92234.5,203529763712.34,0.15,1938.53
2024-11-26 13:00:00+00:00,long,buy,92234.5,,203427998830.48,-0.05,1938.48
2024-11-26 14:00:00+00:00,long,sell - direction_change,92234.5,92248.3,203356721450.6,-0.04,1938.45
2024-11-26 14:00:00+00:00,short,buy,92248.3,,203255043089.87,-0.05,1938.4
2024-11-26 14:41:00+00:00,short,sell - stop_loss,92248.3,93170.78300000001,201120865137.43,-1.05,1937.35
2024-11-26 15:00:00+00:00,short,buy,93338.4,,201020304704.86,-0.05,1937.3
2024-11-26 16:00:00+00:00,short,sell - direction_change,93338.4,92877.4,201912637374.64,0.44,1937.74
2024-11-26 16:00:00+00:00,long,buy,92877.4,,201811681055.95,-0.05,1937.69
2024-11-26 17:00:00+00:00,long,sell - direction_change,92877.4,94098.4,204363864799.85,1.26,1938.96
2024-11-26 17:00:00+00:00,short,buy,94098.4,,204261682867.45,-0.05,1938.91
2024-11-26 20:20:00+00:00,short,sell - take_profit,94098.4,91275.44799999999,210287402512.04,2.95,1941.86
2024-11-26 21:00:00+00:00,short,buy,91124.2,,210182258810.79,-0.05,1941.81
2024-11-26 22:00:00+00:00,short,sell - direction_change,91124.2,91763.8,208601900159.3,-0.75,1941.05
2024-11-26 22:00:00+00:00,long,buy,91763.8,,208497599209.22,-0.05,1941.0
2024-11-26 23:00:00+00:00,long,sell - direction_change,91763.8,91888.0,208675546676.8,0.09,1941.09
2024-11-26 23:00:00+00:00,short,buy,91888.0,,208571208903.46,-0.05,1941.04
2024-11-27 01:00:00+00:00,short,sell - direction_change,91888.0,92012.2,208185008966.93,-0.19,1940.85
2024-11-27 01:00:00+00:00,long,buy,92012.2,,208080916462.45,-0.05,1940.8
2024-11-27 03:00:00+00:00,long,sell - direction_change,92012.2,93002.1,210215484571.41,1.03,1941.83
2024-11-27 03:00:00+00:00,short,buy,93002.1,,210110376829.12,-0.05,1941.78
2024-11-27 04:00:00+00:00,short,sell - direction_change,93002.1,92645.2,210811630245.46,0.33,1942.11
2024-11-27 04:00:00+00:00,long,buy,92645.2,,210706224430.34,-0.05,1942.06
2024-11-27 15:37:00+00:00,long,sell - take_profit,92645.2,95424.556,216922058051.03,2.95,1945.01
2024-11-27 16:00:00+00:00,long,buy,95610.4,,216813597022.01,-0.05,1944.96
2024-11-28 09:00:00+00:00,long,sell - direction_change,95610.4,95522.9,216506768401.82,-0.14,1944.82
2024-11-28 09:00:00+00:00,short,buy,95522.9,,216398515017.62,-0.05,1944.77
2024-11-28 11:00:00+00:00,short,sell - direction_change,95522.9,95020.1,217429363814.04,0.48,1945.25
2024-11-28 11:00:00+00:00,long,buy,95020.1,,217320649132.13,-0.05,1945.2
2024-11-28 14:00:00+00:00,long,sell - direction_change,95020.1,95773.4,218934862652.06,0.74,1945.94
2024-11-28 14:00:00+00:00,short,buy,95773.4,,218825395220.74,-0.05,1945.89
2024-11-28 18:00:00+00:00,short,sell - direction_change,95773.4,94927.3,220649172395.22,0.83,1946.73
2024-11-28 18:00:00+00:00,long,buy,94927.3,,220538847809.02,-0.05,1946.68
2024-11-28 19:00:00+00:00,long,sell - direction_change,94927.3,95362.9,221440581487.55,0.41,1947.08
2024-11-28 19:00:00+00:00,short,buy,95362.9,,221329861196.81,-0.05,1947.03
2024-11-28 22:00:00+00:00,short,sell - direction_change,95362.9,95193.3,221612824652.71,0.13,1947.16
2024-11-28 22:00:00+00:00,long,buy,95193.3,,221502018240.38,-0.05,1947.11
2024-11-29 14:55:00+00:00,long,sell - take_profit,95193.3,98049.099,228036327778.48,2.95,1950.06
2024-11-29 15:00:00+00:00,long,buy,98082.0,,227922309614.59,-0.05,1950.01
2024-11-29 17:20:00+00:00,long,sell - stop_loss,98082.0,97101.18,225529125363.63,-1.05,1948.96
2024-11-29 18:00:00+00:00,long,buy,97028.1,,225416360800.95,-0.05,1948.91
2024-11-30 00:00:00+00:00,long,sell - direction_change,97028.1,97516.2,226437609955.66,0.45,1949.36
2024-11-30 00:00:00+00:00,short,buy,97516.2,,226324391150.68,-0.05,1949.31
2024-11-30 02:00:00+00:00,short,sell - direction_change,97516.2,96500.0,228569717557.9,0.99,1950.31
2024-11-30 02:00:00+00:00,long,buy,96500.0,,228455432699.12,-0.05,1950.26
2024-11-30 04:00:00+00:00,long,sell - direction_change,96500.0,96708.1,228833863796.7,0.17,1950.42
2024-11-30 04:00:00+00:00,short,buy,96708.1,,228719446864.81,-0.05,1950.37
2024-11-30 05:00:00+00:00,short,sell - direction_change,96708.1,96744.9,228518053318.51,-0.09,1950.28
2024-11-30 05:00:00+00:00,long,buy,96744.9,,228403794291.85,-0.05,1950.23
2024-11-30 06:00:00+00:00,long,sell - direction_change,96744.9,97154.5,229256611784.28,0.37,1950.61
2024-11-30 06:00:00+00:00,short,buy,97154.5,,229141983478.38,-0.05,1950.56
2024-11-30 08:00:00+00:00,short,sell - direction_change,97154.5,96843.3,229761387601.11,0.27,1950.83
2024-11-30 08:00:00+00:00,long,buy,96843.3,,229646506907.31,-0.05,1950.78
2024-11-30 09:00:00+00:00,long,sell - direction_change,96843.3,97005.9,229917260374.43,0.12,1950.9
2024-11-30 09:00:00+00:00,short,buy,97005.9,,229802301744.24,-0.05,1950.85
2024-11-30 16:00:00+00:00,short,sell - direction_change,97005.9,96707.4,230394532706.68,0.26,1951.1
2024-11-30 16:00:00+00:00,long,buy,96707.4,,230279335440.33,-0.05,1951.05
2024-11-30 21:00:00+00:00,long,sell - direction_change,96707.4,97042.1,230961182286.27,0.3,1951.35
2024-11-30 21:00:00+00:00,short,buy,97042.1,,230845701695.13,-0.05,1951.3
2024-12-01 06:00:00+00:00,short,sell - direction_change,97042.1,96384.6,232294353084.89,0.63,1951.93
2024-12-01 06:00:00+00:00,long,buy,96384.6,,232178205908.35,-0.05,1951.88
2024-12-01 07:00:00+00:00,long,sell - direction_change,96384.6,96391.9,232079701574.16,-0.04,1951.84
2024-12-01 07:00:00+00:00,short,buy,96391.9,,231963661723.37,-0.05,1951.79
2024-12-01 08:00:00+00:00,short,sell - direction_change,96391.9,96525.4,231526416914.6,-0.19,1951.6
2024-12-01 08:00:00+00:00,long,buy,96525.4,,231410653706.14,-0.05,1951.55
2024-12-02 03:00:00+00:00,long,sell - direction_change,96525.4,97730.6,234184303096.77,1.2,1952.75
2024-12-02 03:00:00+00:00,short,buy,97730.6,,234067210945.22,-0.05,1952.7
2024-12-02 09:00:00+00:00,short,sell - direction_change,97730.6,95123.1,240195204511.79,2.62,1955.31
2024-12-02 09:00:00+00:00,long,buy,95123.1,,240075106909.53,-0.05,1955.26
2024-12-02 10:00:00+00:00,long,sell - direction_change,95123.1,95545.4,241020885310.86,0.39,1955.66
2024-12-02 10:00:00+00:00,short,buy,95545.4,,240900374868.2,-0.05,1955.61
2024-12-02 14:35:00+00:00,short,sell - stop_loss,95545.4,96500.85399999999,238370920932.08,-1.05,1954.56
2024-12-02 15:00:00+00:00,long,buy,96374.2,,238251735471.62,-0.05,1954.51
2024-12-02 16:00:00+00:00,long,sell - direction_change,96374.2,97106.6,239943214216.52,0.71,1955.22
2024-12-02 16:00:00+00:00,short,buy,97106.6,,239823242609.41,-0.05,1955.17
2024-12-02 18:00:00+00:00,short,sell - direction_change,97106.6,94650.9,245768149825.1,2.48,1957.65
2024-12-02 18:00:00+00:00,long,buy,94650.9,,245645265750.18,-0.05,1957.6
2024-12-02 21:00:00+00:00,long,sell - direction_change,94650.9,95735.0,248335982477.21,1.1,1958.69
2024-12-02 21:00:00+00:00,short,buy,95735.0,,248211814485.97,-0.05,1958.64
2024-12-02 23:00:00+00:00,short,sell - direction_change,95735.0,95434.3,248867332463.57,0.26,1958.91
2024-12-02 23:00:00+00:00,long,buy,95434.3,,248742898797.34,-0.05,1958.86
2024-12-03 00:00:00+00:00,long,sell - direction_change,95434.3,95890.6,249807841721.51,0.43,1959.28
2024-12-03 00:00:00+00:00,short,buy,95890.6,,249682937800.65,-0.05,1959.23
2024-12-03 02:00:00+00:00,short,sell - direction_change,95890.6,95591.5,250336902249.08,0.26,1959.5
2024-12-03 02:00:00+00:00,long,buy,95591.5,,250211733797.95,-0.05,1959.45
2024-12-03 06:00:00+00:00,long,sell - direction_change,95591.5,96215.3,251719430842.85,0.6,1960.05
2024-12-03 06:00:00+00:00,short,buy,96215.3,,251593571127.43,-0.05,1960.0
2024-12-03 15:00:00+00:00,short,sell - direction_change,96215.3,95298.7,253864593426.73,0.9,1960.9
2024-12-03 15:00:00+00:00,long,buy,95298.7,,253737661130.01,-0.05,1960.85
2024-12-03 16:00:00+00:00,long,sell - direction_change,95298.7,95744.7,254798290102.29,0.42,1961.27
2024-12-03 16:00:00+00:00,short,buy,95744.7,,254670890957.24,-0.05,1961.22
2024-12-03 17:00:00+00:00,short,sell - direction_change,95744.7,95175.3,256058099975.44,0.54,1961.76
2024-12-03 17:00:00+00:00,long,buy,95175.3,,255930070925.45,-0.05,1961.71
2024-12-04 13:00:00+00:00,long,sell - direction_change,95175.3,96037.9,258121670726.45,0.86,1962.57
2024-12-04 13:00:00+00:00,short,buy,96037.9,,257992609891.09,-0.05,1962.52
2024-12-04 14:00:00+00:00,short,sell - direction_change,96037.9,95731.7,258686177773.29,0.27,1962.79
2024-12-04 14:00:00+00:00,long,buy,95731.7,,258556834684.4,-0.05,1962.74
2024-12-04 15:00:00+00:00,long,sell - direction_change,95731.7,95880.0,258828092124.92,0.1,1962.84
2024-12-04 15:00:00+00:00,short,buy,95880.0,,258698678078.86,-0.05,1962.79
2024-12-04 17:00:00+00:00,short,sell - direction_change,95880.0,94895.2,261226467435.81,0.98,1963.77
2024-12-04 17:00:00+00:00,long,buy,94895.2,,261095854202.09,-0.05,1963.72
2024-12-04 20:06:00+00:00,long,sell - take_profit,94895.2,97742.056,268798181901.06,2.95,1966.67
2024-12-04 21:00:00+00:00,long,buy,98803.5,,268663782810.11,-0.05,1966.62
2024-12-04 21:47:00+00:00,long,sell - stop_loss,98803.5,97815.465,265842813090.6,-1.05,1965.57
2024-12-04 22:00:00+00:00,long,buy,97779.4,,265709891684.05,-0.05,1965.52
2024-12-05 02:33:00+00:00,long,sell - take_profit,97779.4,100712.78199999999,273548333488.73,2.95,1968.47
2024-12-05 03:00:00+00:00,long,buy,101540.7,,273411559321.99,-0.05,1968.42
2024-12-05 03:08:00+00:00,long,sell - take_profit,101540.7,104586.921,281477200321.99,2.95,1971.37
2024-12-05 04:00:00+00:00,long,buy,103084.7,,281336461721.83,-0.05,1971.32
2024-12-05 05:46:00+00:00,long,sell - stop_loss,103084.7,102053.853,278382428873.75,-1.05,1970.27
2024-12-05 06:00:00+00:00,long,buy,102591.7,,278243237659.31,-0.05,1970.22
2024-12-05 06:21:00+00:00,long,sell - stop_loss,102591.7,101565.783,275321683663.89,-1.05,1969.17
2024-12-05 07:00:00+00:00,long,buy,101960.8,,275184022822.06,-0.05,1969.12
2024-12-05 15:50:00+00:00,long,sell - stop_loss,101960.8,100941.192,272294590582.42,-1.05,1968.07
2024-12-05 16:00:00+00:00,long,buy,101350.1,,272158443287.13,-0.05,1968.02
2024-12-05 18:57:00+00:00,long,sell - stop_loss,101350.1,100336.599,269300779632.62,-1.05,1966.97
2024-12-05 19:00:00+00:00,short,buy,100258.3,,269166129242.8,-0.05,1966.92
2024-12-05 20:00:00+00:00,short,sell - direction_change,100258.3,99111.5,272110390692.96,1.09,1968.01
2024-12-05 20:00:00+00:00,long,buy,99111.5,,271974335497.61,-0.05,1967.96
2024-12-05 20:18:00+00:00,long,sell - stop_loss,99111.5,98120.385,269118604974.88,-1.05,1966.91
2024-12-05 21:00:00+00:00,long,buy,99130.3,,268984045672.4,-0.05,1966.86
2024-12-05 22:00:00+00:00,long,sell - direction_change,99130.3,98967.9,268408891117.35,-0.21,1966.65
2024-12-05 22:00:00+00:00,short,buy,98967.9,,268274686671.79,-0.05,1966.6
2024-12-05 22:28:00+00:00,short,sell - take_profit,98967.9,95998.863,276188789928.6,2.95,1969.55
2024-12-05 23:00:00+00:00,long,buy,96616.6,,276050695533.64,-0.05,1969.5
2024-12-05 23:06:00+00:00,long,sell - stop_loss,96616.6,95650.43400000001,273152163230.54,-1.05,1968.45
2024-12-06 00:00:00+00:00,long,buy,97001.6,,273015587148.92,-0.05,1968.4
2024-12-06 04:00:00+00:00,long,sell - direction_change,97001.6,97802.7,275133813162.47,0.78,1969.18
2024-12-06 04:00:00+00:00,short,buy,97802.7,,274996246255.89,-0.05,1969.13
2024-12-06 07:00:00+00:00,short,sell - direction_change,97802.7,98137.0,273918781801.33,-0.39,1968.73
2024-12-06 07:00:00+00:00,long,buy,98137.0,,273781822410.43,-0.05,1968.68
2024-12-06 09:00:00+00:00,long,sell - direction_change,98137.0,98400.2,274379204766.78,0.22,1968.9
2024-12-06 09:00:00+00:00,short,buy,98400.2,,274242015164.4,-0.05,1968.85
2024-12-06 10:00:00+00:00,short,sell - direction_change,98400.2,98059.3,275054984735.59,0.3,1969.15
2024-12-06 10:00:00+00:00,long,buy,98059.3,,274917457243.22,-0.05,1969.1
2024-12-06 11:00:00+00:00,long,sell - direction_change,98059.3,98193.3,275155678733.31,0.09,1969.19
2024-12-06 11:00:00+00:00,short,buy,98193.3,,275018100893.94,-0.05,1969.14
2024-12-06 13:00:00+00:00,short,sell - direction_change,98193.3,97693.4,276280703140.67,0.46,1969.6
2024-12-06 13:00:00+00:00,long,buy,97693.4,,276142562789.1,-0.05,1969.55
2024-12-06 17:43:00+00:00,long,sell - take_profit,97693.4,100624.20199999999,284288768391.38,2.95,1972.5
2024-12-06 18:00:00+00:00,long,buy,100915.1,,284146624007.18,-0.05,1972.45
2024-12-06 23:21:00+00:00,long,sell - stop_loss,100915.1,99905.94900000001,281163084455.11,-1.05,1971.4
2024-12-07 00:00:00+00:00,long,buy,99802.5,,281022502912.88,-0.05,1971.35
2024-12-07 03:00:00+00:00,long,sell - direction_change,99802.5,100008.0,281460635726.94,0.16,1971.5
2024-12-07 03:00:00+00:00,short,buy,100008.0,,281319905409.08,-0.05,1971.45
2024-12-07 04:00:00+00:00,short,sell - direction_change,100008.0,99383.0,282937354216.48,0.57,1972.03
2024-12-07 04:00:00+00:00,long,buy,99383.0,,282795885539.37,-0.05,1971.98
2024-12-07 10:00:00+00:00,long,sell - direction_change,99383.0,99727.9,283635905957.11,0.3,1972.27
2024-12-07 10:00:00+00:00,short,buy,99727.9,,283494088004.13,-0.05,1972.22
2024-12-07 15:00:00+00:00,short,sell - direction_change,99727.9,99527.8,283921160387.89,0.15,1972.37
2024-12-07 15:00:00+00:00,long,buy,99527.8,,283779199807.69,-0.05,1972.32
2024-12-07 16:00:00+00:00,long,sell - direction_change,99527.8,99811.5,284446211429.21,0.24,1972.56
2024-12-07 16:00:00+00:00,short,buy,99811.5,,284303988323.5,-0.05,1972.51
2024-12-07 17:00:00+00:00,short,sell - direction_change,99811.5,99700.0,284479433947.83,0.06,1972.57
2024-12-07 17:00:00+00:00,long,buy,99700.0,,284337194230.85,-0.05,1972.52
2024-12-08 04:00:00+00:00,long,sell - direction_change,99700.0,99996.7,285041192589.89,0.25,1972.77
2024-12-08 04:00:00+00:00,short,buy,99996.7,,284898671993.59,-0.05,1972.72
2024-12-08 11:00:00+00:00,short,sell - direction_change,99996.7,99301.7,286736333771.62,0.65,1973.36
2024-12-08 11:00:00+00:00,long,buy,99301.7,,286592965604.73,-0.05,1973.31
2024-12-08 18:00:00+00:00,long,sell - direction_change,99301.7,100023.4,288532555349.23,0.68,1973.99
2024-12-08 18:00:00+00:00,short,buy,100023.4,,288388289071.55,-0.05,1973.94
2024-12-08 19:00:00+00:00,short,sell - direction_change,100023.4,99733.4,289080225310.81,0.24,1974.18
2024-12-08 19:00:00+00:00,long,buy,99733.4,,288935685198.16,-0.05,1974.13
2024-12-09 00:00:00+00:00,long,sell - direction_change,99733.4,101200.1,293040365278.72,1.42,1975.55
2024-12-09 00:00:00+00:00,short,buy,101200.1,,292893845096.08,-0.05,1975.5
2024-12-09 10:00:00+00:00,short,sell - direction_change,101200.1,98459.3,300679835499.58,2.66,1978.16
2024-12-09 10:00:00+00:00,long,buy,98459.3,,300529495581.83,-0.05,1978.11
2024-12-09 11:00:00+00:00,long,sell - direction_change,98459.3,98772.9,301336439039.0,0.27,1978.38
2024-12-09 11:00:00+00:00,short,buy,98772.9,,301185770819.48,-0.05,1978.33
2024-12-09 12:00:00+00:00,short,sell - direction_change,98772.9,98157.5,302911701994.44,0.57,1978.9
2024-12-09 12:00:00+00:00,long,buy,98157.5,,302760246143.44,-0.05,1978.85
2024-12-09 13:00:00+00:00,long,sell - direction_change,98157.5,98653.6,304139053302.15,0.46,1979.31
2024-12-09 13:00:00+00:00,short,buy,98653.6,,303986983775.5,-0.05,1979.26
2024-12-09 14:00:00+00:00,short,sell - direction_change,98653.6,99063.5,302571941954.41,-0.47,1978.79
2024-12-09 14:00:00+00:00,long,buy,99063.5,,302420655983.44,-0.05,1978.74
2024-12-09 15:00:00+00:00,long,sell - direction_change,99063.5,100207.4,305761538993.35,1.1,1979.84
2024-12-09 15:00:00+00:00,short,buy,100207.4,,305608658223.85,-0.05,1979.79
2024-12-09 16:00:00+00:00,short,sell - direction_change,100207.4,97856.1,312626757820.81,2.3,1982.09
2024-12-09 16:00:00+00:00,long,buy,97856.1,,312470444441.9,-0.05,1982.04
2024-12-09 17:00:00+00:00,long,sell - direction_change,97856.1,97884.6,312405214355.45,-0.02,1982.02
2024-12-09 17:00:00+00:00,short,buy,97884.6,,312249011748.28,-0.05,1981.97
2024-12-09 18:00:00+00:00,short,sell - direction_change,97884.6,97406.1,313619288250.54,0.44,1982.41
2024-12-09 18:00:00+00:00,long,buy,97406.1,,313462478606.42,-0.05,1982.36
2024-12-09 19:00:00+00:00,long,sell - direction_change,97406.1,97833.6,314681484714.2,0.39,1982.75
2024-12-09 19:00:00+00:00,short,buy,97833.6,,314524143971.85,-0.05,1982.7
2024-12-09 21:04:00+00:00,short,sell - take_profit,97833.6,94898.592,323802606219.02,2.95,1985.65
2024-12-09 22:00:00+00:00,short,buy,96952.8,,323640704915.91,-0.05,1985.6
2024-12-10 00:00:00+00:00,short,sell - direction_change,96952.8,97349.1,322155985056.08,-0.46,1985.14
2024-12-10 00:00:00+00:00,long,buy,97349.1,,321994907063.55,-0.05,1985.09
2024-12-10 02:00:00+00:00,long,sell - direction_change,97349.1,97977.2,323911432680.36,0.6,1985.68
2024-12-10 02:00:00+00:00,short,buy,97977.2,,323749476964.02,-0.05,1985.63
2024-12-10 04:00:00+00:00,short,sell - direction_change,97977.2,96957.9,326955710743.33,0.99,1986.62
2024-12-10 04:00:00+00:00,long,buy,96957.9,,326792232887.96,-0.05,1986.57
2024-12-10 04:18:00+00:00,long,sell - stop_loss,96957.9,95988.321,323360914442.63,-1.05,1985.52
2024-12-10 05:00:00+00:00,short,buy,97069.8,,323199233985.41,-0.05,1985.47
2024-12-10 06:00:00+00:00,short,sell - direction_change,97069.8,96983.0,323326639738.88,0.04,1985.51
2024-12-10 06:00:00+00:00,long,buy,96983.0,,323164976419.01,-0.05,1985.46
2024-12-10 15:00:00+00:00,long,sell - direction_change,96983.0,97837.8,325851742835.69,0.83,1986.3
2024-12-10 15:00:00+00:00,short,buy,97837.8,,325688816964.28,-0.05,1986.25
2024-12-10 16:38:00+00:00,short,sell - take_profit,97837.8,94902.666,335296637064.72,2.95,1989.2
2024-12-10 17:00:00+00:00,short,buy,96358.0,,335128988746.19,-0.05,1989.15
2024-12-10 19:00:00+00:00,short,sell - direction_change,96358.0,95135.6,339212878991.88,1.22,1990.36
2024-12-10 19:00:00+00:00,long,buy,95135.6,,339043272552.39,-0.05,1990.31
2024-12-10 20:00:00+00:00,long,sell - direction_change,95135.6,95862.9,341465695173.86,0.71,1991.03
2024-12-10 20:00:00+00:00,short,buy,95862.9,,341294962326.27,-0.05,1990.98
2024-12-10 21:00:00+00:00,short,sell - direction_change,95862.9,96437.6,339078244729.88,-0.65,1990.33
2024-12-10 21:00:00+00:00,long,buy,96437.6,,338908705607.52,-0.05,1990.28
2024-12-11 00:00:00+00:00,long,sell - direction_change,96437.6,96602.3,339318053130.89,0.12,1990.4
2024-12-11 00:00:00+00:00,short,buy,96602.3,,339148394104.32,-0.05,1990.35
2024-12-11 01:00:00+00:00,short,sell - direction_change,96602.3,96411.5,339648674699.49,0.15,1990.5
2024-12-11 01:00:00+00:00,long,buy,96411.5,,339478850362.15,-0.05,1990.45
2024-12-11 14:47:00+00:00,long,sell - take_profit,96411.5,99303.845,349493476447.83,2.95,1993.4
2024-12-11 15:00:00+00:00,long,buy,99500.0,,349318729709.6,-0.05,1993.35
2024-12-12 16:15:00+00:00,long,sell - take_profit,99500.0,102485.0,359623632236.04,2.95,1996.3
2024-12-12 17:00:00+00:00,long,buy,101449.8,,359443820419.92,-0.05,1996.25
2024-12-12 18:00:00+00:00,long,sell - direction_change,101449.8,101600.1,359796622045.58,0.1,1996.35
2024-12-12 18:00:00+00:00,short,buy,101600.1,,359616723734.56,-0.05,1996.3
2024-12-12 22:00:00+00:00,short,sell - direction_change,101600.1,99728.0,366063271729.65,1.79,1998.09
2024-12-12 22:00:00+00:00,long,buy,99728.0,,365880240093.79,-0.05,1998.04
2024-12-12 23:00:00+00:00,long,sell - direction_change,99728.0,100419.2,368233161737.27,0.64,1998.68
2024-12-12 23:00:00+00:00,short,buy,100419.2,,368049045156.4,-0.05,1998.63
2024-12-13 10:00:00+00:00,short,sell - direction_change,100419.2,100071.1,369140851078.79,0.3,1998.93
2024-12-13 10:00:00+00:00,long,buy,100071.1,,368956280653.25,-0.05,1998.88
2024-12-13 12:00:00+00:00,long,sell - direction_change,100071.1,100331.3,369731144662.91,0.21,1999.09
2024-12-13 12:00:00+00:00,short,buy,100331.3,,369546279090.58,-0.05,1999.04
2024-12-13 14:00:00+00:00,short,sell - direction_change,100331.3,100274.7,369569978475.53,0.01,1999.04
2024-12-13 14:00:00+00:00,long,buy,100274.7,,369385193486.29,-0.05,1998.99
2024-12-13 15:00:00+00:00,long,sell - direction_change,100274.7,101000.0,371872312232.14,0.67,1999.67
2024-12-13 15:00:00+00:00,short,buy,101000.0,,371686376076.03,-0.05,1999.62
2024-12-13 16:00:00+00:00,short,sell - direction_change,101000.0,99831.0,375802526686.33,1.11,2000.73
2024-12-13 16:00:00+00:00,long,buy,99831.0,,375614625422.99,-0.05,2000.68
2024-12-14 12:00:00+00:00,long,sell - direction_change,99831.0,101562.6,381941971573.46,1.68,2002.36
2024-12-14 12:00:00+00:00,short,buy,101562.6,,381751000587.67,-0.05,2002.31
2024-12-14 14:00:00+00:00,short,sell - direction_change,101562.6,101138.7,383153469971.7,0.37,2002.68
2024-12-14 14:00:00+00:00,long,buy,101138.7,,382961893236.72,-0.05,2002.63
2024-12-14 17:00:00+00:00,long,sell - direction_change,101138.7,101632.2,384639051043.74,0.44,2003.07
2024-12-14 17:00:00+00:00,short,buy,101632.2,,384446731518.21,-0.05,2003.02
2024-12-14 23:00:00+00:00,short,sell - direction_change,101632.2,101095.2,386285831835.55,0.48,2003.49
2024-12-14 23:00:00+00:00,long,buy,101095.2,,386092688919.63,-0.05,2003.44
2024-12-15 23:20:00+00:00,long,sell - take_profit,101095.2,104128.056,397482423242.76,2.95,2006.39
2024-12-16 00:00:00+00:00,long,buy,104460.5,,397283682031.14,-0.05,2006.34
2024-12-16 11:00:00+00:00,long,sell - direction_change,104460.5,104660.5,397845679248.97,0.14,2006.48
2024-12-16 11:00:00+00:00,short,buy,104660.5,,397646756409.34,-0.05,2006.43
2024-12-16 13:00:00+00:00,short,sell - direction_change,104660.5,103604.8,401458956108.05,0.96,2007.39
2024-12-16 13:00:00+00:00,long,buy,103604.8,,401258226630.0,-0.05,2007.34
2024-12-16 16:11:00+00:00,long,sell - take_profit,103604.8,106712.944,413095344315.58,2.95,2010.29
2024-12-16 17:00:00+00:00,long,buy,106769.0,,412888796643.43,-0.05,2010.24
2024-12-16 21:05:00+00:00,long,sell - stop_loss,106769.0,105701.31,408553464278.67,-1.05,2009.19
2024-12-16 22:00:00+00:00,long,buy,106011.8,,408349187546.53,-0.05,2009.14
2024-12-17 21:00:00+00:00,long,sell - direction_change,106011.8,106683.2,410731193401.72,0.58,2009.73
2024-12-17 21:00:00+00:00,short,buy,106683.2,,410525827805.01,-0.05,2009.68
2024-12-18 05:52:00+00:00,short,sell - take_profit,106683.2,103482.704,422636339725.26,2.95,2012.63
2024-12-18 06:00:00+00:00,long,buy,103530.1,,422425021555.4,-0.05,2012.58
2024-12-18 08:00:00+00:00,long,sell - direction_change,103530.1,104200.1,424947552800.71,0.6,2013.17
2024-12-18 08:00:00+00:00,short,buy,104200.1,,424735079024.31,-0.05,2013.12
2024-12-18 10:00:00+00:00,short,sell - direction_change,104200.1,104015.2,425276391338.38,0.13,2013.25
2024-12-18 10:00:00+00:00,long,buy,104015.2,,425063753142.71,-0.05,2013.2
2024-12-18 19:00:00+00:00,long,sell - direction_change,104015.2,104771.7,427942699523.67,0.68,2013.88
2024-12-18 19:00:00+00:00,short,buy,104771.7,,427728728173.91,-0.05,2013.83
2024-12-18 20:07:00+00:00,short,sell - take_profit,104771.7,101628.549,440346725655.04,2.95,2016.78
2024-12-18 21:00:00+00:00,long,buy,100839.3,,440126552292.21,-0.05,2016.73
2024-12-18 23:00:00+00:00,long,sell - direction_change,100839.3,101122.4,441142116662.77,0.23,2016.96
2024-12-18 23:00:00+00:00,short,buy,101122.4,,440921545604.43,-0.05,2016.91
2024-12-19 00:00:00+00:00,short,sell - direction_change,101122.4,100181.2,444804976340.56,0.88,2017.79
2024-12-19 00:00:00+00:00,long,buy,100181.2,,444582573852.39,-0.05,2017.74
2024-12-19 01:00:00+00:00,long,sell - direction_change,100181.2,100813.1,447164518573.99,0.58,2018.32
2024-12-19 01:00:00+00:00,short,buy,100813.1,,446940936314.71,-0.05,2018.27
2024-12-19 02:00:00+00:00,short,sell - direction_change,100813.1,99753.6,451414612566.82,1.0,2019.27
2024-12-19 02:00:00+00:00,long,buy,99753.6,,451188905260.54,-0.05,2019.22
2024-12-19 02:29:00+00:00,long,sell - stop_loss,99753.6,98756.064,446451421755.3,-1.05,2018.17
2024-12-19 03:00:00+00:00,long,buy,100526.2,,446228196044.42,-0.05,2018.12
2024-12-19 04:00:00+00:00,long,sell - direction_change,100526.2,101163.4,448833564536.21,0.58,2018.71
2024-12-19 04:00:00+00:00,short,buy,101163.4,,448609147753.94,-0.05,2018.66
2024-12-19 05:00:00+00:00,short,sell - direction_change,101163.4,100653.5,450645994984.37,0.45,2019.11
2024-12-19 05:00:00+00:00,long,buy,100653.5,,450420671986.88,-0.05,2019.06
2024-12-19 15:00:00+00:00,long,sell - direction_change,100653.5,100908.1,451334787189.37,0.2,2019.26
2024-12-19 15:00:00+00:00,short,buy,100908.1,,451109119795.78,-0.05,2019.21
2024-12-19 16:00:00+00:00,short,sell - direction_change,100908.1,100631.1,452121892250.1,0.22,2019.44
2024-12-19 16:00:00+00:00,long,buy,100631.1,,451895831303.97,-0.05,2019.39
2024-12-19 17:00:00+00:00,long,sell - direction_change,100631.1,100680.9,451893516165.85,-0.0,2019.39
2024-12-19 17:00:00+00:00,short,buy,100680.9,,451667569407.77,-0.05,2019.34
2024-12-19 17:54:00+00:00,short,sell - take_profit,100680.9,97660.473,464991762705.3,2.95,2022.29
2024-12-19 18:00:00+00:00,long,buy,98810.8,,464759266823.94,-0.05,2022.24
2024-12-19 18:11:00+00:00,long,sell - stop_loss,98810.8,97822.692,459879294522.29,-1.05,2021.19
2024-12-19 19:00:00+00:00,short,buy,98883.5,,459649354875.03,-0.05,2021.14
2024-12-19 20:10:00+00:00,short,sell - take_profit,98883.5,95916.995,473209010843.84,2.95,2024.09
2024-12-19 21:00:00+00:00,long,buy,96409.7,,472972406338.42,-0.05,2024.04
2024-12-19 23:00:00+00:00,long,sell - direction_change,96409.7,98331.9,482165962542.43,1.94,2025.98
2024-12-19 23:00:00+00:00,short,buy,98331.9,,481924879561.16,-0.05,2025.93
2024-12-20 02:00:00+00:00,short,sell - direction_change,98331.9,96307.4,491605996514.45,2.01,2027.94
2024-12-20 02:00:00+00:00,long,buy,96307.4,,491360193516.2,-0.05,2027.89
2024-12-20 03:00:00+00:00,long,sell - direction_change,96307.4,97594.3,497680275064.3,1.29,2029.18
2024-12-20 03:00:00+00:00,short,buy,97594.3,,497431434926.76,-0.05,2029.13
2024-12-20 04:00:00+00:00,short,sell - direction_change,97594.3,97083.2,499787760757.74,0.47,2029.6
2024-12-20 04:00:00+00:00,long,buy,97083.2,,499537866877.36,-0.05,2029.55
2024-12-20 08:00:00+00:00,long,sell - direction_change,97083.2,97826.1,503110661284.47,0.72,2030.26
2024-12-20 08:00:00+00:00,short,buy,97826.1,,502859105953.83,-0.05,2030.21
2024-12-20 09:48:00+00:00,short,sell - take_profit,97826.1,94891.31700000001,517693449579.47,2.95,2033.16
2024-12-20 10:00:00+00:00,short,buy,94812.1,,517434602854.68,-0.05,2033.11
2024-12-20 12:00:00+00:00,short,sell - direction_change,94812.1,92715.1,528620209243.86,2.16,2035.28
2024-12-20 12:00:00+00:00,long,buy,92715.1,,528355899139.24,-0.05,2035.23
2024-12-20 13:36:00+00:00,long,sell - take_profit,92715.1,95496.55300000001,543942398163.85,2.95,2038.18
2024-12-20 14:00:00+00:00,short,buy,95188.0,,543670426964.76,-0.05,2038.13
2024-12-20 14:39:00+00:00,short,sell - stop_loss,95188.0,96139.88,537961887481.63,-1.05,2037.08
2024-12-20 15:00:00+00:00,long,buy,95606.1,,537692906537.89,-0.05,2037.03
2024-12-21 05:55:00+00:00,long,sell - take_profit,95606.1,98474.28300000001,553554847280.76,2.95,2039.98
2024-12-21 06:00:00+00:00,long,buy,98644.0,,553278069857.12,-0.05,2039.93
2024-12-21 12:00:00+00:00,long,sell - direction_change,98644.0,98225.4,550653571854.16,-0.47,2039.45
2024-12-21 12:00:00+00:00,short,buy,98225.4,,550378245068.24,-0.05,2039.4
2024-12-21 13:00:00+00:00,short,sell - direction_change,98225.4,97109.8,556354004989.41,1.09,2040.49
2024-12-21 13:00:00+00:00,long,buy,97109.8,,556075827986.92,-0.05,2040.44
2024-12-21 16:00:00+00:00,long,sell - direction_change,97109.8,97486.6,557955444315.71,0.34,2040.78
2024-12-21 16:00:00+00:00,short,buy,97486.6,,557676466593.55,-0.05,2040.73
2024-12-21 17:00:00+00:00,short,sell - direction_change,97486.6,97259.2,558698480256.85,0.18,2040.91
2024-12-21 17:00:00+00:00,long,buy,97259.2,,558419131016.73,-0.05,2040.86
2024-12-21 18:00:00+00:00,long,sell - direction_change,97259.2,97563.4,559886502747.95,0.26,2041.12
2024-12-21 18:00:00+00:00,short,buy,97563.4,,559606559496.58,-0.05,2041.07
2024-12-21 22:00:00+00:00,short,sell - direction_change,97563.4,96864.0,563338392011.73,0.67,2041.74
2024-12-21 22:00:00+00:00,long,buy,96864.0,,563056722815.72,-0.05,2041.69
2024-12-21 23:00:00+00:00,long,sell - direction_change,96864.0,97120.7,564267355223.5,0.22,2041.9
2024-12-21 23:00:00+00:00,short,buy,97120.7,,563985221545.89,-0.05,2041.85
2024-12-22 06:00:00+00:00,short,sell - direction_change,97120.7,96135.3,569425500678.54,0.96,2042.82
2024-12-22 06:00:00+00:00,long,buy,96135.3,,569140787928.2,-0.05,2042.77
2024-12-22 07:00:00+00:00,long,sell - direction_change,96135.3,96710.0,572258559970.6,0.55,2043.32
2024-12-22 07:00:00+00:00,short,buy,96710.0,,571972430690.61,-0.05,2043.27
2024-12-22 10:00:00+00:00,short,sell - direction_change,96710.0,96895.0,570592298061.47,-0.24,2043.02
2024-12-22 10:00:00+00:00,long,buy,96895.0,,570307001912.44,-0.05,2042.97
2024-12-22 13:00:00+00:00,long,sell - direction_change,96895.0,96948.4,570336151460.17,0.01,2042.98
2024-12-22 13:00:00+00:00,short,buy,96948.4,,570050983384.44,-0.05,2042.93
2024-12-22 15:00:00+00:00,short,sell - direction_change,96948.4,95329.9,579282644260.01,1.62,2044.55
2024-12-22 15:00:00+00:00,long,buy,95329.9,,578993002937.88,-0.05,2044.5
2024-12-22 16:00:00+00:00,long,sell - direction_change,95329.9,95341.0,578770923084.62,-0.04,2044.46
2024-12-22 16:00:00+00:00,short,buy,95341.0,,578481537623.08,-0.05,2044.41
2024-12-22 18:32:00+00:00,short,sell - stop_loss,95341.0,96294.41,572407481478.04,-1.05,2043.36
2024-12-22 19:00:00+00:00,short,buy,95913.5,,572121277737.3,-0.05,2043.31
2024-12-23 01:00:00+00:00,short,sell - direction_change,95913.5,94371.2,581034992381.93,1.56,2044.87
2024-12-23 01:00:00+00:00,long,buy,94371.2,,580744474885.74,-0.05,2044.82
2024-12-23 06:00:00+00:00,long,sell - direction_change,94371.2,95572.8,587848546726.82,1.22,2046.04
2024-12-23 06:00:00+00:00,short,buy,95572.8,,587554622453.46,-0.05,2045.99
2024-12-23 07:00:00+00:00,short,sell - direction_change,95572.8,94783.7,592112009412.59,0.78,2046.77
2024-12-23 07:00:00+00:00,long,buy,94783.7,,591815953407.88,-0.05,2046.72
2024-12-23 13:00:00+00:00,long,sell - direction_change,94783.7,96258.3,600727238280.74,1.51,2048.22
2024-12-23 13:00:00+00:00,short,buy,96258.3,,600426874661.6,-0.05,2048.17
2024-12-23 15:25:00+00:00,short,sell - take_profit,96258.3,93370.551,618139467464.12,2.95,2051.12
2024-12-23 16:00:00+00:00,short,buy,93217.7,,617830397730.39,-0.05,2051.07
2024-12-23 16:48:00+00:00,short,sell - stop_loss,93217.7,94149.877,611343178554.22,-1.05,2050.02
2024-12-23 17:00:00+00:00,short,buy,93950.0,,611037506964.94,-0.05,2049.97
2024-12-23 19:00:00+00:00,short,sell - direction_change,93950.0,92707.2,618814983567.03,1.27,2051.25
2024-12-23 19:00:00+00:00,long,buy,92707.2,,618505576075.25,-0.05,2051.2
2024-12-24 01:00:00+00:00,long,sell - direction_change,92707.2,94525.9,630329966533.99,1.91,2053.11
2024-12-24 01:00:00+00:00,short,buy,94525.9,,630014801550.72,-0.05,2053.06
2024-12-24 03:00:00+00:00,short,sell - direction_change,94525.9,93931.5,633661468125.46,0.58,2053.64
2024-12-24 03:00:00+00:00,long,buy,93931.5,,633344637391.4,-0.05,2053.59
2024-12-24 08:00:00+00:00,long,sell - direction_change,93931.5,94199.9,634837684928.93,0.24,2053.82
2024-12-24 08:00:00+00:00,short,buy,94199.9,,634520266086.47,-0.05,2053.77
2024-12-24 11:00:00+00:00,short,sell - direction_change,94199.9,93943.6,635929414837.07,0.22,2053.99
2024-12-24 11:00:00+00:00,long,buy,93943.6,,635611450129.65,-0.05,2053.94
2024-12-24 12:00:00+00:00,long,sell - direction_change,93943.6,94368.3,638167115113.29,0.4,2054.35
2024-12-24 12:00:00+00:00,short,buy,94368.3,,637848031555.73,-0.05,2054.3
2024-12-24 13:00:00+00:00,short,sell - direction_change,94368.3,94281.6,638115124500.48,0.04,2054.34
2024-12-24 13:00:00+00:00,long,buy,94281.6,,637796066938.23,-0.05,2054.29
2024-12-24 14:37:00+00:00,long,sell - take_profit,94281.6,97110.04800000001,656611050912.9,2.95,2057.24
2024-12-24 15:00:00+00:00,long,buy,97410.2,,656282745387.45,-0.05,2057.19
2024-12-26 04:00:00+00:00,long,sell - direction_change,97410.2,98957.7,666380591729.46,1.54,2058.73
2024-12-26 04:00:00+00:00,short,buy,98957.7,,666047401433.59,-0.05,2058.68
2024-12-26 05:00:00+00:00,short,sell - direction_change,98957.7,98250.0,670477642703.61,0.67,2059.34
2024-12-26 05:00:00+00:00,long,buy,98250.0,,670142403882.26,-0.05,2059.29
2024-12-26 06:00:00+00:00,long,sell - direction_change,98250.0,98322.7,670303203955.25,0.02,2059.32
2024-12-26 06:00:00+00:00,short,buy,98322.7,,669968052353.28,-0.05,2059.27
2024-12-26 10:00:00+00:00,short,sell - direction_change,98322.7,95412.5,689463087498.24,2.91,2062.18
2024-12-26 10:00:00+00:00,long,buy,95412.5,,689118355954.49,-0.05,2062.13
2024-12-26 12:00:00+00:00,long,sell - direction_change,95412.5,95662.6,690580148154.21,0.21,2062.34
2024-12-26 12:00:00+00:00,short,buy,95662.6,,690234858080.13,-0.05,2062.29
2024-12-26 13:00:00+00:00,short,sell - direction_change,95662.6,95632.6,690106199807.99,-0.02,2062.27
2024-12-26 13:00:00+00:00,long,buy,95632.6,,689761146708.08,-0.05,2062.22
2024-12-26 14:00:00+00:00,long,sell - direction_change,95632.6,95654.4,689573501146.62,-0.03,2062.19
2024-12-26 14:00:00+00:00,short,buy,95654.4,,689228714396.05,-0.05,2062.14
2024-12-26 16:00:00+00:00,short,sell - direction_change,95654.4,95993.1,686443629286.16,-0.4,2061.74
2024-12-26 16:00:00+00:00,long,buy,95993.1,,686100407471.52,-0.05,2061.69
2024-12-26 17:00:00+00:00,long,sell - direction_change,95993.1,96474.9,689200971197.53,0.45,2062.14
2024-12-26 17:00:00+00:00,short,buy,96474.9,,688856370711.93,-0.05,2062.09
2024-12-26 19:00:00+00:00,short,sell - direction_change,96474.9,95707.9,693988525931.55,0.75,2062.84
2024-12-26 19:00:00+00:00,long,buy,95707.9,,693641531668.58,-0.05,2062.79
2024-12-26 20:00:00+00:00,long,sell - direction_change,95707.9,96064.8,695881338157.68,0.32,2063.11
2024-12-26 20:00:00+00:00,short,buy,96064.8,,695533397488.6,-0.05,2063.06
2024-12-26 21:00:00+00:00,short,sell - direction_change,96064.8,95564.4,698808653084.22,0.47,2063.53
2024-12-26 21:00:00+00:00,long,buy,95564.4,,698459248757.68,-0.05,2063.48
2024-12-26 23:00:00+00:00,long,sell - direction_change,95564.4,95790.8,699764727099.01,0.19,2063.67
2024-12-26 23:00:00+00:00,short,buy,95790.8,,699414844735.46,-0.05,2063.62
2024-12-27 00:00:00+00:00,short,sell - direction_change,95790.8,95750.9,699356466462.71,-0.01,2063.61
2024-12-27 00:00:00+00:00,long,buy,95750.9,,699006788229.48,-0.05,2063.56
2024-12-27 01:00:00+00:00,long,sell - direction_change,95750.9,95762.1,698739047785.14,-0.04,2063.52
2024-12-27 01:00:00+00:00,short,buy,95762.1,,698389678261.25,-0.05,2063.47
2024-12-27 03:00:00+00:00,short,sell - direction_change,95762.1,96028.9,696094720263.63,-0.33,2063.14
2024-12-27 03:00:00+00:00,long,buy,96028.9,,695746672903.49,-0.05,2063.09
2024-12-27 07:00:00+00:00,long,sell - direction_change,96028.9,96565.6,699287287713.29,0.51,2063.6
2024-12-27 07:00:00+00:00,short,buy,96565.6,,698937644069.43,-0.05,2063.55
2024-12-27 08:00:00+00:00,short,sell - direction_change,96565.6,95080.1,709340160118.46,1.49,2065.04
2024-12-27 08:00:00+00:00,long,buy,95080.1,,708985490038.4,-0.05,2064.99
2024-12-27 14:00:00+00:00,long,sell - direction_change,95080.1,96385.1,718362014241.2,1.32,2066.31
2024-12-27 14:00:00+00:00,short,buy,96385.1,,718002833234.08,-0.05,2066.26
2024-12-27 17:23:00+00:00,short,sell - take_profit,96385.1,93493.547,739183916814.49,2.95,2069.21
2024-12-27 18:00:00+00:00,short,buy,94268.5,,738814324856.08,-0.05,2069.16
2024-12-28 03:00:00+00:00,short,sell - direction_change,94268.5,94295.6,738232525768.42,-0.08,2069.08
2024-12-28 03:00:00+00:00,long,buy,94295.6,,737863409505.54,-0.05,2069.03
2024-12-28 04:00:00+00:00,long,sell - direction_change,94295.6,94550.6,739489853718.9,0.22,2069.25
2024-12-28 04:00:00+00:00,short,buy,94550.6,,739120108792.04,-0.05,2069.2
2024-12-28 08:00:00+00:00,short,sell - direction_change,94550.6,94334.6,740439062015.18,0.18,2069.38
2024-12-28 08:00:00+00:00,long,buy,94334.6,,740068842484.17,-0.05,2069.33
2024-12-28 12:00:00+00:00,long,sell - direction_change,94334.6,94711.3,742654075090.76,0.35,2069.68
2024-12-28 12:00:00+00:00,short,buy,94711.3,,742282748053.21,-0.05,2069.63
2024-12-28 13:00:00+00:00,short,sell - direction_change,94711.3,94552.1,743159307993.5,0.12,2069.75
2024-12-28 13:00:00+00:00,long,buy,94552.1,,742787728339.5,-0.05,2069.7
2024-12-28 14:00:00+00:00,long,sell - direction_change,94552.1,94622.5,742969386772.16,0.02,2069.72
2024-12-28 14:00:00+00:00,short,buy,94622.5,,742597902078.78,-0.05,2069.67
2024-12-28 16:00:00+00:00,short,sell - direction_change,94622.5,94407.8,743911569912.34,0.18,2069.85
2024-12-28 16:00:00+00:00,long,buy,94407.8,,743539614127.39,-0.05,2069.8
2024-12-29 08:00:00+00:00,long,sell - direction_change,94407.8,95233.3,749669340504.56,0.82,2070.62
2024-12-29 08:00:00+00:00,short,buy,95233.3,,749294505834.31,-0.05,2070.57
2024-12-29 09:00:00+00:00,short,sell - direction_change,95233.3,95088.8,750056782914.51,0.1,2070.68
2024-12-29 09:00:00+00:00,long,buy,95088.8,,749681754523.05,-0.05,2070.63
2024-12-29 11:00:00+00:00,long,sell - direction_change,95088.8,95130.4,749634888769.97,-0.01,2070.62
2024-12-29 11:00:00+00:00,short,buy,95130.4,,749260071325.58,-0.05,2070.57
2024-12-29 23:00:00+00:00,short,sell - direction_change,95130.4,93100.3,764874787185.64,2.08,2072.65
2024-12-29 23:00:00+00:00,long,buy,93100.3,,764492349792.04,-0.05,2072.6
2024-12-30 00:00:00+00:00,long,sell - direction_change,93100.3,93699.9,769033714098.91,0.59,2073.2
2024-12-30 00:00:00+00:00,short,buy,93699.9,,768649197241.86,-0.05,2073.15
2024-12-30 02:00:00+00:00,short,sell - direction_change,93699.9,93899.9,766624210919.5,-0.26,2072.88
2024-12-30 02:00:00+00:00,long,buy,93899.9,,766240898814.04,-0.05,2072.83
2024-12-30 03:00:00+00:00,long,sell - direction_change,93899.9,93869.7,765611340667.21,-0.08,2072.75
2024-12-30 03:00:00+00:00,short,buy,93869.7,,765228534996.88,-0.05,2072.7
2024-12-30 06:00:00+00:00,short,sell - direction_change,93869.7,93540.0,767533644755.22,0.3,2073.0
2024-12-30 06:00:00+00:00,long,buy,93540.0,,767149877932.84,-0.05,2072.95
2024-12-30 07:00:00+00:00,long,sell - direction_change,93540.0,93865.8,769438287494.95,0.3,2073.25
2024-12-30 07:00:00+00:00,short,buy,93865.8,,769053568351.2,-0.05,2073.2
2024-12-30 08:00:00+00:00,short,sell - direction_change,93865.8,93688.9,770118404127.63,0.14,2073.34
2024-12-30 08:00:00+00:00,long,buy,93688.9,,769733344925.57,-0.05,2073.29
2024-12-30 10:00:00+00:00,long,sell - direction_change,93688.9,93855.3,770715594620.1,0.13,2073.42
2024-12-30 10:00:00+00:00,short,buy,93855.3,,770330236822.79,-0.05,2073.37
2024-12-30 11:00:00+00:00,short,sell - direction_change,93855.3,93752.6,770787996028.54,0.06,2073.43
2024-12-30 11:00:00+00:00,long,buy,93752.6,,770402602030.53,-0.05,2073.38
2024-12-30 12:00:00+00:00,long,sell - direction_change,93752.6,93900.1,771229467208.73,0.11,2073.48
2024-12-30 12:00:00+00:00,short,buy,93900.1,,770843852475.13,-0.05,2073.43
2024-12-30 17:00:00+00:00,short,sell - direction_change,93900.1,92085.5,785354828472.87,1.88,2075.32
2024-12-30 17:00:00+00:00,long,buy,92085.5,,784962151058.63,-0.05,2075.27
2024-12-30 20:17:00+00:00,long,sell - take_profit,92085.5,94848.065,808118534514.86,2.95,2078.22
2024-12-30 21:00:00+00:00,short,buy,94318.1,,807714475247.6,-0.05,2078.17
2024-12-31 02:00:00+00:00,short,sell - direction_change,94318.1,92410.4,823647640325.21,1.97,2080.14
2024-12-31 02:00:00+00:00,long,buy,92410.4,,823235816505.04,-0.05,2080.09
2024-12-31 03:00:00+00:00,long,sell - direction_change,92410.4,92433.7,823031766084.05,-0.02,2080.06
2024-12-31 03:00:00+00:00,short,buy,92433.7,,822620250201.01,-0.05,2080.01
2024-12-31 07:00:00+00:00,short,sell - direction_change,92433.7,92782.0,819109219593.61,-0.43,2079.59
2024-12-31 07:00:00+00:00,long,buy,92782.0,,818699664983.81,-0.05,2079.54
2024-12-31 13:28:00+00:00,long,sell - take_profit,92782.0,95565.46,842851305100.83,2.95,2082.49
2024-12-31 14:00:00+00:00,long,buy,95567.4,,842429879448.28,-0.05,2082.44
2024-12-31 16:32:00+00:00,long,sell - stop_loss,95567.4,94611.726,833584365714.07,-1.05,2081.39
2024-12-31 17:00:00+00:00,long,buy,94832.8,,833167573531.22,-0.05,2081.34
2024-12-31 17:35:00+00:00,long,sell - stop_loss,94832.8,93884.47200000001,824419314009.14,-1.05,2080.29
2024-12-31 18:00:00+00:00,long,buy,94082.8,,824007104352.13,-0.05,2080.24
2024-12-31 20:00:00+00:00,long,sell - direction_change,94082.8,94155.8,824234458032.29,0.03,2080.27
2024-12-31 20:00:00+00:00,short,buy,94155.8,,823822340803.27,-0.05,2080.22
2024-12-31 21:00:00+00:00,short,sell - direction_change,94155.8,93544.9,828755539206.54,0.6,2080.81
2024-12-31 21:00:00+00:00,long,buy,93544.9,,828341161436.94,-0.05,2080.76
2024-12-31 22:00:00+00:00,long,sell - direction_change,93544.9,93881.3,830905816711.05,0.31,2081.07
2024-12-31 22:00:00+00:00,short,buy,93881.3,,830490363802.69,-0.05,2081.02
2024-12-31 23:00:00+00:00,short,sell - direction_change,93881.3,93469.1,833721511757.23,0.39,2081.41
2024-12-31 23:00:00+00:00,long,buy,93469.1,,833304651001.35,-0.05,2081.36
2025-01-01 01:00:00+00:00,long,sell - direction_change,93469.1,94363.6,840862730542.53,0.91,2082.27
2025-01-01 01:00:00+00:00,short,buy,94363.6,,840442299177.26,-0.05,2082.22
2025-01-01 02:00:00+00:00,short,sell - direction_change,94363.6,93587.9,846930791678.61,0.77,2082.99
2025-01-01 02:00:00+00:00,long,buy,93587.9,,846507326282.78,-0.05,2082.94
2025-01-01 03:00:00+00:00,long,sell - direction_change,93587.9,94064.4,850394039409.93,0.46,2083.4
2025-01-01 03:00:00+00:00,short,buy,94064.4,,849968842390.23,-0.05,2083.35
2025-01-01 13:00:00+00:00,short,sell - direction_change,94064.4,93788.4,852037802548.49,0.24,2083.59
2025-01-01 13:00:00+00:00,long,buy,93788.4,,851611783647.21,-0.05,2083.54
2025-01-02 09:56:00+00:00,long,sell - take_profit,93788.4,96602.052,876734331264.81,2.95,2086.49
2025-01-02 10:00:00+00:00,long,buy,96721.9,,876295964099.17,-0.05,2086.44
2025-01-03 04:00:00+00:00,long,sell - direction_change,96721.9,97019.1,878550434443.79,0.26,2086.7
2025-01-03 04:00:00+00:00,short,buy,97019.1,,878111159226.57,-0.05,2086.65
2025-01-03 11:00:00+00:00,short,sell - direction_change,97019.1,96443.8,882879092269.85,0.54,2087.19
2025-01-03 11:00:00+00:00,long,buy,96443.8,,882437652723.71,-0.05,2087.14
2025-01-03 12:00:00+00:00,long,sell - direction_change,96443.8,96710.4,884435759994.17,0.23,2087.37
2025-01-03 12:00:00+00:00,short,buy,96710.4,,883993542114.17,-0.05,2087.32
2025-01-03 14:00:00+00:00,short,sell - direction_change,96710.4,96464.0,885803795450.41,0.2,2087.53
2025-01-03 14:00:00+00:00,long,buy,96464.0,,885360893552.69,-0.05,2087.48
2025-01-04 08:00:00+00:00,long,sell - direction_change,96464.0,98244.2,901257152634.67,1.8,2089.27
2025-01-04 08:00:00+00:00,short,buy,98244.2,,900806524058.36,-0.05,2089.22
2025-01-04 11:00:00+00:00,short,sell - direction_change,98244.2,97739.9,904980075493.73,0.46,2089.68
2025-01-04 11:00:00+00:00,long,buy,97739.9,,904527585455.98,-0.05,2089.63
2025-01-04 13:00:00+00:00,long,sell - direction_change,97739.9,97835.1,904956343908.37,0.05,2089.68
2025-01-04 13:00:00+00:00,short,buy,97835.1,,904503865736.42,-0.05,2089.63
2025-01-04 14:00:00+00:00,short,sell - direction_change,97835.1,97924.3,903226943058.35,-0.14,2089.49
2025-01-04 14:00:00+00:00,long,buy,97924.3,,902775329586.82,-0.05,2089.44
2025-01-04 15:00:00+00:00,long,sell - direction_change,97924.3,97992.0,902948075970.6,0.02,2089.46
2025-01-04 15:00:00+00:00,short,buy,97992.0,,902496601932.62,-0.05,2089.41
2025-01-04 17:00:00+00:00,short,sell - direction_change,97992.0,97677.8,904939104471.79,0.27,2089.68
2025-01-04 17:00:00+00:00,long,buy,97677.8,,904486634919.56,-0.05,2089.63
2025-01-05 07:00:00+00:00,long,sell - direction_change,97677.8,98412.9,910841343901.69,0.7,2090.33
2025-01-05 07:00:00+00:00,short,buy,98412.9,,910385923229.74,-0.05,2090.28
2025-01-05 16:00:00+00:00,short,sell - direction_change,98412.9,97987.1,913869668416.59,0.38,2090.67
2025-01-05 16:00:00+00:00,long,buy,97987.1,,913412733582.38,-0.05,2090.62
2025-01-05 17:00:00+00:00,long,sell - direction_change,97987.1,97995.6,913035262219.34,-0.04,2090.57
2025-01-05 17:00:00+00:00,short,buy,97995.6,,912578744588.23,-0.05,2090.52
2025-01-05 19:00:00+00:00,short,sell - direction_change,97995.6,97872.0,913273473555.85,0.08,2090.6
2025-01-05 19:00:00+00:00,long,buy,97872.0,,912816836819.07,-0.05,2090.55
2025-01-06 14:53:00+00:00,long,sell - take_profit,97872.0,100808.16,939744933505.24,2.95,2093.5
2025-01-06 15:00:00+00:00,long,buy,100702.0,,939275061038.48,-0.05,2093.45
2025-01-07 01:00:00+00:00,long,sell - direction_change,100702.0,102004.6,950955129516.87,1.24,2094.69
2025-01-07 01:00:00+00:00,short,buy,102004.6,,950479651952.11,-0.05,2094.64
2025-01-07 03:00:00+00:00,short,sell - direction_change,102004.6,101627.7,953516369242.0,0.32,2094.96
2025-01-07 03:00:00+00:00,long,buy,101627.7,,953039611057.38,-0.05,2094.91
2025-01-07 10:00:00+00:00,long,sell - direction_change,101627.7,101682.7,953078867743.97,0.0,2094.92
2025-01-07 10:00:00+00:00,short,buy,101682.7,,952602328310.1,-0.05,2094.87
2025-01-07 15:10:00+00:00,short,sell - take_profit,101682.7,98632.219,980704096995.24,2.95,2097.82
2025-01-07 16:00:00+00:00,short,buy,97915.4,,980213744946.75,-0.05,2097.77
2025-01-07 19:00:00+00:00,short,sell - direction_change,97915.4,96729.1,991599477478.8,1.16,2098.93
2025-01-07 19:00:00+00:00,long,buy,96729.1,,991103677740.06,-0.05,2098.88
2025-01-07 21:00:00+00:00,long,sell - direction_change,96729.1,96504.7,988308883322.85,-0.28,2098.6
2025-01-07 21:00:00+00:00,short,buy,96504.7,,987814728881.19,-0.05,2098.55
2025-01-07 22:00:00+00:00,short,sell - direction_change,96504.7,96475.7,987617663298.94,-0.02,2098.53
2025-01-07 22:00:00+00:00,long,buy,96475.7,,987123854467.29,-0.05,2098.48
2025-01-07 23:00:00+00:00,long,sell - direction_change,96475.7,97128.8,993312706757.86,0.63,2099.1
2025-01-07 23:00:00+00:00,short,buy,97128.8,,992816050404.48,-0.05,2099.05
2025-01-08 00:00:00+00:00,short,sell - direction_change,97128.8,96920.2,994451877392.11,0.16,2099.22
2025-01-08 00:00:00+00:00,long,buy,96920.2,,993954651453.41,-0.05,2099.17
2025-01-08 01:00:00+00:00,long,sell - direction_change,96920.2,97228.0,996614283809.85,0.27,2099.44
2025-01-08 01:00:00+00:00,short,buy,97228.0,,996115976667.94,-0.05,2099.39
2025-01-08 05:00:00+00:00,short,sell - direction_change,97228.0,96248.9,1005648950406.64,0.96,2100.34
2025-01-08 05:00:00+00:00,long,buy,96248.9,,1005146125931.44,-0.05,2100.29
2025-01-08 06:00:00+00:00,long,sell - direction_change,96248.9,96454.7,1006792762601.95,0.16,2100.46
2025-01-08 06:00:00+00:00,short,buy,96454.7,,1006289366220.65,-0.05,2100.41
2025-01-08 07:00:00+00:00,short,sell - direction_change,96454.7,95267.8,1018168872136.91,1.18,2101.59
2025-01-08 07:00:00+00:00,long,buy,95267.8,,1017659787700.84,-0.05,2101.54
2025-01-08 09:00:00+00:00,long,sell - direction_change,95267.8,95910.9,1024020613760.74,0.63,2102.16
2025-01-08 09:00:00+00:00,short,buy,95910.9,,1023508603453.86,-0.05,2102.11
2025-01-08 10:00:00+00:00,short,sell - direction_change,95910.9,95400.9,1028439289873.28,0.48,2102.6
2025-01-08 10:00:00+00:00,long,buy,95400.9,,1027925070228.34,-0.05,2102.55
2025-01-08 11:00:00+00:00,long,sell - direction_change,95400.9,95913.1,1032929957315.93,0.49,2103.03
2025-01-08 11:00:00+00:00,short,buy,95913.1,,1032413492337.27,-0.05,2102.98
2025-01-08 17:28:00+00:00,short,sell - take_profit,95913.1,93035.70700000001,1062869690361.22,2.95,2105.93
2025-01-08 18:00:00+00:00,long,buy,93974.8,,1062338255516.04,-0.05,2105.88
2025-01-08 20:00:00+00:00,long,sell - direction_change,93974.8,94217.1,1064546167070.68,0.21,2106.09
2025-01-08 20:00:00+00:00,short,buy,94217.1,,1064013893987.14,-0.05,2106.04
2025-01-08 22:00:00+00:00,short,sell - direction_change,94217.1,94422.8,1061158872874.0,-0.27,2105.77
2025-01-08 22:00:00+00:00,long,buy,94422.8,,1060628293437.56,-0.05,2105.72
2025-01-08 23:00:00+00:00,long,sell - direction_change,94422.8,95247.8,1069365003167.35,0.82,2106.55
2025-01-08 23:00:00+00:00,short,buy,95247.8,,1068830320665.76,-0.05,2106.5
2025-01-09 00:00:00+00:00,short,sell - direction_change,95247.8,95014.0,1070919509714.36,0.2,2106.69
2025-01-09 00:00:00+00:00,long,buy,95014.0,,1070384049959.51,-0.05,2106.64
2025-01-09 01:00:00+00:00,long,sell - direction_change,95014.0,95111.1,1070942741901.64,0.05,2106.69
2025-01-09 01:00:00+00:00,short,buy,95111.1,,1070407270530.69,-0.05,2106.64
2025-01-09 03:00:00+00:00,short,sell - direction_change,95111.1,94743.9,1074004639746.95,0.34,2106.98
2025-01-09 03:00:00+00:00,long,buy,94743.9,,1073467637427.07,-0.05,2106.93
2025-01-09 04:15:00+00:00,long,sell - stop_loss,94743.9,93796.461,1062196227234.09,-1.05,2105.88
2025-01-09 05:00:00+00:00,long,buy,94371.9,,1061665129120.47,-0.05,2105.83
2025-01-09 07:00:00+00:00,long,sell - direction_change,94371.9,94060.9,1057635608332.44,-0.38,2105.45
2025-01-09 07:00:00+00:00,short,buy,94060.9,,1057106790528.28,-0.05,2105.4
2025-01-09 14:00:00+00:00,short,sell - direction_change,94060.9,91926.8,1080562396349.72,2.22,2107.62
2025-01-09 14:00:00+00:00,long,buy,91926.8,,1080022115151.54,-0.05,2107.57
2025-01-09 17:00:00+00:00,long,sell - direction_change,91926.8,94210.2,1106309128397.4,2.43,2110.0
2025-01-09 17:00:00+00:00,short,buy,94210.2,,1105755973833.2,-0.05,2109.95
2025-01-09 18:00:00+00:00,short,sell - direction_change,94210.2,92656.6,1123437878077.37,1.6,2111.55
2025-01-09 18:00:00+00:00,long,buy,92656.6,,1122876159138.33,-0.05,2111.5
2025-01-09 19:00:00+00:00,long,sell - direction_change,92656.6,92986.8,1126316310883.42,0.31,2111.81
2025-01-09 19:00:00+00:00,short,buy,92986.8,,1125753152727.98,-0.05,2111.76
2025-01-09 21:00:00+00:00,short,sell - direction_change,92986.8,91856.7,1138871934600.97,1.17,2112.92
2025-01-09 21:00:00+00:00,long,buy,91856.7,,1138302498633.67,-0.05,2112.87
2025-01-10 07:42:00+00:00,long,sell - take_profit,91856.7,94612.401,1171882422343.36,2.95,2115.82
2025-01-10 08:00:00+00:00,long,buy,94457.0,,1171296481132.19,-0.05,2115.77
2025-01-10 13:30:00+00:00,long,sell - stop_loss,94457.0,93512.43,1158997868080.3,-1.05,2114.72
2025-01-10 14:00:00+00:00,long,buy,93522.1,,1158418369146.26,-0.05,2114.67
2025-01-10 15:11:00+00:00,long,sell - stop_loss,93522.1,92586.879,1146254976270.22,-1.05,2113.62
2025-01-10 16:00:00+00:00,long,buy,93704.0,,1145681848782.09,-0.05,2113.57
2025-01-11 03:00:00+00:00,long,sell - direction_change,93704.0,94371.2,1153266599097.21,0.66,2114.24
2025-01-11 03:00:00+00:00,short,buy,94371.2,,1152689965797.66,-0.05,2114.19
2025-01-11 05:00:00+00:00,short,sell - direction_change,94371.2,94022.1,1156377676660.83,0.32,2114.5
2025-01-11 05:00:00+00:00,long,buy,94022.1,,1155799487822.5,-0.05,2114.45
2025-01-11 06:00:00+00:00,long,sell - direction_change,94022.1,94317.7,1158855354273.98,0.26,2114.72
2025-01-11 06:00:00+00:00,short,buy,94317.7,,1158275926596.85,-0.05,2114.67
2025-01-11 10:00:00+00:00,short,sell - direction_change,94317.7,94296.1,1157962049130.94,-0.03,2114.64
2025-01-11 10:00:00+00:00,long,buy,94296.1,,1157383068106.37,-0.05,2114.59
2025-01-11 13:00:00+00:00,long,sell - direction_change,94296.1,94505.1,1159369626473.79,0.17,2114.76
2025-01-11 13:00:00+00:00,short,buy,94505.1,,1158789941660.55,-0.05,2114.71
2025-01-11 14:00:00+00:00,short,sell - direction_change,94505.1,94339.2,1160244757026.75,0.13,2114.84
2025-01-11 14:00:00+00:00,long,buy,94339.2,,1159664634648.23,-0.05,2114.79
2025-01-11 15:00:00+00:00,long,sell - direction_change,94339.2,94568.1,1161898555626.16,0.19,2114.98
2025-01-11 15:00:00+00:00,short,buy,94568.1,,1161317606348.34,-0.05,2114.93
2025-01-11 16:00:00+00:00,short,sell - direction_change,94568.1,94365.9,1163220009169.58,0.16,2115.1
2025-01-11 16:00:00+00:00,long,buy,94365.9,,1162638399165.0,-0.05,2115.05
2025-01-11 17:00:00+00:00,long,sell - direction_change,94365.9,94410.1,1162601647624.32,-0.0,2115.04
2025-01-11 17:00:00+00:00,short,buy,94410.1,,1162020346800.5,-0.05,2114.99
2025-01-11 20:00:00+00:00,short,sell - direction_change,94410.1,94206.5,1163945290360.96,0.17,2115.16
2025-01-11 20:00:00+00:00,long,buy,94206.5,,1163363317715.78,-0.05,2115.11
2025-01-12 00:00:00+00:00,long,sell - direction_change,94206.5,94562.4,1167176672543.52,0.33,2115.44
2025-01-12 00:00:00+00:00,short,buy,94562.4,,1166593084207.25,-0.05,2115.39
2025-01-12 01:00:00+00:00,short,sell - direction_change,94562.4,94411.3,1167873871222.92,0.11,2115.5
2025-01-12 01:00:00+00:00,long,buy,94411.3,,1167289934287.31,-0.05,2115.45
2025-01-12 06:00:00+00:00,long,sell - direction_change,94411.3,94517.5,1168019333320.42,0.06,2115.51
2025-01-12 06:00:00+00:00,short,buy,94517.5,,1167435323653.76,-0.05,2115.46
2025-01-12 13:00:00+00:00,short,sell - direction_change,94517.5,94292.1,1169635639868.75,0.19,2115.65
2025-01-12 13:00:00+00:00,long,buy,94292.1,,1169050822048.81,-0.05,2115.6
2025-01-12 21:00:00+00:00,long,sell - direction_change,94292.1,94655.9,1172976756040.66,0.34,2115.93
2025-01-12 21:00:00+00:00,short,buy,94655.9,,1172390267662.64,-0.05,2115.88
2025-01-12 23:00:00+00:00,short,sell - direction_change,94655.9,93914.0,1180993107122.3,0.73,2116.62
2025-01-12 23:00:00+00:00,long,buy,93914.0,,1180402610568.74,-0.05,2116.57
2025-01-13 01:00:00+00:00,long,sell - direction_change,93914.0,95274.7,1196915011987.24,1.4,2117.97
2025-01-13 01:00:00+00:00,short,buy,95274.7,,1196316554481.24,-0.05,2117.92
2025-01-13 03:00:00+00:00,short,sell - direction_change,95274.7,94164.0,1209664898235.1,1.12,2119.03
2025-01-13 03:00:00+00:00,long,buy,94164.0,,1209060065785.98,-0.05,2118.98
2025-01-13 05:00:00+00:00,long,sell - direction_change,94164.0,94455.3,1212195810137.82,0.26,2119.24
2025-01-13 05:00:00+00:00,short,buy,94455.3,,1211589712232.75,-0.05,2119.19
2025-01-13 10:34:00+00:00,short,sell - take_profit,94455.3,91621.641,1247331608743.62,2.95,2122.14
2025-01-13 11:00:00+00:00,short,buy,91607.3,,1246707942939.24,-0.05,2122.09
2025-01-13 13:00:00+00:00,short,sell - direction_change,91607.3,90713.9,1258243105551.3,0.93,2123.02
2025-01-13 13:00:00+00:00,long,buy,90713.9,,1257613983998.52,-0.05,2122.97
2025-01-13 14:34:00+00:00,long,sell - stop_loss,90713.9,89806.761,1244409037166.54,-1.05,2121.92
2025-01-13 15:00:00+00:00,long,buy,91799.9,,1243786832647.96,-0.05,2121.87
2025-01-13 16:00:00+00:00,long,sell - direction_change,91799.9,92093.7,1247145603387.39,0.27,2122.14
2025-01-13 16:00:00+00:00,short,buy,92093.7,,1246522030585.69,-0.05,2122.09
2025-01-13 17:00:00+00:00,short,sell - direction_change,92093.7,91322.9,1256331830476.58,0.79,2122.87
2025-01-13 17:00:00+00:00,long,buy,91322.9,,1255703664561.34,-0.05,2122.82
2025-01-13 21:39:00+00:00,long,sell - take_profit,91322.9,94062.587,1292746922665.9,2.95,2125.77
2025-01-13 22:00:00+00:00,long,buy,94160.7,,1292100549204.57,-0.05,2125.72
2025-01-14 09:48:00+00:00,long,sell - take_profit,94160.7,96985.521,1330217515406.1,2.95,2128.67
2025-01-14 10:00:00+00:00,long,buy,97129.9,,1329552406648.4,-0.05,2128.62
2025-01-14 12:20:00+00:00,long,sell - stop_loss,97129.9,96158.601,1315592106378.59,-1.05,2127.57
2025-01-14 13:00:00+00:00,long,buy,95953.5,,1314934310325.4,-0.05,2127.52
2025-01-15 11:00:00+00:00,long,sell - direction_change,95953.5,96889.0,1327096813752.97,0.92,2128.45
2025-01-15 11:00:00+00:00,short,buy,96889.0,,1326433265346.09,-0.05,2128.4
2025-01-15 12:00:00+00:00,short,sell - direction_change,96889.0,96725.5,1328008402281.77,0.12,2128.52
2025-01-15 12:00:00+00:00,long,buy,96725.5,,1327344398080.63,-0.05,2128.47
2025-01-15 15:00:00+00:00,long,sell - take_profit,96725.5,99627.265,1366501057824.01,2.95,2131.42
2025-01-15 16:00:00+00:00,long,buy,98943.3,,1365817807295.09,-0.05,2131.37
2025-01-16 13:00:00+00:00,long,sell - direction_change,98943.3,99336.0,1370555747028.24,0.35,2131.71
2025-01-16 13:00:00+00:00,short,buy,99336.0,,1369870469154.72,-0.05,2131.66
2025-01-16 15:00:00+00:00,short,sell - direction_change,99336.0,97586.7,1393308856901.67,1.71,2133.37
2025-01-16 15:00:00+00:00,long,buy,97586.7,,1392612202473.22,-0.05,2133.32
2025-01-16 20:03:00+00:00,long,sell - take_profit,97586.7,100514.301,1433694262446.18,2.95,2136.27
2025-01-16 21:00:00+00:00,long,buy,100305.3,,1432977415314.95,-0.05,2136.22
2025-01-17 14:59:00+00:00,long,sell - take_profit,100305.3,103314.459,1475250249066.75,2.95,2139.17
2025-01-17 15:00:00+00:00,long,buy,103321.9,,1474512623942.21,-0.05,2139.12
2025-01-18 05:00:00+00:00,long,sell - direction_change,103321.9,103561.3,1477191858443.63,0.18,2139.31
2025-01-18 05:00:00+00:00,short,buy,103561.3,,1476453262514.41,-0.05,2139.26
2025-01-18 06:00:00+00:00,short,sell - direction_change,103561.3,102778.6,1486873837178.32,0.71,2139.96
2025-01-18 06:00:00+00:00,long,buy,102778.6,,1486130400259.74,-0.05,2139.91
2025-01-18 07:00:00+00:00,long,sell - direction_change,102778.6,103400.0,1494372487909.73,0.55,2140.47
2025-01-18 07:00:00+00:00,short,buy,103400.0,,1493625301665.77,-0.05,2140.42
2025-01-18 08:00:00+00:00,short,sell - direction_change,103400.0,102781.1,1501818573146.48,0.55,2140.97
2025-01-18 08:00:00+00:00,long,buy,102781.1,,1501067663859.9,-0.05,2140.92
2025-01-18 09:00:00+00:00,long,sell - direction_change,102781.1,103242.0,1507048348960.96,0.4,2141.31
2025-01-18 09:00:00+00:00,short,buy,103242.0,,1506294824786.48,-0.05,2141.26
2025-01-18 10:00:00+00:00,short,sell - direction_change,103242.0,103129.6,1507181586890.62,0.06,2141.32
2025-01-18 10:00:00+00:00,long,buy,103129.6,,1506427996097.17,-0.05,2141.27
2025-01-18 12:00:00+00:00,long,sell - direction_change,103129.6,103547.0,1511771800274.03,0.35,2141.63
2025-01-18 12:00:00+00:00,short,buy,103547.0,,1511015914373.89,-0.05,2141.58
2025-01-18 13:00:00+00:00,short,sell - direction_change,103547.0,103407.5,1512296068676.89,0.08,2141.66
2025-01-18 13:00:00+00:00,long,buy,103407.5,,1511539920642.55,-0.05,2141.61
2025-01-18 16:00:00+00:00,long,sell - direction_change,103407.5,104517.1,1527003522545.44,1.02,2142.63
2025-01-18 16:00:00+00:00,short,buy,104517.1,,1526240020784.17,-0.05,2142.58
2025-01-18 17:00:00+00:00,short,sell - direction_change,104517.1,103209.0,1544578794829.27,1.2,2143.79
2025-01-18 17:00:00+00:00,long,buy,103209.0,,1543806505431.86,-0.05,2143.74
2025-01-19 20:04:00+00:00,long,sell - take_profit,103209.0,106305.27,1589348797342.1,2.95,2146.69
2025-01-19 21:00:00+00:00,short,buy,106291.3,,1588554122943.43,-0.05,2146.64
2025-01-19 22:04:00+00:00,short,sell - take_profit,106291.3,103102.561,1635416469570.26,2.95,2149.59
2025-01-19 23:00:00+00:00,short,buy,103396.8,,1634598761335.47,-0.05,2149.54
2025-01-19 23:29:00+00:00,short,sell - take_profit,103396.8,100294.896,1682819424794.87,2.95,2152.49
2025-01-20 00:00:00+00:00,short,buy,101311.5,,1681978015082.47,-0.05,2152.44
2025-01-20 04:44:00+00:00,short,sell - stop_loss,101311.5,102324.615,1664317245924.11,-1.05,2151.39
2025-01-20 05:00:00+00:00,long,buy,102195.3,,1663485087301.14,-0.05,2151.34
2025-01-20 06:45:00+00:00,long,sell - take_profit,102195.3,105261.159,1712557897376.53,2.95,2154.29
2025-01-20 07:00:00+00:00,long,buy,107551.3,,1711701618427.84,-0.05,2154.24
2025-01-20 12:17:00+00:00,long,sell - stop_loss,107551.3,106475.787,1693728751434.35,-1.05,2153.19
2025-01-20 13:00:00+00:00,long,buy,106957.2,,1692881887058.63,-0.05,2153.14
2025-01-20 15:46:00+00:00,long,sell - stop_loss,106957.2,105887.628,1675106627244.52,-1.05,2152.09
2025-01-20 16:00:00+00:00,long,buy,105001.3,,1674269073930.89,-0.05,2152.04
2025-01-20 16:13:00+00:00,long,sell - stop_loss,105001.3,103951.287,1656689248654.62,-1.05,2150.99
2025-01-20 17:00:00+00:00,short,buy,106685.1,,1655860904030.29,-0.05,2150.94
2025-01-20 17:05:00+00:00,short,sell - take_profit,106685.1,103484.547,1704708800699.18,2.95,2153.89
2025-01-20 18:00:00+00:00,long,buy,102943.5,,1703856446298.84,-0.05,2153.84
2025-01-20 21:00:00+00:00,long,sell - direction_change,102943.5,103632.7,1714411725551.53,0.62,2154.46
2025-01-20 21:00:00+00:00,short,buy,103632.7,,1713554519688.75,-0.05,2154.41
2025-01-20 22:00:00+00:00,short,sell - direction_change,103632.7,102586.0,1730004803962.17,0.96,2155.37
2025-01-20 22:00:00+00:00,long,buy,102586.0,,1729139801560.19,-0.05,2155.32
2025-01-20 23:00:00+00:00,long,sell - direction_change,102586.0,103585.2,1745117261660.76,0.92,2156.24
2025-01-20 23:00:00+00:00,short,buy,103585.2,,1744244703029.93,-0.05,2156.19
2025-01-21 01:00:00+00:00,short,sell - direction_change,103585.2,101188.1,1783736734801.14,2.26,2158.45
2025-01-21 01:00:00+00:00,long,buy,101188.1,,1782844866433.74,-0.05,2158.4
2025-01-21 01:30:00+00:00,long,sell - stop_loss,101188.1,100176.21900000001,1764124995336.18,-1.05,2157.35
2025-01-21 02:00:00+00:00,long,buy,101496.8,,1763242932838.52,-0.05,2157.3
2025-01-21 05:00:00+00:00,long,sell - direction_change,101496.8,102337.2,1776961075707.1,0.78,2158.08
2025-01-21 05:00:00+00:00,short,buy,102337.2,,1776072595169.25,-0.05,2158.03
2025-01-21 06:00:00+00:00,short,sell - direction_change,102337.2,101371.1,1791951323393.2,0.89,2158.93
2025-01-21 06:00:00+00:00,long,buy,101371.1,,1791055347731.5,-0.05,2158.88
2025-01-21 12:15:00+00:00,long,sell - take_profit,101371.1,104412.23300000001,1843891480489.58,2.95,2161.83
2025-01-21 13:00:00+00:00,long,buy,104492.9,,1842969534749.34,-0.05,2161.78
2025-01-21 14:37:00+00:00,long,sell - stop_loss,104492.9,103447.97099999999,1823618354634.47,-1.05,2160.73
2025-01-21 15:00:00+00:00,long,buy,103264.7,,1822706545457.15,-0.05,2160.68
2025-01-21 16:15:00+00:00,long,sell - take_profit,103264.7,106362.641,1876476388548.14,2.95,2163.63
2025-01-21 17:00:00+00:00,long,buy,104955.6,,1875538150353.86,-0.05,2163.58
2025-01-22 07:00:00+00:00,long,sell - direction_change,104955.6,105366.2,1881937731210.8,0.34,2163.92
2025-01-22 07:00:00+00:00,short,buy,105366.2,,1880996762345.2,-0.05,2163.87
2025-01-22 08:00:00+00:00,short,sell - direction_change,105366.2,105063.8,1885454706927.07,0.24,2164.1
2025-01-22 08:00:00+00:00,long,buy,105063.8,,1884511979573.61,-0.05,2164.05
2025-01-22 09:00:00+00:00,long,sell - direction_change,105063.8,105245.1,1886821671656.3,0.12,2164.18
2025-01-22 09:00:00+00:00,short,buy,105245.1,,1885878260820.47,-0.05,2164.13
2025-01-22 10:00:00+00:00,short,sell - direction_change,105245.1,104972.2,1889825394267.1,0.21,2164.34
2025-01-22 10:00:00+00:00,long,buy,104972.2,,1888880481569.97,-0.05,2164.29
2025-01-22 13:00:00+00:00,long,sell - direction_change,104972.2,105232.9,1892627103739.47,0.2,2164.48
2025-01-22 13:00:00+00:00,short,buy,105232.9,,1891680790187.6,-0.05,2164.43
2025-01-22 17:00:00+00:00,short,sell - direction_change,105232.9,103671.6,1918801088972.55,1.43,2165.87
2025-01-22 17:00:00+00:00,long,buy,103671.6,,1917841688428.07,-0.05,2165.82
2025-01-22 18:00:00+00:00,long,sell - direction_change,103671.6,104301.2,1928529864059.98,0.56,2166.38
2025-01-22 18:00:00+00:00,short,buy,104301.2,,1927565599127.95,-0.05,2166.33
2025-01-22 19:00:00+00:00,short,sell - direction_change,104301.2,103866.6,1934633555266.97,0.37,2166.69
2025-01-22 19:00:00+00:00,long,buy,103866.6,,1933666238489.33,-0.05,2166.64
2025-01-22 20:00:00+00:00,long,sell - direction_change,103866.6,104600.0,1946352984281.0,0.66,2167.3
2025-01-22 20:00:00+00:00,short,buy,104600.0,,1945379807788.86,-0.05,2167.25
2025-01-23 10:00:00+00:00,short,sell - direction_change,104600.0,101635.8,1999536131520.22,2.78,2170.03
2025-01-23 10:00:00+00:00,long,buy,101635.8,,1998536363454.46,-0.05,2169.98
2025-01-23 12:00:00+00:00,long,sell - direction_change,101635.8,101909.2,2002913152151.99,0.22,2170.2
2025-01-23 12:00:00+00:00,short,buy,101909.2,,2001911695575.91,-0.05,2170.15
2025-01-23 13:00:00+00:00,short,sell - direction_change,101909.2,101599.7,2006990580113.3,0.25,2170.4
2025-01-23 13:00:00+00:00,long,buy,101599.7,,2005987084823.24,-0.05,2170.35
2025-01-23 14:37:00+00:00,long,sell - take_profit,101599.7,104647.691,2065163703825.53,2.95,2173.3
2025-01-23 15:00:00+00:00,long,buy,105167.7,,2064131121973.61,-0.05,2173.25
2025-01-23 15:07:00+00:00,long,sell - stop_loss,105167.7,104116.023,2042457745192.89,-1.05,2172.2
2025-01-23 16:00:00+00:00,long,buy,105235.2,,2041436516320.29,-0.05,2172.15
2025-01-23 17:02:00+00:00,long,sell - stop_loss,105235.2,104182.848,2020001432898.93,-1.05,2171.1
2025-01-23 18:00:00+00:00,long,buy,105899.5,,2018991432182.48,-0.05,2171.05
2025-01-23 19:05:00+00:00,long,sell - stop_loss,105899.5,104840.505,1997792022144.57,-1.05,2170.0
2025-01-23 20:00:00+00:00,long,buy,103713.7,,1996793126133.49,-0.05,2169.95
2025-01-23 20:56:00+00:00,long,sell - stop_loss,103713.7,102676.563,1975826798309.09,-1.05,2168.9
2025-01-23 21:00:00+00:00,long,buy,103218.8,,1974838884909.94,-0.05,2168.85
2025-01-23 21:19:00+00:00,long,sell - stop_loss,103218.8,102186.61200000001,1954103076618.38,-1.05,2167.8
2025-01-23 22:00:00+00:00,long,buy,103025.1,,1953126025080.07,-0.05,2167.75
2025-01-24 00:00:00+00:00,long,sell - direction_change,103025.1,103864.0,1968053134303.13,0.76,2168.52
2025-01-24 00:00:00+00:00,short,buy,103864.0,,1967069107735.98,-0.05,2168.47
2025-01-24 03:00:00+00:00,short,sell - direction_change,103864.0,102968.3,1983049138997.02,0.81,2169.28
2025-01-24 03:00:00+00:00,long,buy,102968.3,,1982057614427.52,-0.05,2169.23
2025-01-24 14:44:00+00:00,long,sell - take_profit,102968.3,106057.349,2040528314053.13,2.95,2172.18
2025-01-24 15:00:00+00:00,long,buy,105722.6,,2039508049896.1,-0.05,2172.13
2025-01-24 20:00:00+00:00,long,sell - direction_change,105722.6,105726.7,2038567389489.78,-0.05,2172.09
2025-01-24 20:00:00+00:00,short,buy,105726.7,,2037548105795.03,-0.05,2172.04
2025-01-24 21:00:00+00:00,short,sell - direction_change,105726.7,104812.9,2054139939649.84,0.81,2172.85
2025-01-24 21:00:00+00:00,long,buy,104812.9,,2053112869680.02,-0.05,2172.8
2025-01-25 00:00:00+00:00,long,sell - direction_change,104812.9,104808.0,2051990330278.75,-0.05,2172.74
2025-01-25 00:00:00+00:00,short,buy,104808.0,,2050964335113.61,-0.05,2172.69
2025-01-25 01:00:00+00:00,short,sell - direction_change,104808.0,104371.0,2058490408308.67,0.37,2173.06
2025-01-25 01:00:00+00:00,long,buy,104371.0,,2057461163104.52,-0.05,2173.01
2025-01-25 02:00:00+00:00,long,sell - direction_change,104371.0,104690.0,2062720866197.36,0.26,2173.27
2025-01-25 02:00:00+00:00,short,buy,104690.0,,2061689505764.26,-0.05,2173.22
2025-01-25 03:00:00+00:00,short,sell - direction_change,104690.0,104520.3,2064000610663.95,0.11,2173.33
2025-01-25 03:00:00+00:00,long,buy,104520.3,,2062968610358.62,-0.05,2173.28
2025-01-25 04:00:00+00:00,long,sell - direction_change,104520.3,105153.9,2074442801137.83,0.56,2173.84
2025-01-25 04:00:00+00:00,short,buy,105153.9,,2073405579737.27,-0.05,2173.79
2025-01-25 10:00:00+00:00,short,sell - direction_change,105153.9,104323.9,2088734666815.22,0.74,2174.53
2025-01-25 10:00:00+00:00,long,buy,104323.9,,2087690299481.81,-0.05,2174.48
2025-01-25 11:00:00+00:00,long,sell - direction_change,104323.9,104480.6,2089782275269.83,0.1,2174.58
2025-01-25 11:00:00+00:00,short,buy,104480.6,,2088737384132.2,-0.05,2174.53
2025-01-25 12:00:00+00:00,short,sell - direction_change,104480.6,104626.9,2084768240129.7,-0.19,2174.34
2025-01-25 12:00:00+00:00,long,buy,104626.9,,2083725856009.64,-0.05,2174.29
2025-01-25 13:00:00+00:00,long,sell - direction_change,104626.9,104699.8,2084135853118.61,0.02,2174.31
2025-01-25 13:00:00+00:00,short,buy,104699.8,,2083093785192.05,-0.05,2174.26
2025-01-25 15:00:00+00:00,short,sell - direction_change,104699.8,104551.1,2085010754417.52,0.09,2174.35
2025-01-25 15:00:00+00:00,long,buy,104551.1,,2083968249040.31,-0.05,2174.3
2025-01-25 16:00:00+00:00,long,sell - direction_change,104551.1,104852.1,2088925957343.33,0.24,2174.53
2025-01-25 16:00:00+00:00,short,buy,104852.1,,2087881494364.66,-0.05,2174.48
2025-01-25 17:00:00+00:00,short,sell - direction_change,104852.1,104618.8,2091483171136.21,0.17,2174.66
2025-01-25 17:00:00+00:00,long,buy,104618.8,,2090437429550.64,-0.05,2174.61
2025-01-25 23:00:00+00:00,long,sell - direction_change,104618.8,105025.1,2097510682158.67,0.34,2174.95
2025-01-25 23:00:00+00:00,short,buy,105025.1,,2096461926817.59,-0.05,2174.9
2025-01-26 02:00:00+00:00,short,sell - direction_change,105025.1,104572.4,2104450281530.09,0.38,2175.28
2025-01-26 02:00:00+00:00,long,buy,104572.4,,2103398056389.32,-0.05,2175.23
2025-01-26 09:00:00+00:00,long,sell - direction_change,104572.4,105000.0,2110947221536.68,0.36,2175.59
2025-01-26 09:00:00+00:00,short,buy,105000.0,,2109891747925.92,-0.05,2175.54
2025-01-26 11:00:00+00:00,short,sell - direction_change,105000.0,104664.6,2115576399121.04,0.27,2175.81
2025-01-26 11:00:00+00:00,long,buy,104664.6,,2114518610921.48,-0.05,2175.76
2025-01-26 13:00:00+00:00,long,sell - direction_change,104664.6,104854.3,2117293823917.94,0.13,2175.89
2025-01-26 13:00:00+00:00,short,buy,104854.3,,2116235177005.98,-0.05,2175.84
2025-01-26 15:00:00+00:00,short,sell - direction_change,104854.3,104892.5,2114406083084.02,-0.09,2175.75
2025-01-26 15:00:00+00:00,long,buy,104892.5,,2113348880042.48,-0.05,2175.7
2025-01-26 16:00:00+00:00,long,sell - direction_change,104892.5,104920.0,2112846268993.08,-0.02,2175.68
2025-01-26 16:00:00+00:00,short,buy,104920.0,,2111789845858.59,-0.05,2175.63
2025-01-26 17:00:00+00:00,short,sell - direction_change,104920.0,104890.1,2111335766760.96,-0.02,2175.6
2025-01-26 17:00:00+00:00,long,buy,104890.1,,2110280098877.58,-0.05,2175.55
2025-01-26 21:00:00+00:00,long,sell - direction_change,104890.1,104914.7,2109719885331.52,-0.03,2175.53
2025-01-26 21:00:00+00:00,short,buy,104914.7,,2108665025388.86,-0.05,2175.48
2025-01-27 00:58:00+00:00,short,sell - take_profit,104914.7,101767.25899999999,2170870643637.83,2.95,2178.43
2025-01-27 01:00:00+00:00,short,buy,101670.7,,2169785208316.01,-0.05,2178.38
2025-01-27 03:00:00+00:00,short,sell - direction_change,101670.7,100940.6,2184281600984.72,0.67,2179.05
2025-01-27 03:00:00+00:00,long,buy,100940.6,,2183189460184.22,-0.05,2179.0
2025-01-27 04:00:00+00:00,long,sell - direction_change,100940.6,101349.1,2190933090274.32,0.35,2179.35
2025-01-27 04:00:00+00:00,short,buy,101349.1,,2189837623729.19,-0.05,2179.3
2025-01-27 07:00:00+00:00,short,sell - direction_change,101349.1,98918.0,2241271185654.18,2.35,2181.65
2025-01-27 07:00:00+00:00,long,buy,98918.0,,2240150550061.36,-0.05,2181.6
2025-01-27 07:29:00+00:00,long,sell - stop_loss,98918.0,97928.81999999999,2216628969285.71,-1.05,2180.55
2025-01-27 08:00:00+00:00,long,buy,98996.3,,2215520654801.07,-0.05,2180.5
2025-01-27 10:00:00+00:00,long,sell - direction_change,98996.3,99365.9,2222684480725.02,0.32,2180.82
2025-01-27 10:00:00+00:00,short,buy,99365.9,,2221573138484.65,-0.05,2180.77
2025-01-27 11:00:00+00:00,short,sell - direction_change,99365.9,98357.7,2243003183712.04,0.96,2181.74
2025-01-27 11:00:00+00:00,long,buy,98357.7,,2241881682120.18,-0.05,2181.69
2025-01-27 13:00:00+00:00,long,sell - direction_change,98357.7,100567.6,2291131320596.42,2.2,2183.88
2025-01-27 13:00:00+00:00,short,buy,100567.6,,2289985754936.12,-0.05,2183.83
2025-01-27 13:14:00+00:00,short,sell - stop_loss,100567.6,101573.27600000001,2265940904509.29,-1.05,2182.78
2025-01-27 14:00:00+00:00,long,buy,100440.0,,2264807934057.04,-0.05,2182.73
2025-01-27 17:08:00+00:00,long,sell - stop_loss,100440.0,99435.6,2241027450749.44,-1.05,2181.68
2025-01-27 18:00:00+00:00,long,buy,99120.1,,2239906937024.07,-0.05,2181.63
2025-01-27 21:08:00+00:00,long,sell - take_profit,99120.1,102093.70300000001,2305984191666.28,2.95,2184.58
2025-01-27 22:00:00+00:00,long,buy,101306.8,,2304831199570.44,-0.05,2184.53
2025-01-28 16:00:00+00:00,long,sell - direction_change,101306.8,102730.6,2336071660479.92,1.36,2185.89
2025-01-28 16:00:00+00:00,short,buy,102730.6,,2334903624649.68,-0.05,2185.84
2025-01-28 17:00:00+00:00,short,sell - direction_change,102730.6,102211.8,2345527674108.33,0.46,2186.29
2025-01-28 17:00:00+00:00,long,buy,102211.8,,2344354910271.28,-0.05,2186.24
2025-01-28 18:00:00+00:00,long,sell - direction_change,102211.8,102525.3,2350373245695.97,0.26,2186.5
2025-01-28 18:00:00+00:00,short,buy,102525.3,,2349198059073.12,-0.05,2186.45
2025-01-28 19:00:00+00:00,short,sell - direction_change,102525.3,102161.0,2356370793364.43,0.31,2186.76
2025-01-28 19:00:00+00:00,long,buy,102161.0,,2355192607967.75,-0.05,2186.71
2025-01-28 20:00:00+00:00,long,sell - direction_change,102161.0,102368.7,2358803272396.09,0.15,2186.86
2025-01-28 20:00:00+00:00,short,buy,102368.7,,2357623870759.89,-0.05,2186.81
2025-01-28 22:00:00+00:00,short,sell - direction_change,102368.7,100298.7,2404118629090.36,1.97,2188.78
2025-01-28 22:00:00+00:00,long,buy,100298.7,,2402916569775.81,-0.05,2188.73
2025-01-29 01:00:00+00:00,long,sell - direction_change,100298.7,101651.6,2434127354393.87,1.3,2190.03
2025-01-29 01:00:00+00:00,short,buy,101651.6,,2432910290716.67,-0.05,2189.98
2025-01-29 05:00:00+00:00,short,sell - direction_change,101651.6,101956.5,2424396416272.06,-0.35,2189.63
2025-01-29 05:00:00+00:00,long,buy,101956.5,,2423184218063.93,-0.05,2189.58
2025-01-29 13:00:00+00:00,long,sell - direction_change,101956.5,102189.9,2427519807316.52,0.18,2189.76
2025-01-29 13:00:00+00:00,short,buy,102189.9,,2426306047412.86,-0.05,2189.71
2025-01-29 14:00:00+00:00,short,sell - direction_change,102189.9,101788.7,2434618630163.65,0.34,2190.05
2025-01-29 14:00:00+00:00,long,buy,101788.7,,2433401320848.56,-0.05,2190.0
2025-01-29 15:00:00+00:00,long,sell - direction_change,101788.7,101990.2,2437001759675.64,0.15,2190.15
2025-01-29 15:00:00+00:00,short,buy,101990.2,,2435783258795.8,-0.05,2190.1
2025-01-29 17:00:00+00:00,short,sell - direction_change,101990.2,102057.3,2432962849898.42,-0.12,2189.99
2025-01-29 17:00:00+00:00,long,buy,102057.3,,2431746368473.47,-0.05,2189.94
2025-01-30 03:47:00+00:00,long,sell - take_profit,102057.3,105119.019,2503482886343.44,2.95,2192.89
2025-01-30 04:00:00+00:00,long,buy,105155.6,,2502231144900.26,-0.05,2192.84
2025-01-30 23:00:00+00:00,long,sell - direction_change,105155.6,105041.9,2498274479826.17,-0.16,2192.68
2025-01-30 23:00:00+00:00,short,buy,105041.9,,2497025342586.26,-0.05,2192.63
2025-01-31 12:00:00+00:00,short,sell - direction_change,105041.9,104692.0,2504094550437.64,0.28,2192.91
2025-01-31 12:00:00+00:00,long,buy,104692.0,,2502842503162.42,-0.05,2192.86
2025-01-31 14:00:00+00:00,long,sell - direction_change,104692.0,104631.6,2500147115923.07,-0.11,2192.75
2025-01-31 14:00:00+00:00,short,buy,104631.6,,2498897042365.11,-0.05,2192.7
2025-01-31 15:00:00+00:00,short,sell - direction_change,104631.6,104408.2,2502983014493.76,0.16,2192.87
2025-01-31 15:00:00+00:00,long,buy,104408.2,,2501731522986.51,-0.05,2192.82
2025-01-31 17:00:00+00:00,long,sell - direction_change,104408.2,105041.5,2515655198817.61,0.56,2193.37
2025-01-31 17:00:00+00:00,short,buy,105041.5,,2514397371218.2,-0.05,2193.32
2025-01-31 20:22:00+00:00,short,sell - take_profit,105041.5,101890.25499999999,2588572093669.13,2.95,2196.27
2025-01-31 21:00:00+00:00,short,buy,101647.5,,2587277807622.3,-0.05,2196.22
2025-02-01 01:33:00+00:00,short,sell - stop_loss,101647.5,102663.975,2560111390642.26,-1.05,2195.17
2025-02-01 02:00:00+00:00,short,buy,102521.1,,2558831334946.94,-0.05,2195.12
2025-02-01 17:00:00+00:00,short,sell - direction_change,102521.1,101860.0,2574052360608.46,0.59,2195.72
2025-02-01 17:00:00+00:00,long,buy,101860.0,,2572765334428.16,-0.05,2195.67
2025-02-01 18:00:00+00:00,long,sell - direction_change,101860.0,102219.0,2580546522495.87,0.3,2195.97
2025-02-01 18:00:00+00:00,short,buy,102219.0,,2579256249234.62,-0.05,2195.92
2025-02-02 01:00:00+00:00,short,sell - direction_change,102219.0,101208.7,2603459167393.98,0.94,2196.86
2025-02-02 01:00:00+00:00,long,buy,101208.7,,2602157437810.28,-0.05,2196.81
2025-02-02 02:00:00+00:00,long,sell - direction_change,101208.7,101214.6,2601008052857.66,-0.04,2196.76
2025-02-02 02:00:00+00:00,short,buy,101214.6,,2599707548831.23,-0.05,2196.71
2025-02-02 06:00:00+00:00,short,sell - direction_change,101214.6,100212.0,2624159580540.31,0.94,2197.65
2025-02-02 06:00:00+00:00,long,buy,100212.0,,2622847500750.04,-0.05,2197.6
2025-02-02 07:00:00+00:00,long,sell - direction_change,100212.0,100227.7,2621946992915.54,-0.03,2197.57
2025-02-02 07:00:00+00:00,short,buy,100227.7,,2620636019419.08,-0.05,2197.52
2025-02-02 13:00:00+00:00,short,sell - direction_change,100227.7,98124.5,2674317701385.85,2.05,2199.57
2025-02-02 13:00:00+00:00,long,buy,98124.5,,2672980542535.16,-0.05,2199.52
2025-02-02 16:00:00+00:00,long,sell - direction_change,98124.5,99298.6,2703627363822.07,1.15,2200.67
2025-02-02 16:00:00+00:00,short,buy,99298.6,,2702275550140.16,-0.05,2200.62
2025-02-02 19:00:00+00:00,short,sell - direction_change,99298.6,97050.5,2762103378274.68,2.21,2202.83
2025-02-02 19:00:00+00:00,long,buy,97050.5,,2760722326585.54,-0.05,2202.78
2025-02-02 20:00:00+00:00,long,sell - direction_change,97050.5,98232.0,2792951204208.87,1.17,2203.95
2025-02-02 20:00:00+00:00,short,buy,98232.0,,2791554728606.76,-0.05,2203.9
2025-02-02 22:00:00+00:00,short,sell - direction_change,98232.0,96999.0,2825198317033.36,1.21,2205.1
2025-02-02 22:00:00+00:00,long,buy,96999.0,,2823785717874.85,-0.05,2205.05
2025-02-02 23:00:00+00:00,long,sell - direction_change,96999.0,97971.6,2850687663191.62,0.95,2206.0
2025-02-02 23:00:00+00:00,short,buy,97971.6,,2849262319360.02,-0.05,2205.95
2025-02-03 01:24:00+00:00,short,sell - take_profit,97971.6,95032.452,2933315557781.14,2.95,2208.9
2025-02-03 02:00:00+00:00,short,buy,93408.4,,2931848900002.25,-0.05,2208.85
2025-02-03 02:16:00+00:00,short,sell - stop_loss,93408.4,94342.484,2901064486552.22,-1.05,2207.8
2025-02-03 03:00:00+00:00,short,buy,93539.2,,2899613954308.95,-0.05,2207.75
2025-02-03 03:11:00+00:00,short,sell - stop_loss,93539.2,94474.592,2869168007788.7,-1.05,2206.7
2025-02-03 04:00:00+00:00,short,buy,94001.6,,2867733423784.81,-0.05,2206.65
2025-02-03 05:00:00+00:00,short,sell - direction_change,94001.6,92765.2,2904018761907.38,1.27,2207.92
2025-02-03 05:00:00+00:00,long,buy,92765.2,,2902566752526.43,-0.05,2207.87
2025-02-03 06:00:00+00:00,long,sell - direction_change,92765.2,94171.9,2945130257570.6,1.47,2209.34
2025-02-03 06:00:00+00:00,short,buy,94171.9,,2943657692441.81,-0.05,2209.29
2025-02-03 07:00:00+00:00,short,sell - direction_change,94171.9,93872.7,2951538360270.06,0.27,2209.55
2025-02-03 07:00:00+00:00,long,buy,93872.7,,2950062591089.93,-0.05,2209.5
2025-02-03 15:08:00+00:00,long,sell - take_profit,93872.7,96688.881,3037089437527.08,2.95,2212.45
2025-02-03 16:00:00+00:00,long,buy,98802.8,,3035570892808.32,-0.05,2212.4
2025-02-03 19:56:00+00:00,long,sell - take_profit,98802.8,101766.884,3125120234146.16,2.95,2215.35
2025-02-03 20:00:00+00:00,long,buy,101831.9,,3123557674029.09,-0.05,2215.3
2025-02-04 01:13:00+00:00,long,sell - stop_loss,101831.9,100813.58099999999,3090760318451.78,-1.05,2214.25
2025-02-04 02:00:00+00:00,long,buy,101340.3,,3089214938292.56,-0.05,2214.2
2025-02-04 04:09:00+00:00,long,sell - stop_loss,101340.3,100326.897,3056778181440.48,-1.05,2213.15
2025-02-04 05:00:00+00:00,long,buy,100008.6,,3055249792349.76,-0.05,2213.1
2025-02-04 05:16:00+00:00,long,sell - stop_loss,100008.6,99008.51400000001,3023169669530.09,-1.05,2212.05
2025-02-04 06:00:00+00:00,long,buy,98818.3,,3021658084695.33,-0.05,2212.0
2025-02-04 08:43:00+00:00,long,sell - stop_loss,98818.3,97830.117,2989930674806.03,-1.05,2210.95
2025-02-04 09:00:00+00:00,long,buy,98244.9,,2988435709468.62,-0.05,2210.9
2025-02-04 16:00:00+00:00,long,sell - direction_change,98244.9,99310.5,3019355154735.43,1.03,2211.94
2025-02-04 16:00:00+00:00,short,buy,99310.5,,3017845477158.06,-0.05,2211.89
2025-02-04 17:00:00+00:00,short,sell - direction_change,99310.5,99020.6,3025146029790.45,0.24,2212.13
2025-02-04 17:00:00+00:00,long,buy,99020.6,,3023633456775.56,-0.05,2212.08
2025-02-04 19:00:00+00:00,long,sell - direction_change,99020.6,99374.4,3032925063950.95,0.31,2212.39
2025-02-04 19:00:00+00:00,short,buy,99374.4,,3031408601418.98,-0.05,2212.34
2025-02-04 19:18:00+00:00,short,sell - stop_loss,99374.4,100368.144,2999578811104.08,-1.05,2211.29
2025-02-04 20:00:00+00:00,short,buy,98812.0,,2998079021698.52,-0.05,2211.24
2025-02-04 23:00:00+00:00,short,sell - direction_change,98812.0,97639.7,3032149022761.06,1.14,2212.37
2025-02-04 23:00:00+00:00,long,buy,97639.7,,3030632948249.68,-0.05,2212.32
2025-02-05 00:00:00+00:00,long,sell - direction_change,97639.7,97710.0,3031299669371.55,0.02,2212.35
2025-02-05 00:00:00+00:00,short,buy,97710.0,,3029784019536.87,-0.05,2212.3
2025-02-05 01:03:00+00:00,short,sell - stop_loss,97710.0,98687.1,2997971287331.73,-1.05,2211.25
2025-02-05 02:00:00+00:00,short,buy,97809.0,,2996472301688.06,-0.05,2211.2
2025-02-05 04:00:00+00:00,short,sell - direction_change,97809.0,97989.5,2989444275329.22,-0.23,2210.96
2025-02-05 04:00:00+00:00,long,buy,97989.5,,2987949553191.55,-0.05,2210.91
2025-02-05 05:00:00+00:00,long,sell - direction_change,97989.5,97999.9,2986772700916.38,-0.04,2210.87
2025-02-05 05:00:00+00:00,short,buy,97999.9,,2985279314565.92,-0.05,2210.82
2025-02-05 07:00:00+00:00,short,sell - direction_change,97999.9,97618.3,2995410998876.71,0.34,2211.16
2025-02-05 07:00:00+00:00,long,buy,97618.3,,2993913293377.27,-0.05,2211.11
2025-02-05 08:00:00+00:00,long,sell - direction_change,97618.3,97814.9,2998445978237.12,0.15,2211.26
2025-02-05 08:00:00+00:00,short,buy,97814.9,,2996946755248.0,-0.05,2211.21
2025-02-05 11:00:00+00:00,short,sell - direction_change,97814.9,97691.7,2999223001675.3,0.08,2211.29
2025-02-05 11:00:00+00:00,long,buy,97691.7,,2997723390174.46,-0.05,2211.24
2025-02-05 12:00:00+00:00,long,sell - direction_change,97691.7,98161.7,3010646736234.81,0.43,2211.67
2025-02-05 12:00:00+00:00,short,buy,98161.7,,3009141412866.7,-0.05,2211.62
2025-02-05 13:00:00+00:00,short,sell - direction_change,98161.7,98018.4,3012029695630.24,0.1,2211.72
2025-02-05 13:00:00+00:00,long,buy,98018.4,,3010523680782.42,-0.05,2211.67
2025-02-05 15:00:00+00:00,long,sell - direction_change,98018.4,98250.8,3016156320636.14,0.19,2211.85
2025-02-05 15:00:00+00:00,short,buy,98250.8,,3014648242475.82,-0.05,2211.8
2025-02-06 04:00:00+00:00,short,sell - direction_change,98250.8,97305.6,3042142672221.1,0.91,2212.72
2025-02-06 04:00:00+00:00,long,buy,97305.6,,3040621600884.99,-0.05,2212.67
2025-02-06 15:00:00+00:00,long,sell - direction_change,97305.6,97797.1,3054459763973.36,0.46,2213.12
2025-02-06 15:00:00+00:00,short,buy,97797.1,,3052932534091.37,-0.05,2213.07
2025-02-06 17:00:00+00:00,short,sell - direction_change,97797.1,96542.5,3090570921968.99,1.23,2214.3
2025-02-06 17:00:00+00:00,long,buy,96542.5,,3089025636508.0,-0.05,2214.25
2025-02-06 18:00:00+00:00,long,sell - direction_change,96542.5,96662.7,3091327107391.31,0.07,2214.33
2025-02-06 18:00:00+00:00,short,buy,96662.7,,3089781443837.62,-0.05,2214.28
2025-02-06 20:00:00+00:00,short,sell - direction_change,96662.7,95946.0,3111145558976.27,0.69,2214.97
2025-02-06 20:00:00+00:00,long,buy,95946.0,,3109589986196.78,-0.05,2214.92
2025-02-06 21:00:00+00:00,long,sell - direction_change,95946.0,96884.2,3138442058869.35,0.93,2215.85
2025-02-06 21:00:00+00:00,short,buy,96884.2,,3136872837839.91,-0.05,2215.8
2025-02-07 01:00:00+00:00,short,sell - direction_change,96884.2,96460.9,3149009817497.68,0.39,2216.18
2025-02-07 01:00:00+00:00,long,buy,96460.9,,3147435312588.94,-0.05,2216.13
2025-02-07 06:00:00+00:00,long,sell - direction_change,96460.9,97305.9,3173433210365.81,0.83,2216.96
2025-02-07 06:00:00+00:00,short,buy,97305.9,,3171846493760.63,-0.05,2216.91
2025-02-07 08:00:00+00:00,short,sell - direction_change,97305.9,96705.0,3189847898292.44,0.57,2217.48
2025-02-07 08:00:00+00:00,long,buy,96705.0,,3188252974343.3,-0.05,2217.43
2025-02-07 14:15:00+00:00,long,sell - take_profit,96705.0,99606.15000000001,3282306437086.42,2.95,2220.38
2025-02-07 15:00:00+00:00,long,buy,99672.6,,3280665283867.88,-0.05,2220.33
2025-02-07 15:05:00+00:00,long,sell - stop_loss,99672.6,98675.87400000001,3246218298387.27,-1.05,2219.28
2025-02-07 16:00:00+00:00,long,buy,98257.1,,3244595189238.08,-0.05,2219.23
2025-02-07 17:18:00+00:00,long,sell - stop_loss,98257.1,97274.52900000001,3210526939751.08,-1.05,2218.18
2025-02-07 18:00:00+00:00,long,buy,97378.0,,3208921676281.2,-0.05,2218.13
2025-02-07 19:00:00+00:00,long,sell - direction_change,97378.0,97699.9,3217924866941.29,0.28,2218.41
2025-02-07 19:00:00+00:00,short,buy,97699.9,,3216315904507.82,-0.05,2218.36
2025-02-07 21:00:00+00:00,short,sell - direction_change,97699.9,95717.6,3279965776681.55,1.98,2220.34
2025-02-07 21:00:00+00:00,long,buy,95717.6,,3278325793793.21,-0.05,2220.29
2025-02-08 00:00:00+00:00,long,sell - direction_change,95717.6,96454.5,3301925440451.16,0.72,2221.01
2025-02-08 00:00:00+00:00,short,buy,96454.5,,3300274477730.93,-0.05,2220.96
2025-02-08 06:00:00+00:00,short,sell - direction_change,96454.5,96164.9,3308533255978.13,0.25,2221.21
2025-02-08 06:00:00+00:00,long,buy,96164.9,,3306878989350.14,-0.05,2221.16
2025-02-08 08:00:00+00:00,long,sell - direction_change,96164.9,96153.4,3304830092590.11,-0.06,2221.09
2025-02-08 08:00:00+00:00,short,buy,96153.4,,3303177677543.81,-0.05,2221.04
2025-02-08 17:00:00+00:00,short,sell - direction_change,96153.4,96084.8,3303882718722.07,0.02,2221.07
2025-02-08 17:00:00+00:00,long,buy,96084.8,,3302230777362.71,-0.05,2221.02
2025-02-09 11:00:00+00:00,long,sell - direction_change,96084.8,96731.1,3322791622153.05,0.62,2221.64
2025-02-09 11:00:00+00:00,short,buy,96731.1,,3321130226341.98,-0.05,2221.59
2025-02-09 23:00:00+00:00,short,sell - direction_change,96731.1,95779.8,3352131247671.21,0.93,2222.52
2025-02-09 23:00:00+00:00,long,buy,95779.8,,3350455182047.38,-0.05,2222.47
2025-02-10 01:00:00+00:00,long,sell - direction_change,95779.8,96677.7,3380189225596.62,0.89,2223.36
2025-02-10 01:00:00+00:00,short,buy,96677.7,,3378499130983.82,-0.05,2223.31
2025-02-10 03:00:00+00:00,short,sell - direction_change,96677.7,95764.4,3408726065360.72,0.89,2224.2
2025-02-10 03:00:00+00:00,long,buy,95764.4,,3407021702328.04,-0.05,2224.15
2025-02-10 19:00:00+00:00,long,sell - direction_change,95764.4,97520.0,3467777386131.75,1.78,2225.94
2025-02-10 19:00:00+00:00,short,buy,97520.0,,3466043497438.68,-0.05,2225.89
2025-02-10 21:00:00+00:00,short,sell - direction_change,97520.0,97297.6,3472214988342.04,0.18,2226.07
2025-02-10 21:00:00+00:00,long,buy,97297.6,,3470478880847.87,-0.05,2226.02
2025-02-11 13:00:00+00:00,long,sell - direction_change,97297.6,97726.2,3484031246120.52,0.39,2226.41
2025-02-11 13:00:00+00:00,short,buy,97726.2,,3482289230497.46,-0.05,2226.36
2025-02-11 20:00:00+00:00,short,sell - direction_change,97726.2,94988.0,3578118689987.85,2.75,2229.11
2025-02-11 20:00:00+00:00,long,buy,94988.0,,3576329630642.86,-0.05,2229.06
2025-02-11 22:00:00+00:00,long,sell - direction_change,94988.0,96344.0,3625595314515.28,1.38,2230.44
2025-02-11 22:00:00+00:00,short,buy,96344.0,,3623782516858.02,-0.05,2230.39
2025-02-12 04:00:00+00:00,short,sell - direction_change,96344.0,95251.4,3663066540009.62,1.08,2231.47
2025-02-12 04:00:00+00:00,long,buy,95251.4,,3661235006739.61,-0.05,2231.42
2025-02-12 06:00:00+00:00,long,sell - direction_change,95251.4,95850.6,3682436197860.98,0.58,2232.0
2025-02-12 06:00:00+00:00,short,buy,95850.6,,3680594979762.05,-0.05,2231.95
2025-02-12 08:00:00+00:00,short,sell - direction_change,95850.6,96025.1,3672054006178.66,-0.23,2231.72
2025-02-12 08:00:00+00:00,long,buy,96025.1,,3670217979175.57,-0.05,2231.67
2025-02-12 09:00:00+00:00,long,sell - direction_change,96025.1,96330.0,3680036588451.84,0.27,2231.93
2025-02-12 09:00:00+00:00,short,buy,96330.0,,3678196570157.61,-0.05,2231.88
2025-02-12 14:00:00+00:00,short,sell - direction_change,96330.0,94918.0,3730272280935.78,1.42,2233.3
2025-02-12 14:00:00+00:00,long,buy,94918.0,,3728407144795.31,-0.05,2233.25
2025-02-12 15:00:00+00:00,long,sell - direction_change,94918.0,95582.9,3752660410096.83,0.65,2233.9
2025-02-12 15:00:00+00:00,short,buy,95582.9,,3750784079891.78,-0.05,2233.85
2025-02-12 16:00:00+00:00,short,sell - direction_change,95582.9,95762.0,3741880595706.6,-0.24,2233.61
2025-02-12 16:00:00+00:00,long,buy,95762.0,,3740009655408.75,-0.05,2233.56
2025-02-13 06:00:00+00:00,long,sell - direction_change,95762.0,96628.8,3771992748566.76,0.86,2234.42
2025-02-13 06:00:00+00:00,short,buy,96628.8,,3770106752192.48,-0.05,2234.37
2025-02-13 07:00:00+00:00,short,sell - direction_change,96628.8,96010.0,3792365039707.06,0.59,2234.96
2025-02-13 07:00:00+00:00,long,buy,96010.0,,3790468857187.2,-0.05,2234.91
2025-02-13 08:00:00+00:00,long,sell - direction_change,96010.0,96018.5,3788909202232.48,-0.04,2234.87
2025-02-13 08:00:00+00:00,short,buy,96018.5,,3787014747631.36,-0.05,2234.82
2025-02-13 09:00:00+00:00,short,sell - direction_change,96018.5,95888.1,3790264277516.94,0.09,2234.9
2025-02-13 09:00:00+00:00,long,buy,95888.1,,3788369145378.18,-0.05,2234.85
2025-02-13 10:00:00+00:00,long,sell - direction_change,95888.1,96205.0,3798995119012.51,0.28,2235.13
2025-02-13 10:00:00+00:00,short,buy,96205.0,,3797095621453.0,-0.05,2235.08
2025-02-13 18:00:00+00:00,short,sell - direction_change,96205.0,95659.0,3816747036838.72,0.52,2235.6
2025-02-13 18:00:00+00:00,long,buy,95659.0,,3814838663320.3,-0.05,2235.55
2025-02-13 19:00:00+00:00,long,sell - direction_change,95659.0,95935.1,3823941990023.44,0.24,2235.79
2025-02-13 19:00:00+00:00,short,buy,95935.1,,3822030019028.42,-0.05,2235.74
2025-02-13 20:00:00+00:00,short,sell - direction_change,95935.1,95587.9,3833951363839.32,0.31,2236.05
2025-02-13 20:00:00+00:00,long,buy,95587.9,,3832034388157.4,-0.05,2236.0
2025-02-14 17:51:00+00:00,long,sell - take_profit,95587.9,98455.537,3945079402608.04,2.95,2238.95
2025-02-14 18:00:00+00:00,long,buy,98487.8,,3943106862906.74,-0.05,2238.9
2025-02-14 20:50:00+00:00,long,sell - stop_loss,98487.8,97502.922,3901704240846.22,-1.05,2237.85
2025-02-14 21:00:00+00:00,long,buy,97135.0,,3899753388725.79,-0.05,2237.8
2025-02-15 03:00:00+00:00,long,sell - direction_change,97135.0,97790.1,3924104314470.86,0.62,2238.43
2025-02-15 03:00:00+00:00,short,buy,97790.1,,3922142262313.63,-0.05,2238.38
2025-02-15 05:00:00+00:00,short,sell - direction_change,97790.1,97481.4,3932562457960.77,0.27,2238.64
2025-02-15 05:00:00+00:00,long,buy,97481.4,,3930596176731.79,-0.05,2238.59
2025-02-15 07:00:00+00:00,long,sell - direction_change,97481.4,97446.0,3927203497577.33,-0.09,2238.51
2025-02-15 07:00:00+00:00,short,buy,97446.0,,3925239895828.54,-0.05,2238.46
2025-02-15 08:00:00+00:00,short,sell - direction_change,97446.0,97312.4,3928658841569.14,0.09,2238.54
2025-02-15 08:00:00+00:00,long,buy,97312.4,,3926694512148.35,-0.05,2238.49
2025-02-15 11:00:00+00:00,long,sell - direction_change,97312.4,97610.9,3936776066794.56,0.26,2238.75
2025-02-15 11:00:00+00:00,short,buy,97610.9,,3934807678761.17,-0.05,2238.7
2025-02-15 12:00:00+00:00,short,sell - direction_change,97610.9,97569.5,3934509156551.82,-0.01,2238.69
2025-02-15 12:00:00+00:00,long,buy,97569.5,,3932541901973.54,-0.05,2238.64
2025-02-15 17:00:00+00:00,long,sell - direction_change,97569.5,97494.3,3927544692552.76,-0.13,2238.52
2025-02-15 17:00:00+00:00,short,buy,97494.3,,3925580920206.49,-0.05,2238.47
2025-02-15 21:00:00+00:00,short,sell - direction_change,97494.3,97498.2,3923461097329.22,-0.05,2238.41
2025-02-15 21:00:00+00:00,long,buy,97498.2,,3921499366780.55,-0.05,2238.36
2025-02-15 22:00:00+00:00,long,sell - direction_change,97498.2,97636.7,3925109260065.95,0.09,2238.45
2025-02-15 22:00:00+00:00,short,buy,97636.7,,3923146705435.91,-0.05,2238.4
2025-02-16 00:00:00+00:00,short,sell - direction_change,97636.7,97538.0,3925151003316.31,0.05,2238.45
2025-02-16 00:00:00+00:00,long,buy,97538.0,,3923188427814.66,-0.05,2238.4
2025-02-16 02:00:00+00:00,long,sell - direction_change,97538.0,97593.2,3923447096485.11,0.01,2238.41
2025-02-16 02:00:00+00:00,short,buy,97593.2,,3921485372936.87,-0.05,2238.36
2025-02-16 05:00:00+00:00,short,sell - direction_change,97593.2,97486.3,3923820081023.27,0.06,2238.42
2025-02-16 05:00:00+00:00,long,buy,97486.3,,3921858170982.76,-0.05,2238.37
2025-02-16 06:00:00+00:00,long,sell - direction_change,97486.3,97556.0,3922701261687.92,0.02,2238.39
2025-02-16 06:00:00+00:00,short,buy,97556.0,,3920739911057.08,-0.05,2238.34
2025-02-17 09:00:00+00:00,short,sell - direction_change,97556.0,96109.4,3976917865298.27,1.43,2239.77
2025-02-17 09:00:00+00:00,long,buy,96109.4,,3974929406365.62,-0.05,2239.72
2025-02-17 10:00:00+00:00,long,sell - direction_change,96109.4,96110.4,3972983300045.76,-0.05,2239.68
2025-02-17 10:00:00+00:00,short,buy,96110.4,,3970996808395.74,-0.05,2239.63
2025-02-17 12:00:00+00:00,short,sell - direction_change,96110.4,96018.3,3972816608960.78,0.05,2239.67
2025-02-17 12:00:00+00:00,long,buy,96018.3,,3970830200656.3,-0.05,2239.62
2025-02-17 13:00:00+00:00,long,sell - direction_change,96018.3,96407.5,3984940124820.42,0.36,2239.98
2025-02-17 13:00:00+00:00,short,buy,96407.5,,3982947654758.01,-0.05,2239.93
2025-02-17 14:00:00+00:00,short,sell - direction_change,96407.5,96365.0,3982712011911.91,-0.01,2239.92
2025-02-17 14:00:00+00:00,long,buy,96365.0,,3980720655905.95,-0.05,2239.87
2025-02-17 15:00:00+00:00,long,sell - direction_change,96365.0,96763.1,3995175321190.16,0.36,2240.23
2025-02-17 15:00:00+00:00,short,buy,96763.1,,3993177733529.57,-0.05,2240.18
2025-02-17 21:00:00+00:00,short,sell - direction_change,96763.1,95929.7,4025573535182.78,0.81,2241.0
2025-02-17 21:00:00+00:00,long,buy,95929.7,,4023560748415.19,-0.05,2240.95
2025-02-17 22:00:00+00:00,long,sell - direction_change,95929.7,96375.6,4040251265011.77,0.41,2241.36
2025-02-17 22:00:00+00:00,short,buy,96375.6,,4038231139379.26,-0.05,2241.31
2025-02-18 01:00:00+00:00,short,sell - direction_change,96375.6,95600.6,4068685275680.57,0.75,2242.06
2025-02-18 01:00:00+00:00,long,buy,95600.6,,4066650933042.73,-0.05,2242.01
2025-02-18 05:00:00+00:00,long,sell - direction_change,95600.6,96042.0,4083393846656.77,0.41,2242.43
2025-02-18 05:00:00+00:00,short,buy,96042.0,,4081352149733.44,-0.05,2242.38
2025-02-18 12:00:00+00:00,short,sell - direction_change,96042.0,95606.0,4097839508656.64,0.4,2242.78
2025-02-18 12:00:00+00:00,long,buy,95606.0,,4095790588902.31,-0.05,2242.73
2025-02-18 14:00:00+00:00,long,sell - direction_change,95606.0,96194.4,4118949931464.37,0.57,2243.3
2025-02-18 14:00:00+00:00,short,buy,96194.4,,4116890456498.64,-0.05,2243.25
2025-02-18 22:00:00+00:00,short,sell - direction_change,96194.4,95029.2,4164699786940.41,1.16,2244.41
2025-02-18 22:00:00+00:00,long,buy,95029.2,,4162617437046.94,-0.05,2244.36
2025-02-19 00:00:00+00:00,long,sell - direction_change,95029.2,95622.0,4186502879776.2,0.57,2244.93
2025-02-19 00:00:00+00:00,short,buy,95622.0,,4184409628336.31,-0.05,2244.88
2025-02-19 02:00:00+00:00,short,sell - direction_change,95622.0,95431.0,4190675565362.01,0.15,2245.03
2025-02-19 02:00:00+00:00,long,buy,95431.0,,4188580227579.33,-0.05,2244.98
2025-02-19 04:00:00+00:00,long,sell - direction_change,95431.0,95672.2,4197072492682.32,0.2,2245.18
2025-02-19 04:00:00+00:00,short,buy,95672.2,,4194973956435.98,-0.05,2245.13
2025-02-19 05:00:00+00:00,short,sell - direction_change,95672.2,95181.0,4214414295570.27,0.46,2245.6
2025-02-19 05:00:00+00:00,long,buy,95181.0,,4212307088422.48,-0.05,2245.55
2025-02-20 14:00:00+00:00,long,sell - direction_change,95181.0,97505.7,4313082290279.62,2.39,2247.94
2025-02-20 14:00:00+00:00,short,buy,97505.7,,4310925749134.48,-0.05,2247.89
2025-02-20 15:00:00+00:00,short,sell - direction_change,97505.7,96918.0,4334753701206.59,0.55,2248.44
2025-02-20 15:00:00+00:00,long,buy,96918.0,,4332586324355.99,-0.05,2248.39
2025-02-21 15:00:00+00:00,long,sell - direction_change,96918.0,98740.1,4411874513762.68,1.83,2250.22
2025-02-21 15:00:00+00:00,short,buy,98740.1,,4409668576505.79,-0.05,2250.17
2025-02-21 16:00:00+00:00,short,sell - direction_change,98740.1,98057.6,4437943747843.07,0.64,2250.81
2025-02-21 16:00:00+00:00,long,buy,98057.6,,4435724775969.15,-0.05,2250.76
2025-02-21 17:00:00+00:00,long,sell - direction_change,98057.6,98183.2,4439188543886.84,0.08,2250.84
2025-02-21 17:00:00+00:00,short,buy,98183.2,,4436968949614.89,-0.05,2250.79
2025-02-21 19:47:00+00:00,short,sell - take_profit,98183.2,95237.704,4567859533628.53,2.95,2253.74
2025-02-21 20:00:00+00:00,short,buy,95247.4,,4565575603861.72,-0.05,2253.69
2025-02-21 21:00:00+00:00,short,sell - direction_change,95247.4,95034.3,4573507521775.46,0.17,2253.86
2025-02-21 21:00:00+00:00,long,buy,95034.3,,4571220768014.57,-0.05,2253.81
2025-02-22 02:00:00+00:00,long,sell - direction_change,95034.3,96189.0,4624477089552.26,1.17,2254.98
2025-02-22 02:00:00+00:00,short,buy,96189.0,,4622164851007.49,-0.05,2254.93
2025-02-22 05:00:00+00:00,short,sell - direction_change,96189.0,96350.0,4612117244228.76,-0.22,2254.71
2025-02-22 05:00:00+00:00,long,buy,96350.0,,4609811185606.65,-0.05,2254.66
2025-02-22 06:00:00+00:00,long,sell - direction_change,96350.0,96468.8,4613190198735.69,0.07,2254.74
2025-02-22 06:00:00+00:00,short,buy,96468.8,,4610883603636.32,-0.05,2254.69
2025-02-22 09:00:00+00:00,short,sell - direction_change,96468.8,96175.0,4622620811921.87,0.25,2254.94
2025-02-22 09:00:00+00:00,long,buy,96175.0,,4620309501515.91,-0.05,2254.89
2025-02-22 10:00:00+00:00,long,sell - direction_change,96175.0,96442.5,4630850220606.13,0.23,2255.12
2025-02-22 10:00:00+00:00,short,buy,96442.5,,4628534795495.82,-0.05,2255.07
2025-02-22 12:00:00+00:00,short,sell - direction_change,96442.5,96526.5,4622189142320.83,-0.14,2254.93
2025-02-22 12:00:00+00:00,long,buy,96526.5,,4619878047749.67,-0.05,2254.88
2025-02-22 13:00:00+00:00,long,sell - direction_change,96526.5,96781.0,4629748794476.89,0.21,2255.09
2025-02-22 13:00:00+00:00,short,buy,96781.0,,4627433920079.65,-0.05,2255.04
2025-02-22 15:00:00+00:00,short,sell - direction_change,96781.0,96481.6,4639435551335.39,0.26,2255.3
2025-02-22 15:00:00+00:00,long,buy,96481.6,,4637115833559.72,-0.05,2255.25
2025-02-22 18:00:00+00:00,long,sell - direction_change,96481.6,96592.5,4640127371183.87,0.06,2255.32
2025-02-22 18:00:00+00:00,short,buy,96592.5,,4637807307498.28,-0.05,2255.27
2025-02-22 19:00:00+00:00,short,sell - direction_change,96592.5,96415.6,4643982107938.5,0.13,2255.4
2025-02-22 19:00:00+00:00,long,buy,96415.6,,4641660116884.53,-0.05,2255.35
2025-02-22 23:00:00+00:00,long,sell - direction_change,96415.6,96580.1,4647258680463.92,0.12,2255.47
2025-02-22 23:00:00+00:00,short,buy,96580.1,,4644935051123.68,-0.05,2255.42
2025-02-23 00:00:00+00:00,short,sell - direction_change,96580.1,96503.3,4646306212119.18,0.03,2255.45
2025-02-23 00:00:00+00:00,long,buy,96503.3,,4643983059013.12,-0.05,2255.4
2025-02-23 01:00:00+00:00,long,sell - direction_change,96503.3,96589.4,4645804417414.45,0.04,2255.44
2025-02-23 01:00:00+00:00,short,buy,96589.4,,4643481515205.74,-0.05,2255.39
2025-02-23 22:00:00+00:00,short,sell - direction_change,96589.4,95710.8,4683397979253.84,0.86,2256.25
2025-02-23 22:00:00+00:00,long,buy,95710.8,,4681056280264.22,-0.05,2256.2
2025-02-24 02:00:00+00:00,long,sell - direction_change,95710.8,95934.2,4689641875121.81,0.18,2256.38
2025-02-24 02:00:00+00:00,short,buy,95934.2,,4687297054184.25,-0.05,2256.33
2025-02-24 06:00:00+00:00,short,sell - direction_change,95934.2,95681.6,4697295315381.6,0.21,2256.55
2025-02-24 06:00:00+00:00,long,buy,95681.6,,4694946667723.91,-0.05,2256.5
2025-02-24 08:00:00+00:00,long,sell - direction_change,95681.6,95834.2,4700087038045.41,0.11,2256.61
2025-02-24 08:00:00+00:00,short,buy,95834.2,,4697736994526.39,-0.05,2256.56
2025-02-24 20:00:00+00:00,short,sell - direction_change,95834.2,93917.4,4789348552172.49,1.95,2258.51
2025-02-24 20:00:00+00:00,long,buy,93917.4,,4786953877896.4,-0.05,2258.46
2025-02-24 21:00:00+00:00,long,sell - direction_change,93917.4,93994.9,4788510562754.28,0.03,2258.49
2025-02-24 21:00:00+00:00,short,buy,93994.9,,4786116307472.9,-0.05,2258.44
2025-02-25 00:11:00+00:00,short,sell - take_profit,93994.9,91175.05299999999,4927306738543.35,2.95,2261.39
2025-02-25 01:00:00+00:00,long,buy,91825.3,,4924843085174.08,-0.05,2261.34
2025-02-25 03:00:00+00:00,long,sell - direction_change,91825.3,92330.7,4949486653976.71,0.5,2261.84
2025-02-25 03:00:00+00:00,short,buy,92330.7,,4947011910649.72,-0.05,2261.79
2025-02-25 07:25:00+00:00,short,sell - take_profit,92330.7,89560.779,5092948762013.89,2.95,2264.74
2025-02-25 08:00:00+00:00,long,buy,89262.8,,5090402287632.88,-0.05,2264.69
2025-02-25 09:00:00+00:00,long,sell - direction_change,89262.8,89364.1,5093633935879.15,0.06,2264.75
2025-02-25 09:00:00+00:00,short,buy,89364.1,,5091087118911.21,-0.05,2264.7
2025-02-25 11:00:00+00:00,short,sell - direction_change,89364.1,88164.5,5156882979873.77,1.29,2266.0
2025-02-25 11:00:00+00:00,long,buy,88164.5,,5154304538383.84,-0.05,2265.95
2025-02-25 13:00:00+00:00,long,sell - direction_change,88164.5,89350.0,5221034511207.56,1.29,2267.24
2025-02-25 13:00:00+00:00,short,buy,89350.0,,5218423993951.95,-0.05,2267.19
2025-02-25 15:00:00+00:00,short,sell - direction_change,89350.0,87132.0,5345355514115.98,2.43,2269.62
2025-02-25 15:00:00+00:00,long,buy,87132.0,,5342682836358.92,-0.05,2269.57
2025-02-25 15:21:00+00:00,long,sell - stop_loss,87132.0,86260.68,5286584666577.15,-1.05,2268.52
2025-02-25 16:00:00+00:00,long,buy,87206.8,,5283941374243.86,-0.05,2268.47
2025-02-25 16:26:00+00:00,long,sell - stop_loss,87206.8,86334.732,5228459989814.3,-1.05,2267.42
2025-02-25 17:00:00+00:00,short,buy,87429.1,,5225845759819.39,-0.05,2267.37
2025-02-25 19:00:00+00:00,short,sell - direction_change,87429.1,87032.6,5246932587294.55,0.4,2267.78
2025-02-25 19:00:00+00:00,long,buy,87032.6,,5244309121000.9,-0.05,2267.73
2025-02-26 05:00:00+00:00,long,sell - direction_change,87032.6,88657.2,5339580222507.42,1.82,2269.54
2025-02-26 05:00:00+00:00,short,buy,88657.2,,5336910432396.16,-0.05,2269.49
2025-02-26 06:00:00+00:00,short,sell - direction_change,88657.2,88387.9,5350453068658.65,0.25,2269.75
2025-02-26 06:00:00+00:00,long,buy,88387.9,,5347777842124.32,-0.05,2269.7
2025-02-26 07:00:00+00:00,long,sell - direction_change,88387.9,88880.8,5374926131333.79,0.51,2270.2
2025-02-26 07:00:00+00:00,short,buy,88880.8,,5372238668268.12,-0.05,2270.15
2025-02-26 09:00:00+00:00,short,sell - direction_change,88880.8,88434.4,5396534386873.28,0.45,2270.61
2025-02-26 09:00:00+00:00,long,buy,88434.4,,5393836119679.85,-0.05,2270.56
2025-02-26 12:00:00+00:00,long,sell - direction_change,88434.4,88570.1,5399415885370.23,0.1,2270.66
2025-02-26 12:00:00+00:00,short,buy,88570.1,,5396716177427.54,-0.05,2270.61
2025-02-26 14:00:00+00:00,short,sell - direction_change,88570.1,87150.0,5480546756797.01,1.55,2272.16
2025-02-26 14:00:00+00:00,long,buy,87150.0,,5477806483418.61,-0.05,2272.11
2025-02-26 14:06:00+00:00,long,sell - stop_loss,87150.0,86278.5,5420289515342.72,-1.05,2271.06
2025-02-26 15:00:00+00:00,long,buy,87589.1,,5417579370585.05,-0.05,2271.01
2025-02-26 16:00:00+00:00,long,sell - direction_change,87589.1,87536.5,5411617154675.57,-0.11,2270.9
2025-02-26 16:00:00+00:00,short,buy,87536.5,,5408911346098.23,-0.05,2270.85
2025-02-26 18:36:00+00:00,short,sell - take_profit,87536.5,84910.405,5568474230808.13,2.95,2273.8
2025-02-26 19:00:00+00:00,short,buy,84202.8,,5565689993692.72,-0.05,2273.75
2025-02-26 20:00:00+00:00,short,sell - direction_change,84202.8,83832.0,5587416521895.6,0.39,2274.14
2025-02-26 20:00:00+00:00,long,buy,83832.0,,5584622813634.65,-0.05,2274.09
2025-02-26 20:16:00+00:00,long,sell - stop_loss,83832.0,82993.68,5525984274091.48,-1.05,2273.04
2025-02-26 21:00:00+00:00,long,buy,84344.2,,5523221281954.44,-0.05,2272.99
2025-02-26 21:45:00+00:00,long,sell - stop_loss,84344.2,83500.758,5465227458493.92,-1.05,2271.94
2025-02-26 22:00:00+00:00,short,buy,84585.6,,5462494844764.67,-0.05,2271.89
2025-02-27 01:00:00+00:00,short,sell - direction_change,84585.6,84690.1,5453015040717.07,-0.17,2271.72
2025-02-27 01:00:00+00:00,long,buy,84690.1,,5450288533196.71,-0.05,2271.67
2025-02-27 02:00:00+00:00,long,sell - direction_change,84690.1,84714.0,5449101489557.5,-0.02,2271.65
2025-02-27 02:00:00+00:00,short,buy,84714.0,,5446376938812.72,-0.05,2271.6
2025-02-27 03:00:00+00:00,short,sell - direction_change,84714.0,84245.0,5473806390807.74,0.5,2272.1
2025-02-27 03:00:00+00:00,long,buy,84245.0,,5471069487612.33,-0.05,2272.05
2025-02-27 10:52:00+00:00,long,sell - take_profit,84245.0,86772.35,5632466037496.9,2.95,2275.0
2025-02-27 11:00:00+00:00,long,buy,86980.1,,5629649804478.15,-0.05,2274.95
2025-02-27 13:33:00+00:00,long,sell - stop_loss,86980.1,86110.299,5570538481531.13,-1.05,2273.9
2025-02-27 14:00:00+00:00,short,buy,86078.9,,5567753212290.36,-0.05,2273.85
2025-02-27 15:00:00+00:00,short,sell - direction_change,86078.9,84944.5,5638344567524.1,1.27,2275.12
2025-02-27 15:00:00+00:00,long,buy,84944.5,,5635525395240.34,-0.05,2275.07
2025-02-27 16:00:00+00:00,long,sell - direction_change,84944.5,85472.9,5667763599896.05,0.57,2275.64
2025-02-27 16:00:00+00:00,short,buy,85472.9,,5664929718096.1,-0.05,2275.59
2025-02-27 17:00:00+00:00,short,sell - direction_change,85472.9,84450.4,5729865992062.5,1.15,2276.74
2025-02-27 17:00:00+00:00,long,buy,84450.4,,5727001059066.47,-0.05,2276.69
2025-02-27 19:00:00+00:00,long,sell - direction_change,84450.4,84597.4,5734106358633.59,0.12,2276.81
2025-02-27 19:00:00+00:00,short,buy,84597.4,,5731239305454.27,-0.05,2276.76
2025-02-27 21:00:00+00:00,short,sell - direction_change,84597.4,83489.2,5803451163339.92,1.26,2278.02
2025-02-27 21:00:00+00:00,long,buy,83489.2,,5800549437758.24,-0.05,2277.97
2025-02-27 23:00:00+00:00,long,sell - direction_change,83489.2,84674.7,5880013724664.85,1.37,2279.34
2025-02-27 23:00:00+00:00,short,buy,84674.7,,5877073717802.52,-0.05,2279.29
2025-02-28 01:31:00+00:00,short,sell - take_profit,84674.7,82134.45899999999,6050447392477.69,2.95,2282.24
2025-02-28 02:00:00+00:00,short,buy,81606.0,,6047422168781.45,-0.05,2282.19
2025-02-28 02:03:00+00:00,short,sell - stop_loss,81606.0,82422.06,5983924236009.25,-1.05,2281.14
2025-02-28 03:00:00+00:00,short,buy,80772.0,,5980932273891.24,-0.05,2281.09
2025-02-28 08:25:00+00:00,short,sell - take_profit,80772.0,78348.84,6157369775971.04,2.95,2284.04
2025-02-28 09:00:00+00:00,long,buy,78955.8,,6154291091083.05,-0.05,2283.99
2025-02-28 10:00:00+00:00,long,sell - direction_change,78955.8,80299.9,6255981203364.35,1.65,2285.65
2025-02-28 10:00:00+00:00,short,buy,80299.9,,6252853212762.67,-0.05,2285.6
2025-02-28 11:00:00+00:00,short,sell - direction_change,80299.9,79969.9,6275423475195.9,0.36,2285.96
2025-02-28 11:00:00+00:00,long,buy,79969.9,,6272285763458.3,-0.05,2285.91
2025-02-28 14:43:00+00:00,long,sell - take_profit,79969.9,82368.997,6457318193480.32,2.95,2288.86
2025-02-28 15:00:00+00:00,long,buy,82056.1,,6454089534383.58,-0.05,2288.81
2025-02-28 16:39:00+00:00,long,sell - take_profit,82056.1,84517.78300000001,6644485175647.9,2.95,2291.76
2025-02-28 17:00:00+00:00,long,buy,84310.3,,6641162933060.07,-0.05,2291.71
2025-02-28 18:19:00+00:00,long,sell - stop_loss,84310.3,83467.197,6571430722262.94,-1.05,2290.66
2025-02-28 19:00:00+00:00,long,buy,84391.3,,6568145006901.81,-0.05,2290.61
2025-03-01 11:00:00+00:00,long,sell - direction_change,84391.3,84848.5,6600444648562.68,0.49,2291.1
2025-03-01 11:00:00+00:00,short,buy,84848.5,,6597144426238.4,-0.05,2291.05
2025-03-01 12:00:00+00:00,short,sell - direction_change,84848.5,84593.6,6613664850404.1,0.25,2291.3
2025-03-01 12:00:00+00:00,long,buy,84593.6,,6610358017978.9,-0.05,2291.25
2025-03-01 13:00:00+00:00,long,sell - direction_change,84593.6,84712.8,6616367428675.78,0.09,2291.34
2025-03-01 13:00:00+00:00,short,buy,84712.8,,6613059244961.44,-0.05,2291.29
2025-03-01 14:00:00+00:00,short,sell - direction_change,84712.8,84484.9,6627543606466.71,0.22,2291.51
2025-03-01 14:00:00+00:00,long,buy,84484.9,,6624229834663.48,-0.05,2291.46
2025-03-02 08:00:00+00:00,long,sell - direction_change,84484.9,86191.4,6754719715284.44,1.97,2293.43
2025-03-02 08:00:00+00:00,short,buy,86191.4,,6751342355426.8,-0.05,2293.38
2025-03-02 09:00:00+00:00,short,sell - direction_change,86191.4,85693.6,6786959184945.57,0.53,2293.91
2025-03-02 09:00:00+00:00,long,buy,85693.6,,6783565705353.1,-0.05,2293.86
2025-03-02 13:00:00+00:00,long,sell - direction_change,85693.6,85943.2,6799932434221.91,0.24,2294.1
2025-03-02 13:00:00+00:00,short,buy,85943.2,,6796532468004.8,-0.05,2294.05
2025-03-02 15:00:00+00:00,short,sell - direction_change,85943.2,85076.4,6861682200254.29,0.96,2295.01
2025-03-02 15:00:00+00:00,long,buy,85076.4,,6858251359154.16,-0.05,2294.96
2025-03-02 15:35:00+00:00,long,sell - take_profit,85076.4,87628.692,7060569774249.21,2.95,2297.91
2025-03-02 16:00:00+00:00,long,buy,87390.1,,7057039489362.08,-0.05,2297.86
2025-03-02 16:35:00+00:00,long,sell - take_profit,87390.1,90011.80300000001,7265222154298.27,2.95,2300.81
2025-03-02 17:00:00+00:00,long,buy,91165.5,,7261589543221.12,-0.05,2300.76
2025-03-02 17:40:00+00:00,long,sell - take_profit,91165.5,93900.465,7475806434746.14,2.95,2303.71
2025-03-02 18:00:00+00:00,long,buy,94039.8,,7472068531528.77,-0.05,2303.66
2025-03-02 18:34:00+00:00,long,sell - stop_loss,94039.8,93099.402,7393611811947.72,-1.05,2302.61
2025-03-02 19:00:00+00:00,long,buy,92750.4,,7389915006041.74,-0.05,2302.56
2025-03-03 06:51:00+00:00,long,sell - stop_loss,92750.4,91822.896,7312320898478.3,-1.05,2301.51
2025-03-03 07:00:00+00:00,long,buy,91608.1,,7308664738029.06,-0.05,2301.46
2025-03-03 14:00:00+00:00,long,sell - direction_change,91608.1,93530.0,7458343165099.64,2.05,2303.5
2025-03-03 14:00:00+00:00,short,buy,93530.0,,7454613993517.09,-0.05,2303.45
2025-03-03 14:43:00+00:00,short,sell - take_profit,93530.0,90724.09999999999,7674525106325.85,2.95,2306.4
2025-03-03 15:00:00+00:00,long,buy,89239.9,,7670687843772.68,-0.05,2306.35
2025-03-03 18:00:00+00:00,long,sell - direction_change,89239.9,90258.0,7754364109497.88,1.09,2307.44
2025-03-03 18:00:00+00:00,short,buy,90258.0,,7750486927443.13,-0.05,2307.39
2025-03-03 18:28:00+00:00,short,sell - take_profit,90258.0,87550.26,7979126291802.71,2.95,2310.34
2025-03-03 19:00:00+00:00,short,buy,87100.0,,7975136728656.81,-0.05,2310.29
2025-03-03 22:00:00+00:00,short,sell - direction_change,87100.0,85324.7,8133700942547.18,1.99,2312.28
2025-03-03 22:00:00+00:00,long,buy,85324.7,,8129634092075.9,-0.05,2312.23
2025-03-03 23:00:00+00:00,long,sell - direction_change,85324.7,86593.2,8246430418940.11,1.44,2313.67
2025-03-03 23:00:00+00:00,short,buy,86593.2,,8242307203730.64,-0.05,2313.62
2025-03-04 01:41:00+00:00,short,sell - take_profit,86593.2,83995.404,8485455266240.69,2.95,2316.57
2025-03-04 02:00:00+00:00,long,buy,83354.2,,8481212538607.57,-0.05,2316.52
2025-03-04 02:06:00+00:00,long,sell - stop_loss,83354.2,82520.658,8392159806952.19,-1.05,2315.47
2025-03-04 03:00:00+00:00,long,buy,83878.9,,8387963727048.72,-0.05,2315.42
2025-03-04 04:00:00+00:00,long,sell - direction_change,83878.9,83928.9,8388769789133.7,0.01,2315.43
2025-03-04 04:00:00+00:00,short,buy,83928.9,,8384575404239.13,-0.05,2315.38
2025-03-04 05:00:00+00:00,short,sell - direction_change,83928.9,83371.6,8436057906422.05,0.61,2315.99
2025-03-04 05:00:00+00:00,long,buy,83371.6,,8431839877468.84,-0.05,2315.94
2025-03-04 06:00:00+00:00,long,sell - direction_change,83371.6,84231.1,8514550037570.36,0.98,2316.92
2025-03-04 06:00:00+00:00,short,buy,84231.1,,8510292762551.58,-0.05,2316.87
2025-03-04 08:00:00+00:00,short,sell - direction_change,84231.1,83159.4,8614316871144.14,1.22,2318.1
2025-03-04 08:00:00+00:00,long,buy,83159.4,,8610009712708.57,-0.05,2318.05
2025-03-04 12:00:00+00:00,long,sell - direction_change,83159.4,83890.1,8681358621866.46,0.83,2318.87
2025-03-04 12:00:00+00:00,short,buy,83890.1,,8677017942555.52,-0.05,2318.82
2025-03-04 14:00:00+00:00,short,sell - direction_change,83890.1,82782.5,8787241999049.95,1.27,2320.1
2025-03-04 14:00:00+00:00,long,buy,82782.5,,8782848378050.43,-0.05,2320.05
2025-03-04 15:00:00+00:00,long,sell - direction_change,82782.5,83157.1,8818200317524.23,0.4,2320.45
2025-03-04 15:00:00+00:00,short,buy,83157.1,,8813791217365.46,-0.05,2320.4
2025-03-04 16:00:00+00:00,short,sell - direction_change,83157.1,82945.0,8831864724719.41,0.21,2320.6
2025-03-04 16:00:00+00:00,long,buy,82945.0,,8827448792357.05,-0.05,2320.55
2025-03-04 16:29:00+00:00,long,sell - stop_loss,82945.0,82115.55,8734760580037.3,-1.05,2319.5
2025-03-04 17:00:00+00:00,long,buy,83507.4,,8730393199747.28,-0.05,2319.45
2025-03-04 18:51:00+00:00,long,sell - take_profit,83507.4,86012.622,8987939799139.82,2.95,2322.4
2025-03-04 19:00:00+00:00,long,buy,86708.9,,8983445829240.25,-0.05,2322.35
2025-03-05 10:26:00+00:00,long,sell - take_profit,86708.9,89310.167,9248457481202.84,2.95,2325.3
2025-03-05 11:00:00+00:00,long,buy,89880.4,,9243833252462.24,-0.05,2325.25
2025-03-05 14:36:00+00:00,long,sell - stop_loss,89880.4,88981.59599999999,9146773003311.39,-1.05,2324.2
2025-03-05 15:00:00+00:00,long,buy,88477.3,,9142199616809.73,-0.05,2324.15
2025-03-05 16:12:00+00:00,long,sell - stop_loss,88477.3,87592.527,9046206520833.23,-1.05,2323.1
2025-03-05 17:00:00+00:00,long,buy,88878.0,,9041683417572.81,-0.05,2323.05
2025-03-06 01:47:00+00:00,long,sell - take_profit,88878.0,91544.34,9308413078391.21,2.95,2326.0
2025-03-06 02:00:00+00:00,long,buy,91003.6,,9303758871852.02,-0.05,2325.95
2025-03-06 12:48:00+00:00,long,sell - stop_loss,91003.6,90093.564,9206069403697.57,-1.05,2324.9
2025-03-06 13:00:00+00:00,long,buy,90062.7,,9201466368995.72,-0.05,2324.85
2025-03-06 14:33:00+00:00,long,sell - stop_loss,90062.7,89162.07299999999,9104850972121.26,-1.05,2323.8
2025-03-06 15:00:00+00:00,long,buy,89770.4,,9100298546635.2,-0.05,2323.75
2025-03-06 16:00:00+00:00,long,sell - direction_change,89770.4,90777.9,9197881737368.56,1.07,2324.82
2025-03-06 16:00:00+00:00,short,buy,90777.9,,9193282796499.88,-0.05,2324.77
2025-03-06 17:49:00+00:00,short,sell - take_profit,90777.9,88054.563,9464484638996.62,2.95,2327.72
2025-03-06 18:00:00+00:00,short,buy,88584.9,,9459752396677.12,-0.05,2327.67
2025-03-06 19:00:00+00:00,short,sell - direction_change,88584.9,88373.2,9477629416037.47,0.19,2327.86
2025-03-06 19:00:00+00:00,long,buy,88373.2,,9472890601329.45,-0.05,2327.81
2025-03-07 00:00:00+00:00,long,sell - direction_change,88373.2,89887.9,9630517716404.94,1.66,2329.48
2025-03-07 00:00:00+00:00,short,buy,89887.9,,9625702457546.73,-0.05,2329.43
2025-03-07 00:13:00+00:00,short,sell - stop_loss,89887.9,90786.779,9524632581742.49,-1.05,2328.38
2025-03-07 01:00:00+00:00,long,buy,85477.8,,9519870265451.62,-0.05,2328.33
2025-03-07 01:41:00+00:00,long,sell - take_profit,85477.8,88042.134,9800706438282.44,2.95,2331.28
2025-03-07 02:00:00+00:00,short,buy,88209.9,,9795806085063.3,-0.05,2331.23
2025-03-07 05:00:00+00:00,short,sell - direction_change,88209.9,87594.2,9859282341911.82,0.65,2331.88
2025-03-07 05:00:00+00:00,long,buy,87594.2,,9854352700740.86,-0.05,2331.83
2025-03-07 06:00:00+00:00,long,sell - direction_change,87594.2,88173.1,9914551808761.59,0.61,2332.44
2025-03-07 06:00:00+00:00,short,buy,88173.1,,9909594532857.21,-0.05,2332.39
2025-03-07 07:00:00+00:00,short,sell - direction_change,88173.1,88166.3,9905403973695.42,-0.04,2332.34
2025-03-07 07:00:00+00:00,long,buy,88166.3,,9900451271708.57,-0.05,2332.29
2025-03-07 14:47:00+00:00,long,sell - take_profit,88166.3,90811.289,10192514584223.97,2.95,2335.24
2025-03-07 15:00:00+00:00,long,buy,90411.6,,10187418326931.86,-0.05,2335.19
2025-03-07 15:16:00+00:00,long,sell - stop_loss,90411.6,89507.48400000001,10080450434499.08,-1.05,2334.14
2025-03-07 16:00:00+00:00,short,buy,88425.0,,10075410209281.83,-0.05,2334.09
2025-03-07 18:00:00+00:00,short,sell - direction_change,88425.0,87652.5,10158393475471.17,0.82,2334.92
2025-03-07 18:00:00+00:00,long,buy,87652.5,,10153314278733.43,-0.05,2334.87
2025-03-07 19:00:00+00:00,long,sell - direction_change,87652.5,88560.7,10253439869424.37,0.99,2335.85
2025-03-07 19:00:00+00:00,short,buy,88560.7,,10248313149489.65,-0.05,2335.8
2025-03-07 21:06:00+00:00,short,sell - take_profit,88560.7,85903.879,10550638387399.6,2.95,2338.75
2025-03-07 22:00:00+00:00,short,buy,86260.0,,10545363068205.9,-0.05,2338.7
2025-03-08 02:00:00+00:00,short,sell - direction_change,86260.0,86066.8,10563709261524.3,0.17,2338.88
2025-03-08 02:00:00+00:00,long,buy,86066.8,,10558427406893.54,-0.05,2338.83
2025-03-08 03:00:00+00:00,long,sell - direction_change,86066.8,86134.4,10561441166702.6,0.03,2338.86
2025-03-08 03:00:00+00:00,short,buy,86134.4,,10556160446119.25,-0.05,2338.81
2025-03-08 04:00:00+00:00,short,sell - direction_change,86134.4,85880.0,10582060236961.56,0.25,2339.05
2025-03-08 04:00:00+00:00,long,buy,85880.0,,10576769206843.07,-0.05,2339.0
2025-03-08 05:00:00+00:00,long,sell - direction_change,85880.0,86398.2,10635301057486.35,0.55,2339.56
2025-03-08 05:00:00+00:00,short,buy,86398.2,,10629983406957.6,-0.05,2339.51
2025-03-08 10:00:00+00:00,short,sell - direction_change,86398.2,85907.5,10685041581104.73,0.52,2340.02
2025-03-08 10:00:00+00:00,long,buy,85907.5,,10679699060314.18,-0.05,2339.97
2025-03-08 11:00:00+00:00,long,sell - direction_change,85907.5,86085.5,10696487504969.46,0.16,2340.13
2025-03-08 11:00:00+00:00,short,buy,86085.5,,10691139261216.98,-0.05,2340.08
2025-03-08 12:00:00+00:00,short,sell - direction_change,86085.5,85923.9,10705863135390.64,0.14,2340.22
2025-03-08 12:00:00+00:00,long,buy,85923.9,,10700510203822.95,-0.05,2340.17
2025-03-08 16:00:00+00:00,long,sell - direction_change,85923.9,86360.0,10749469547096.9,0.46,2340.63
2025-03-08 16:00:00+00:00,short,buy,86360.0,,10744094812323.35,-0.05,2340.58
2025-03-08 19:00:00+00:00,short,sell - direction_change,86360.0,86005.8,10782788980555.5,0.36,2340.94
2025-03-08 19:00:00+00:00,long,buy,86005.8,,10777397586065.22,-0.05,2340.89
2025-03-08 23:00:00+00:00,long,sell - direction_change,86005.8,86295.7,10808336292635.55,0.29,2341.17
2025-03-08 23:00:00+00:00,short,buy,86295.7,,10802932124489.24,-0.05,2341.12
2025-03-09 00:00:00+00:00,short,sell - direction_change,86295.7,86184.7,10811426199755.45,0.08,2341.2
2025-03-09 00:00:00+00:00,long,buy,86184.7,,10806020486655.57,-0.05,2341.15
2025-03-09 01:00:00+00:00,long,sell - direction_change,86184.7,86379.5,10825041913589.62,0.18,2341.33
2025-03-09 01:00:00+00:00,short,buy,86379.5,,10819629392632.82,-0.05,2341.28
2025-03-09 13:52:00+00:00,short,sell - take_profit,86379.5,83788.11499999999,11138808459715.49,2.95,2344.23
2025-03-09 14:00:00+00:00,long,buy,83427.8,,11133239055485.63,-0.05,2344.18
2025-03-09 15:00:00+00:00,long,sell - direction_change,83427.8,83563.0,11145714550460.51,0.11,2344.29
2025-03-09 15:00:00+00:00,short,buy,83563.0,,11140141693185.28,-0.05,2344.24
2025-03-09 17:00:00+00:00,short,sell - direction_change,83563.0,82451.6,11282737119960.91,1.28,2345.52
2025-03-09 17:00:00+00:00,long,buy,82451.6,,11277095751400.93,-0.05,2345.47
2025-03-09 21:51:00+00:00,long,sell - stop_loss,82451.6,81627.084,11158686246011.22,-1.05,2344.42
2025-03-09 22:00:00+00:00,short,buy,81820.6,,11153106902888.22,-0.05,2344.37
2025-03-09 23:00:00+00:00,short,sell - direction_change,81820.6,80319.1,11352202400420.1,1.79,2346.16
2025-03-09 23:00:00+00:00,long,buy,80319.1,,11346526299219.89,-0.05,2346.11
2025-03-10 05:00:00+00:00,long,sell - direction_change,80319.1,82585.9,11661079555230.38,2.77,2348.88
2025-03-10 05:00:00+00:00,short,buy,82585.9,,11655249015452.76,-0.05,2348.83
2025-03-10 06:00:00+00:00,short,sell - direction_change,82585.9,82277.6,11692931400177.41,0.32,2349.15
2025-03-10 06:00:00+00:00,long,buy,82277.6,,11687084934477.32,-0.05,2349.1
2025-03-10 08:38:00+00:00,long,sell - stop_loss,82277.6,81454.82400000001,11564370542665.31,-1.05,2348.05
2025-03-10 09:00:00+00:00,long,buy,81309.8,,11558588357393.98,-0.05,2348.0
2025-03-10 09:24:00+00:00,long,sell - take_profit,81309.8,83749.09400000001,11899566713937.1,2.95,2350.95
2025-03-10 10:00:00+00:00,long,buy,82461.8,,11893616930580.13,-0.05,2350.9
2025-03-10 10:27:00+00:00,long,sell - stop_loss,82461.8,81637.182,11768733952809.04,-1.05,2349.85
2025-03-10 11:00:00+00:00,long,buy,82239.5,,11762849585832.64,-0.05,2349.8
2025-03-10 13:00:00+00:00,long,sell - direction_change,82239.5,83208.0,11895494292933.5,1.13,2350.93
2025-03-10 13:00:00+00:00,short,buy,83208.0,,11889546545787.04,-0.05,2350.88
2025-03-10 14:03:00+00:00,short,sell - take_profit,83208.0,80711.76,12240288168887.76,2.95,2353.83
2025-03-10 15:00:00+00:00,short,buy,79813.7,,12234168024803.31,-0.05,2353.78
2025-03-10 15:32:00+00:00,short,sell - stop_loss,79813.7,80611.837,12105709260542.88,-1.05,2352.73
2025-03-10 16:00:00+00:00,short,buy,80009.7,,12099656405912.6,-0.05,2352.68
2025-03-10 18:57:00+00:00,short,sell - take_profit,80009.7,77609.409,12456596269887.03,2.95,2355.63
2025-03-10 19:00:00+00:00,long,buy,77620.6,,12450367971752.08,-0.05,2355.58
2025-03-10 21:00:00+00:00,long,sell - direction_change,77620.6,79270.3,12708755172146.12,2.08,2357.65
2025-03-10 21:00:00+00:00,short,buy,79270.3,,12702400794560.05,-0.05,2357.6
2025-03-11 00:35:00+00:00,short,sell - take_profit,79270.3,76892.191,13077121617999.57,2.95,2360.55
2025-03-11 01:00:00+00:00,long,buy,77630.6,,13070583057190.57,-0.05,2360.5
2025-03-11 01:06:00+00:00,long,sell - stop_loss,77630.6,76854.29400000001,12933341935090.07,-1.05,2359.45
2025-03-11 02:00:00+00:00,long,buy,79084.1,,12926875264122.52,-0.05,2359.4
2025-03-11 08:50:00+00:00,long,sell - take_profit,79084.1,81456.623,13308218084414.14,2.95,2362.35
2025-03-11 09:00:00+00:00,long,buy,81083.7,,13301563975371.93,-0.05,2362.3
2025-03-11 14:02:00+00:00,long,sell - stop_loss,81083.7,80272.863,13161897553630.53,-1.05,2361.25
2025-03-11 15:00:00+00:00,long,buy,79741.9,,13155316604853.71,-0.05,2361.2
2025-03-11 18:11:00+00:00,long,sell - take_profit,79741.9,82134.15699999999,13543398444696.9,2.95,2364.15
2025-03-11 19:00:00+00:00,long,buy,83226.4,,13536626745474.55,-0.05,2364.1
2025-03-12 02:35:00+00:00,long,sell - stop_loss,83226.4,82394.136,13394492164647.07,-1.05,2363.05
2025-03-12 03:00:00+00:00,long,buy,82392.6,,13387794918564.74,-0.05,2363.0
2025-03-12 05:07:00+00:00,long,sell - stop_loss,82392.6,81568.674,13247223071919.81,-1.05,2361.95
2025-03-12 06:00:00+00:00,short,buy,81950.1,,13240599460383.85,-0.05,2361.9
2025-03-12 07:00:00+00:00,short,sell - direction_change,81950.1,81380.0,13326089673665.42,0.65,2362.55
2025-03-12 07:00:00+00:00,long,buy,81380.0,,13319426628828.58,-0.05,2362.5
2025-03-12 12:30:00+00:00,long,sell - take_profit,81380.0,83821.40000000001,13712349714379.03,2.95,2365.45
2025-03-12 13:00:00+00:00,long,buy,84021.4,,13705493539521.84,-0.05,2365.4
2025-03-12 13:30:00+00:00,long,sell - stop_loss,84021.4,83181.18599999999,13561585857356.86,-1.05,2364.35
2025-03-12 14:00:00+00:00,short,buy,82649.9,,13554805064428.18,-0.05,2364.3
2025-03-12 16:00:00+00:00,short,sell - direction_change,82649.9,81688.0,13705781839353.82,1.11,2365.41
2025-03-12 16:00:00+00:00,long,buy,81688.0,,13698928948434.14,-0.05,2365.36
2025-03-12 17:00:00+00:00,long,sell - direction_change,81688.0,81922.1,13731337627956.94,0.24,2365.6
2025-03-12 17:00:00+00:00,short,buy,81922.1,,13724471959142.96,-0.05,2365.55
2025-03-12 17:19:00+00:00,short,sell - stop_loss,81922.1,82741.32100000001,13580365003571.96,-1.05,2364.5
2025-03-12 18:00:00+00:00,long,buy,81811.7,,13573574821070.18,-0.05,2364.45
2025-03-13 02:07:00+00:00,long,sell - take_profit,81811.7,84266.05099999999,13973995278291.75,2.95,2367.4
2025-03-13 03:00:00+00:00,long,buy,83746.7,,13967008280652.6,-0.05,2367.35
2025-03-13 06:16:00+00:00,long,sell - stop_loss,83746.7,82909.233,13820354693705.75,-1.05,2366.3
2025-03-13 07:00:00+00:00,long,buy,83250.0,,13813444516358.9,-0.05,2366.25
2025-03-13 08:00:00+00:00,long,sell - direction_change,83250.0,83118.6,13784734951945.16,-0.21,2366.04
2025-03-13 08:00:00+00:00,short,buy,83118.6,,13777842584469.19,-0.05,2365.99
2025-03-13 09:00:00+00:00,short,sell - direction_change,83118.6,82932.5,13801801830794.92,0.17,2366.17
2025-03-13 09:00:00+00:00,long,buy,82932.5,,13794900929879.52,-0.05,2366.12
2025-03-13 11:00:00+00:00,long,sell - direction_change,82932.5,83148.2,13823882780419.31,0.21,2366.33
2025-03-13 11:00:00+00:00,short,buy,83148.2,,13816970839029.1,-0.05,2366.28
2025-03-13 12:30:00+00:00,short,sell - stop_loss,83148.2,83979.682,13671892645219.3,-1.05,2365.23
2025-03-13 13:00:00+00:00,short,buy,82469.4,,13665056698896.68,-0.05,2365.18
2025-03-13 14:00:00+00:00,short,sell - direction_change,82469.4,81730.5,13780658799571.03,0.85,2366.02
2025-03-13 14:00:00+00:00,long,buy,81730.5,,13773768470171.24,-0.05,2365.97
2025-03-13 15:00:00+00:00,long,sell - direction_change,81730.5,81966.6,13806670731185.58,0.24,2366.21
2025-03-13 15:00:00+00:00,short,buy,81966.6,,13799767395819.98,-0.05,2366.16
2025-03-13 20:00:00+00:00,short,sell - direction_change,81966.6,80177.5,14094077564117.18,2.13,2368.29
2025-03-13 20:00:00+00:00,long,buy,80177.5,,14087030525335.12,-0.05,2368.24
2025-03-13 23:00:00+00:00,long,sell - direction_change,80177.5,81346.0,14285290183267.6,1.41,2369.65
2025-03-13 23:00:00+00:00,short,buy,81346.0,,14278147538175.96,-0.05,2369.6
2025-03-14 01:00:00+00:00,short,sell - direction_change,81346.0,81458.0,14251349814635.82,-0.19,2369.41
2025-03-14 01:00:00+00:00,long,buy,81458.0,,14244224139728.51,-0.05,2369.36
2025-03-14 06:00:00+00:00,long,sell - direction_change,81458.0,82112.8,14351604200148.69,0.75,2370.12
2025-03-14 06:00:00+00:00,short,buy,82112.8,,14344428398048.62,-0.05,2370.07
2025-03-14 07:00:00+00:00,short,sell - direction_change,82112.8,81996.0,14357660179778.27,0.09,2370.16
2025-03-14 07:00:00+00:00,long,buy,81996.0,,14350481349688.38,-0.05,2370.11
2025-03-14 15:12:00+00:00,long,sell - take_profit,81996.0,84455.88,14773820549504.19,2.95,2373.06
2025-03-14 16:00:00+00:00,long,buy,84692.1,,14766433639229.44,-0.05,2373.01
2025-03-14 20:21:00+00:00,long,sell - stop_loss,84692.1,83845.179,14611386086017.52,-1.05,2371.96
2025-03-14 21:00:00+00:00,long,buy,84083.9,,14604080392974.52,-0.05,2371.91
2025-03-15 05:00:00+00:00,long,sell - direction_change,84083.9,84413.1,14653955330360.74,0.34,2372.25
2025-03-15 05:00:00+00:00,short,buy,84413.1,,14646628352695.57,-0.05,2372.2
2025-03-15 06:00:00+00:00,short,sell - direction_change,84413.1,84218.2,14673122394663.47,0.18,2372.38
2025-03-15 06:00:00+00:00,long,buy,84218.2,,14665785833466.14,-0.05,2372.33
2025-03-15 09:00:00+00:00,long,sell - direction_change,84218.2,83854.9,14595187755668.96,-0.48,2371.85
2025-03-15 09:00:00+00:00,short,buy,83854.9,,14587890161791.13,-0.05,2371.8
2025-03-15 11:00:00+00:00,short,sell - direction_change,83854.9,83870.1,14577951935571.51,-0.07,2371.73
2025-03-15 11:00:00+00:00,long,buy,83870.1,,14570662959603.73,-0.05,2371.68
2025-03-15 14:00:00+00:00,long,sell - direction_change,83870.1,84406.3,14656531081845.09,0.59,2372.27
2025-03-15 14:00:00+00:00,short,buy,84406.3,,14649202816304.17,-0.05,2372.22
2025-03-15 15:00:00+00:00,short,sell - direction_change,84406.3,84108.4,14693580487344.6,0.3,2372.52
2025-03-15 15:00:00+00:00,long,buy,84108.4,,14686233697100.93,-0.05,2372.47
2025-03-15 18:00:00+00:00,long,sell - direction_change,84108.4,84375.1,14725459276447.02,0.27,2372.74
2025-03-15 18:00:00+00:00,short,buy,84375.1,,14718096546808.79,-0.05,2372.69
2025-03-15 19:00:00+00:00,short,sell - direction_change,84375.1,84182.8,14744281636153.61,0.18,2372.87
2025-03-15 19:00:00+00:00,long,buy,84182.8,,14736909495335.54,-0.05,2372.82
2025-03-15 23:00:00+00:00,long,sell - direction_change,84182.8,84334.4,14756079899826.25,0.13,2372.95
2025-03-15 23:00:00+00:00,short,buy,84334.4,,14748701859876.34,-0.05,2372.9
2025-03-16 03:00:00+00:00,short,sell - direction_change,84334.4,83921.9,14813466986042.32,0.44,2373.34
2025-03-16 03:00:00+00:00,long,buy,83921.9,,14806060252549.3,-0.05,2373.29
2025-03-16 06:00:00+00:00,long,sell - direction_change,83921.9,84350.2,14874220759547.03,0.46,2373.75
2025-03-16 06:00:00+00:00,short,buy,84350.2,,14866783649167.26,-0.05,2373.7
2025-03-16 07:00:00+00:00,short,sell - direction_change,84350.2,84188.0,14887938124447.85,0.14,2373.84
2025-03-16 07:00:00+00:00,long,buy,84188.0,,14880494155385.63,-0.05,2373.79
2025-03-16 09:00:00+00:00,long,sell - direction_change,84188.0,84221.1,14878904437558.46,-0.01,2373.78
2025-03-16 09:00:00+00:00,short,buy,84221.1,,14871464985339.68,-0.05,2373.73
2025-03-16 16:00:00+00:00,short,sell - direction_change,84221.1,83280.0,15030205373768.06,1.07,2374.8
2025-03-16 16:00:00+00:00,long,buy,83280.0,,15022690271081.17,-0.05,2374.75
2025-03-16 18:00:00+00:00,long,sell - direction_change,83280.0,83869.8,15121571609925.98,0.66,2375.41
2025-03-16 18:00:00+00:00,short,buy,83869.8,,15114010824121.02,-0.05,2375.36
2025-03-17 03:00:00+00:00,short,sell - direction_change,83869.8,83173.5,15231932664930.55,0.78,2376.14
2025-03-17 03:00:00+00:00,long,buy,83173.5,,15224316698598.08,-0.05,2376.09
2025-03-17 05:00:00+00:00,long,sell - direction_change,83173.5,83589.6,15292868681210.59,0.45,2376.54
2025-03-17 05:00:00+00:00,short,buy,83589.6,,15285222246869.98,-0.05,2376.49
2025-03-17 06:00:00+00:00,short,sell - direction_change,83589.6,83088.8,15369156091444.78,0.55,2377.04
2025-03-17 06:00:00+00:00,long,buy,83088.8,,15361471513399.05,-0.05,2376.99
2025-03-17 10:00:00+00:00,long,sell - direction_change,83088.8,83620.0,15451999124229.59,0.59,2377.58
2025-03-17 10:00:00+00:00,short,buy,83620.0,,15444273124667.48,-0.05,2377.53
2025-03-17 11:00:00+00:00,short,sell - direction_change,83620.0,83299.6,15495727562000.66,0.33,2377.86
2025-03-17 11:00:00+00:00,long,buy,83299.6,,15487979698219.66,-0.05,2377.81
2025-03-17 12:00:00+00:00,long,sell - direction_change,83299.6,83475.0,15512848009498.86,0.16,2377.97
2025-03-17 12:00:00+00:00,short,buy,83475.0,,15505091585494.11,-0.05,2377.92
2025-03-17 15:00:00+00:00,short,sell - direction_change,83475.0,82873.1,15609139155009.04,0.67,2378.59
2025-03-17 15:00:00+00:00,long,buy,82873.1,,15601334585431.54,-0.05,2378.54
2025-03-18 01:00:00+00:00,long,sell - direction_change,82873.1,83752.5,15759085992749.63,1.01,2379.55
2025-03-18 01:00:00+00:00,short,buy,83752.5,,15751206449753.25,-0.05,2379.5
2025-03-18 05:00:00+00:00,short,sell - direction_change,83752.5,82958.4,15892676036722.69,0.9,2380.4
2025-03-18 05:00:00+00:00,long,buy,82958.4,,15884729698704.32,-0.05,2380.35
2025-03-18 06:00:00+00:00,long,sell - direction_change,82958.4,82983.8,15881650881540.89,-0.02,2380.33
2025-03-18 06:00:00+00:00,short,buy,82983.8,,15873710056100.12,-0.05,2380.28
2025-03-18 07:00:00+00:00,short,sell - direction_change,82983.8,82407.1,15976088329920.74,0.64,2380.92
2025-03-18 07:00:00+00:00,long,buy,82407.1,,15968100285755.78,-0.05,2380.87
2025-03-18 08:00:00+00:00,long,sell - direction_change,82407.1,83124.7,16099166253937.28,0.82,2381.7
2025-03-18 08:00:00+00:00,short,buy,83124.7,,16091116670810.31,-0.05,2381.65
2025-03-18 23:00:00+00:00,short,sell - direction_change,83124.7,82350.1,16233016663835.8,0.88,2382.53
2025-03-18 23:00:00+00:00,long,buy,82350.1,,16224900155503.89,-0.05,2382.48
2025-03-19 15:53:00+00:00,long,sell - take_profit,82350.1,84820.603,16703534710091.25,2.95,2385.43
2025-03-19 16:00:00+00:00,long,buy,84693.3,,16695182942736.2,-0.05,2385.38
2025-03-19 17:45:00+00:00,long,sell - stop_loss,84693.3,83846.367,16519883521837.48,-1.05,2384.33
2025-03-19 18:00:00+00:00,long,buy,84188.0,,16511623580076.56,-0.05,2384.28
2025-03-19 23:26:00+00:00,long,sell - take_profit,84188.0,86713.64,16998716475688.82,2.95,2387.23
2025-03-20 00:00:00+00:00,long,buy,86809.8,,16990217117450.97,-0.05,2387.18
2025-03-20 00:51:00+00:00,long,sell - stop_loss,86809.8,85941.702,16811819837717.74,-1.05,2386.13
2025-03-20 01:00:00+00:00,long,buy,85979.9,,16803413927798.88,-0.05,2386.08
2025-03-20 09:00:00+00:00,long,sell - direction_change,85979.9,86193.5,16836756968328.03,0.2,2386.28
2025-03-20 09:00:00+00:00,short,buy,86193.5,,16828338589843.87,-0.05,2386.23
2025-03-20 10:00:00+00:00,short,sell - direction_change,86193.5,85832.5,16890405724022.34,0.37,2386.59
2025-03-20 10:00:00+00:00,long,buy,85832.5,,16881960521160.32,-0.05,2386.54
2025-03-20 10:20:00+00:00,long,sell - stop_loss,85832.5,84974.175,16704699935688.14,-1.05,2385.49
2025-03-20 11:00:00+00:00,long,buy,85135.7,,16696347585720.3,-0.05,2385.44
2025-03-20 15:00:00+00:00,long,sell - direction_change,85135.7,86123.6,16881740953724.04,1.11,2386.55
2025-03-20 15:00:00+00:00,short,buy,86123.6,,16873300083247.18,-0.05,2386.5
2025-03-21 01:00:00+00:00,short,sell - direction_change,86123.6,84468.8,17189071164625.95,1.87,2388.38
2025-03-21 01:00:00+00:00,long,buy,84468.8,,17180476629043.64,-0.05,2388.33
2025-03-21 03:00:00+00:00,long,sell - direction_change,84468.8,84641.2,17206951576582.91,0.15,2388.48
2025-03-21 03:00:00+00:00,short,buy,84641.2,,17198348100794.62,-0.05,2388.43
2025-03-21 18:00:00+00:00,short,sell - direction_change,84641.2,83976.8,17324749168685.12,0.73,2389.17
2025-03-21 18:00:00+00:00,long,buy,83976.8,,17316086794100.78,-0.05,2389.12
2025-03-21 19:00:00+00:00,long,sell - direction_change,83976.8,84070.4,17326729149432.04,0.06,2389.18
2025-03-21 19:00:00+00:00,short,buy,84070.4,,17318065784857.32,-0.05,2389.13
2025-03-21 20:00:00+00:00,short,sell - direction_change,84070.4,83925.0,17339358396837.74,0.12,2389.25
2025-03-21 20:00:00+00:00,long,buy,83925.0,,17330688717639.32,-0.05,2389.2
2025-03-21 22:00:00+00:00,long,sell - direction_change,83925.0,84356.2,17411067078672.77,0.46,2389.66
2025-03-21 22:00:00+00:00,short,buy,84356.2,,17402361545133.44,-0.05,2389.61
2025-03-22 02:00:00+00:00,short,sell - direction_change,84356.2,84024.2,17462150695041.77,0.34,2389.96
2025-03-22 02:00:00+00:00,long,buy,84024.2,,17453419619694.25,-0.05,2389.91
2025-03-22 07:00:00+00:00,long,sell - direction_change,84024.2,84280.8,17497993595572.74,0.26,2390.16
2025-03-22 07:00:00+00:00,short,buy,84280.8,,17489244598774.95,-0.05,2390.11
2025-03-22 08:00:00+00:00,short,sell - direction_change,84280.8,84235.4,17489921003622.72,0.0,2390.12
2025-03-22 08:00:00+00:00,long,buy,84235.4,,17481176043120.92,-0.05,2390.07
2025-03-22 13:00:00+00:00,long,sell - direction_change,84235.4,84194.4,17463926820751.23,-0.1,2389.97
2025-03-22 13:00:00+00:00,short,buy,84194.4,,17455194857340.86,-0.05,2389.92
2025-03-22 17:00:00+00:00,short,sell - direction_change,84194.4,84097.9,17466473653493.39,0.06,2389.98
2025-03-22 17:00:00+00:00,long,buy,84097.9,,17457740416666.64,-0.05,2389.93
2025-03-22 19:00:00+00:00,long,sell - direction_change,84097.9,84205.6,17471368806780.81,0.08,2390.01
2025-03-22 19:00:00+00:00,short,buy,84205.6,,17462633122377.42,-0.05,2389.96
2025-03-23 02:00:00+00:00,short,sell - direction_change,84205.6,84023.3,17491707343906.44,0.17,2390.13
2025-03-23 02:00:00+00:00,long,buy,84023.3,,17482961490234.49,-0.05,2390.08
2025-03-23 04:00:00+00:00,long,sell - direction_change,84023.3,84195.1,17509966912836.69,0.15,2390.23
2025-03-23 04:00:00+00:00,short,buy,84195.1,,17501211929380.27,-0.05,2390.18
2025-03-23 05:00:00+00:00,short,sell - direction_change,84195.1,84064.9,17519525342499.89,0.1,2390.29
2025-03-23 05:00:00+00:00,long,buy,84064.9,,17510765579828.64,-0.05,2390.24
2025-03-24 00:34:00+00:00,long,sell - take_profit,84064.9,86586.847,18027333164433.58,2.95,2393.19
2025-03-24 01:00:00+00:00,long,buy,85994.8,,18018319497851.37,-0.05,2393.14
2025-03-24 14:18:00+00:00,long,sell - take_profit,85994.8,88574.644,18549859923037.98,2.95,2396.09
2025-03-24 15:00:00+00:00,long,buy,87921.0,,18540584993076.46,-0.05,2396.04
2025-03-24 23:23:00+00:00,long,sell - stop_loss,87921.0,87041.79,18345908850649.16,-1.05,2394.99
2025-03-25 00:00:00+00:00,long,buy,87463.4,,18336735896223.84,-0.05,2394.94
2025-03-25 01:00:00+00:00,long,sell - direction_change,87463.4,87556.4,18347065014519.67,0.06,2394.99
2025-03-25 01:00:00+00:00,short,buy,87556.4,,18337891482012.41,-0.05,2394.94
2025-03-25 04:00:00+00:00,short,sell - direction_change,87556.4,86477.3,18554730214730.54,1.18,2396.12
2025-03-25 04:00:00+00:00,long,buy,86477.3,,18545452849623.17,-0.05,2396.07
2025-03-25 05:00:00+00:00,long,sell - direction_change,86477.3,86510.0,18543192787888.2,-0.01,2396.06
2025-03-25 05:00:00+00:00,short,buy,86510.0,,18533921191494.26,-0.05,2396.01
2025-03-25 11:00:00+00:00,short,sell - direction_change,86510.0,87085.6,18401337561868.06,-0.72,2395.3
2025-03-25 11:00:00+00:00,long,buy,87085.6,,18392136893087.12,-0.05,2395.25
2025-03-25 12:00:00+00:00,long,sell - direction_change,87085.6,87323.4,18433163251232.07,0.22,2395.47
2025-03-25 12:00:00+00:00,short,buy,87323.4,,18423946669606.45,-0.05,2395.42
2025-03-25 13:00:00+00:00,short,sell - direction_change,87323.4,87044.0,18473683966449.95,0.27,2395.69
2025-03-25 13:00:00+00:00,long,buy,87044.0,,18464447124466.73,-0.05,2395.64
2025-03-25 23:00:00+00:00,long,sell - direction_change,87044.0,87412.7,18533426399167.34,0.37,2396.01
2025-03-25 23:00:00+00:00,short,buy,87412.7,,18524159685967.76,-0.05,2395.96
2025-03-26 00:00:00+00:00,short,sell - direction_change,87412.7,87369.9,18523967615797.96,-0.0,2395.96
2025-03-26 00:00:00+00:00,long,buy,87369.9,,18514705631990.06,-0.05,2395.91
2025-03-26 02:00:00+00:00,long,sell - direction_change,87369.9,87794.1,18595341230054.06,0.44,2396.35
2025-03-26 02:00:00+00:00,short,buy,87794.1,,18586043559439.04,-0.05,2396.3
2025-03-26 05:00:00+00:00,short,sell - direction_change,87794.1,87282.1,18685141127715.28,0.53,2396.83
2025-03-26 05:00:00+00:00,long,buy,87282.1,,18675798557151.42,-0.05,2396.78
2025-03-26 13:00:00+00:00,long,sell - direction_change,87282.1,87767.5,18770321960701.74,0.51,2397.29
2025-03-26 13:00:00+00:00,short,buy,87767.5,,18760936799721.39,-0.05,2397.24
2025-03-27 00:00:00+00:00,short,sell - direction_change,87767.5,86873.9,18942569783046.04,0.97,2398.21
2025-03-27 00:00:00+00:00,long,buy,86873.9,,18933098498154.52,-0.05,2398.16
2025-03-27 05:00:00+00:00,long,sell - direction_change,86873.9,87482.5,19056268836923.32,0.65,2398.81
2025-03-27 05:00:00+00:00,short,buy,87482.5,,19046740702504.86,-0.05,2398.76
2025-03-27 06:00:00+00:00,short,sell - direction_change,87482.5,87277.7,19081806507084.29,0.18,2398.94
2025-03-27 06:00:00+00:00,long,buy,87277.7,,19072265603830.74,-0.05,2398.89
2025-03-27 10:00:00+00:00,long,sell - direction_change,87277.7,87369.4,19082768114987.95,0.06,2398.95
2025-03-27 10:00:00+00:00,short,buy,87369.4,,19073226730930.46,-0.05,2398.9
2025-03-27 14:00:00+00:00,short,sell - direction_change,87369.4,86338.5,19288741330425.74,1.13,2400.03
2025-03-27 14:00:00+00:00,long,buy,86338.5,,19279096959760.54,-0.05,2399.98
2025-03-27 15:00:00+00:00,long,sell - direction_change,86338.5,87240.0,19470759332315.0,0.99,2400.97
2025-03-27 15:00:00+00:00,short,buy,87240.0,,19461023952648.85,-0.05,2400.92
2025-03-27 18:00:00+00:00,short,sell - direction_change,87240.0,86855.4,19537087913531.18,0.39,2401.31
2025-03-27 18:00:00+00:00,long,buy,86855.4,,19527319369574.41,-0.05,2401.26
2025-03-27 19:00:00+00:00,long,sell - direction_change,86855.4,87157.0,19585363117625.51,0.3,2401.56
2025-03-27 19:00:00+00:00,short,buy,87157.0,,19575570436066.7,-0.05,2401.51
2025-03-27 20:00:00+00:00,short,sell - direction_change,87157.0,87025.9,19595227873655.42,0.1,2401.61
2025-03-27 20:00:00+00:00,long,buy,87025.9,,19585430259718.6,-0.05,2401.56
2025-03-28 02:00:00+00:00,long,sell - direction_change,87025.9,87196.0,19613919041099.29,0.15,2401.7
2025-03-28 02:00:00+00:00,short,buy,87196.0,,19604112081578.74,-0.05,2401.65
2025-03-28 08:00:00+00:00,short,sell - direction_change,87196.0,85175.1,20048665157719.04,2.27,2403.92
2025-03-28 08:00:00+00:00,long,buy,85175.1,,20038640825140.18,-0.05,2403.87
2025-03-28 09:00:00+00:00,long,sell - direction_change,85175.1,85180.1,20029797825085.62,-0.04,2403.83
2025-03-28 09:00:00+00:00,short,buy,85180.1,,20019782926173.08,-0.05,2403.78
2025-03-28 17:00:00+00:00,short,sell - direction_change,85180.1,83756.3,20344407144440.85,1.62,2405.4
2025-03-28 17:00:00+00:00,long,buy,83756.3,,20334234940868.63,-0.05,2405.35
2025-03-28 18:00:00+00:00,long,sell - direction_change,83756.3,83972.8,20376629384315.98,0.21,2405.56
2025-03-28 18:00:00+00:00,short,buy,83972.8,,20366441069623.82,-0.05,2405.51
2025-03-29 00:00:00+00:00,short,sell - direction_change,83972.8,84380.8,20257303092829.76,-0.54,2404.97
2025-03-29 00:00:00+00:00,long,buy,84380.8,,20247174441283.35,-0.05,2404.92
2025-03-29 01:00:00+00:00,long,sell - direction_change,84380.8,84352.8,20230332253571.18,-0.08,2404.84
2025-03-29 01:00:00+00:00,short,buy,84352.8,,20220217087444.39,-0.05,2404.79
2025-03-29 13:00:00+00:00,short,sell - direction_change,84352.8,82417.4,20674041882674.34,2.24,2407.03
2025-03-29 13:00:00+00:00,long,buy,82417.4,,20663704861733.01,-0.05,2406.98
2025-03-29 14:00:00+00:00,long,sell - direction_change,82417.4,82808.8,20751504885373.0,0.42,2407.41
2025-03-29 14:00:00+00:00,short,buy,82808.8,,20741129132930.31,-0.05,2407.36
2025-03-29 18:00:00+00:00,short,sell - direction_change,82808.8,82293.4,20859850862360.53,0.57,2407.93
2025-03-29 18:00:00+00:00,long,buy,82293.4,,20849420936929.35,-0.05,2407.88
2025-03-29 19:00:00+00:00,long,sell - direction_change,82293.4,82307.5,20842568527948.14,-0.03,2407.85
2025-03-29 19:00:00+00:00,short,buy,82307.5,,20832147243684.16,-0.05,2407.8
2025-03-29 21:00:00+00:00,short,sell - direction_change,82307.5,82466.6,20781462730048.1,-0.24,2407.55
2025-03-29 21:00:00+00:00,long,buy,82466.6,,20771071998683.08,-0.05,2407.5
2025-03-29 22:00:00+00:00,long,sell - direction_change,82466.6,82476.9,20763280749844.68,-0.04,2407.47
2025-03-29 22:00:00+00:00,short,buy,82476.9,,20752899109469.76,-0.05,2407.42
2025-03-30 00:00:00+00:00,short,sell - direction_change,82476.9,82604.8,20710340366495.88,-0.21,2407.21
2025-03-30 00:00:00+00:00,long,buy,82604.8,,20699985196312.63,-0.05,2407.16
2025-03-30 12:00:00+00:00,long,sell - direction_change,82604.8,83080.0,20808715849939.49,0.53,2407.69
2025-03-30 12:00:00+00:00,short,buy,83080.0,,20798311492014.52,-0.05,2407.64
2025-03-31 10:00:00+00:00,short,sell - direction_change,83080.0,81419.9,21203503054948.02,1.95,2409.58
2025-03-31 10:00:00+00:00,long,buy,81419.9,,21192901303420.55,-0.05,2409.53
2025-03-31 15:25:00+00:00,long,sell - take_profit,81419.9,83862.497,21818091891871.46,2.95,2412.48
2025-03-31 16:00:00+00:00,long,buy,83373.3,,21807182845925.52,-0.05,2412.43
2025-03-31 17:46:00+00:00,long,sell - stop_loss,83373.3,82539.567,21578207426043.3,-1.05,2411.38
2025-03-31 18:00:00+00:00,long,buy,82627.6,,21567418322330.28,-0.05,2411.33
2025-03-31 22:00:00+00:00,long,sell - direction_change,82627.6,82528.9,21530871984357.26,-0.17,2411.17
2025-03-31 22:00:00+00:00,short,buy,82528.9,,21520106548365.08,-0.05,2411.12
2025-03-31 23:00:00+00:00,short,sell - direction_change,82528.9,82372.3,21550181265522.51,0.14,2411.25
2025-03-31 23:00:00+00:00,long,buy,82372.3,,21539406174889.75,-0.05,2411.2
2025-04-01 15:14:00+00:00,long,sell - take_profit,82372.3,84843.46900000001,22174818657049.0,2.95,2414.15
2025-04-01 16:00:00+00:00,long,buy,85245.5,,22163731247720.48,-0.05,2414.1
2025-04-02 02:00:00+00:00,long,sell - direction_change,85245.5,85101.3,22115157549144.48,-0.22,2413.89
2025-04-02 02:00:00+00:00,short,buy,85101.3,,22104099970369.91,-0.05,2413.84
2025-04-02 04:00:00+00:00,short,sell - direction_change,85101.3,84509.5,22246761275673.83,0.65,2414.48
2025-04-02 04:00:00+00:00,long,buy,84509.5,,22235637895036.0,-0.05,2414.43
2025-04-02 05:00:00+00:00,long,sell - direction_change,84509.5,84568.5,22240043805797.06,0.02,2414.45
2025-04-02 05:00:00+00:00,short,buy,84568.5,,22228923783894.16,-0.05,2414.4
2025-04-02 07:00:00+00:00,short,sell - direction_change,84568.5,84089.4,22343741287034.86,0.52,2414.92
2025-04-02 07:00:00+00:00,long,buy,84089.4,,22332569416391.35,-0.05,2414.87
2025-04-02 11:00:00+00:00,long,sell - direction_change,84089.4,84822.7,22516153874975.88,0.82,2415.69
2025-04-02 11:00:00+00:00,short,buy,84822.7,,22504895798038.4,-0.05,2415.64
2025-04-02 12:00:00+00:00,short,sell - direction_change,84822.7,84528.3,22571752645445.26,0.3,2415.94
2025-04-02 12:00:00+00:00,long,buy,84528.3,,22560466769122.54,-0.05,2415.89
2025-04-02 15:33:00+00:00,long,sell - take_profit,84528.3,87064.149,23226000538811.65,2.95,2418.84
2025-04-02 16:00:00+00:00,long,buy,86709.5,,23214387538542.24,-0.05,2418.79
2025-04-02 20:27:00+00:00,long,sell - stop_loss,86709.5,85842.405,22970636469387.55,-1.05,2417.74
2025-04-02 21:00:00+00:00,long,buy,85623.2,,22959151151152.86,-0.05,2417.69
2025-04-02 21:06:00+00:00,long,sell - stop_loss,85623.2,84766.968,22718080064065.75,-1.05,2416.64
2025-04-02 22:00:00+00:00,long,buy,84812.8,,22706721024033.72,-0.05,2416.59
2025-04-02 22:09:00+00:00,long,sell - stop_loss,84812.8,83964.672,22468300453281.37,-1.05,2415.54
2025-04-02 23:00:00+00:00,short,buy,82784.2,,22457066303054.73,-0.05,2415.49
2025-04-03 01:00:00+00:00,short,sell - direction_change,82784.2,83182.0,22337925620297.9,-0.53,2414.96
2025-04-03 01:00:00+00:00,long,buy,83182.0,,22326756657487.75,-0.05,2414.91
2025-04-03 03:00:00+00:00,long,sell - direction_change,83182.0,83728.2,22462198007180.93,0.61,2415.51
2025-04-03 03:00:00+00:00,short,buy,83728.2,,22450966908177.34,-0.05,2415.46
2025-04-03 08:00:00+00:00,short,sell - direction_change,83728.2,83423.7,22521390372431.91,0.31,2415.78
2025-04-03 08:00:00+00:00,long,buy,83423.7,,22510129677245.7,-0.05,2415.73
2025-04-03 09:00:00+00:00,long,sell - direction_change,83423.7,83638.9,22556941803223.87,0.21,2415.93
2025-04-03 09:00:00+00:00,short,buy,83638.9,,22545663332322.26,-0.05,2415.88
2025-04-03 22:00:00+00:00,short,sell - direction_change,83638.9,82679.9,22792898098624.23,1.1,2416.98
2025-04-03 22:00:00+00:00,long,buy,82679.9,,22781501649574.92,-0.05,2416.93
2025-04-04 11:27:00+00:00,long,sell - stop_loss,82679.9,81853.101,22542295882254.38,-1.05,2415.88
2025-04-04 12:00:00+00:00,long,buy,82633.7,,22531024734313.26,-0.05,2415.83
2025-04-04 14:00:00+00:00,long,sell - direction_change,82633.7,83304.2,22702578726389.89,0.76,2416.59
2025-04-04 14:00:00+00:00,short,buy,83304.2,,22691227437026.7,-0.05,2416.54
2025-04-04 15:00:00+00:00,short,sell - direction_change,83304.2,82534.6,22889513134040.84,0.87,2417.42
2025-04-04 15:00:00+00:00,long,buy,82534.6,,22878068377473.82,-0.05,2417.37
2025-04-05 03:00:00+00:00,long,sell - direction_change,82534.6,83945.9,23257832764651.74,1.66,2419.03
2025-04-05 03:00:00+00:00,short,buy,83945.9,,23246203848269.42,-0.05,2418.98
2025-04-05 04:00:00+00:00,short,sell - direction_change,83945.9,83585.6,23334354615545.94,0.38,2419.36
2025-04-05 04:00:00+00:00,long,buy,83585.6,,23322687438238.16,-0.05,2419.31
2025-04-05 06:00:00+00:00,long,sell - direction_change,83585.6,83645.5,23327739846380.02,0.02,2419.33
2025-04-05 06:00:00+00:00,short,buy,83645.5,,23316075976456.82,-0.05,2419.28
2025-04-05 09:00:00+00:00,short,sell - direction_change,83645.5,83479.7,23350634476081.46,0.15,2419.43
2025-04-05 09:00:00+00:00,long,buy,83479.7,,23338959158843.42,-0.05,2419.38
2025-04-05 10:00:00+00:00,long,sell - direction_change,83479.7,83804.2,23418012241120.88,0.34,2419.71
2025-04-05 10:00:00+00:00,short,buy,83804.2,,23406303235000.33,-0.05,2419.66
2025-04-05 23:00:00+00:00,short,sell - direction_change,83804.2,83147.5,23578014749168.36,0.73,2420.4
2025-04-05 23:00:00+00:00,long,buy,83147.5,,23566225741793.78,-0.05,2420.35
2025-04-06 02:00:00+00:00,long,sell - direction_change,83147.5,83396.6,23625044232486.2,0.25,2420.6
2025-04-06 02:00:00+00:00,short,buy,83396.6,,23613231710369.96,-0.05,2420.55
2025-04-06 03:00:00+00:00,short,sell - direction_change,83396.6,83264.1,23638941650365.06,0.11,2420.66
2025-04-06 03:00:00+00:00,long,buy,83264.1,,23627122179539.88,-0.05,2420.61
2025-04-06 06:00:00+00:00,long,sell - direction_change,83264.1,83411.1,23657021517050.98,0.13,2420.73
2025-04-06 06:00:00+00:00,short,buy,83411.1,,23645193006292.45,-0.05,2420.68
2025-04-06 17:45:00+00:00,short,sell - take_profit,83411.1,80908.767,24342726199978.08,2.95,2423.63
2025-04-06 18:00:00+00:00,short,buy,80765.9,,24330554836878.08,-0.05,2423.58
2025-04-06 19:00:00+00:00,short,sell - direction_change,80765.9,79066.6,24830300054288.61,2.05,2425.64
2025-04-06 19:00:00+00:00,long,buy,79066.6,,24817884904261.46,-0.05,2425.59
2025-04-06 22:00:00+00:00,long,sell - direction_change,79066.6,78920.6,24759648631482.47,-0.23,2425.35
2025-04-06 22:00:00+00:00,short,buy,78920.6,,24747268807166.72,-0.05,2425.3
2025-04-06 23:00:00+00:00,short,sell - direction_change,78920.6,78034.4,25012782436885.71,1.07,2426.37
2025-04-06 23:00:00+00:00,long,buy,78034.4,,25000276045667.27,-0.05,2426.32
2025-04-06 23:21:00+00:00,long,sell - stop_loss,78034.4,77254.056,24737773147187.76,-1.05,2425.27
2025-04-07 00:00:00+00:00,long,buy,78390.1,,24725404260614.17,-0.05,2425.22
2025-04-07 00:12:00+00:00,long,sell - stop_loss,78390.1,77606.19900000001,24465787515877.72,-1.05,2424.17
2025-04-07 01:00:00+00:00,long,buy,78295.8,,24453554622119.78,-0.05,2424.12
2025-04-07 02:00:00+00:00,long,sell - direction_change,78295.8,79093.9,24690592581153.64,0.97,2425.09
2025-04-07 02:00:00+00:00,short,buy,79093.9,,24678247284863.06,-0.05,2425.04
2025-04-07 04:41:00+00:00,short,sell - take_profit,79093.9,76721.083,25406255579766.51,2.95,2427.99
2025-04-07 05:00:00+00:00,long,buy,76959.9,,25393552451976.63,-0.05,2427.94
2025-04-07 06:00:00+00:00,long,sell - direction_change,76959.9,76915.9,25366337513592.34,-0.11,2427.84
2025-04-07 06:00:00+00:00,short,buy,76915.9,,25353654344835.54,-0.05,2427.79
2025-04-07 06:47:00+00:00,short,sell - take_profit,76915.9,74608.423,26101587148008.19,2.95,2430.74
2025-04-07 07:00:00+00:00,long,buy,74781.4,,26088536354434.18,-0.05,2430.69
2025-04-07 10:15:00+00:00,long,sell - take_profit,74781.4,77024.84199999999,26858148176889.99,2.95,2433.64
2025-04-07 11:00:00+00:00,long,buy,76954.0,,26844719102801.54,-0.05,2433.59
2025-04-07 13:41:00+00:00,long,sell - stop_loss,76954.0,76184.46,26562849552222.14,-1.05,2432.54
2025-04-07 14:00:00+00:00,long,buy,78319.9,,26549568127446.02,-0.05,2432.49
2025-04-07 14:17:00+00:00,long,sell - take_profit,78319.9,80669.497,27332780387205.68,2.95,2435.44
2025-04-07 15:00:00+00:00,long,buy,78999.3,,27319113997012.08,-0.05,2435.39
2025-04-07 15:14:00+00:00,long,sell - stop_loss,78999.3,78209.307,27032263300043.46,-1.05,2434.34
2025-04-07 16:00:00+00:00,long,buy,78444.6,,27018747168393.43,-0.05,2434.29
2025-04-07 16:22:00+00:00,long,sell - stop_loss,78444.6,77660.15400000001,26735050323125.3,-1.05,2433.24
2025-04-07 17:00:00+00:00,long,buy,77394.8,,26721682797963.74,-0.05,2433.19
2025-04-07 22:21:00+00:00,long,sell - take_profit,77394.8,79716.644,27509972440503.67,2.95,2436.14
2025-04-07 23:00:00+00:00,long,buy,79919.5,,27496217454283.42,-0.05,2436.09
2025-04-07 23:56:00+00:00,long,sell - stop_loss,79919.5,79120.305,27207507171013.44,-1.05,2435.04
2025-04-08 00:00:00+00:00,long,buy,79140.1,,27193903417427.94,-0.05,2434.99
2025-04-08 14:00:00+00:00,long,sell - direction_change,79140.1,79856.0,27426302054005.52,0.85,2435.84
2025-04-08 14:00:00+00:00,short,buy,79856.0,,27412588902978.52,-0.05,2435.79
2025-04-08 15:00:00+00:00,short,sell - direction_change,79856.0,78440.4,27884823061981.46,1.72,2437.51
2025-04-08 15:00:00+00:00,long,buy,78440.4,,27870880650450.46,-0.05,2437.46
2025-04-08 16:00:00+00:00,long,sell - direction_change,78440.4,78459.9,27863873810345.07,-0.03,2437.44
2025-04-08 16:00:00+00:00,short,buy,78459.9,,27849941873439.9,-0.05,2437.39
2025-04-09 00:02:00+00:00,short,sell - take_profit,78459.9,76106.10299999999,28671515158706.38,2.95,2440.34
2025-04-09 01:00:00+00:00,short,buy,76494.0,,28657179401127.02,-0.05,2440.29
2025-04-09 05:00:00+00:00,short,sell - direction_change,76494.0,76383.1,28684397615039.62,0.09,2440.38
2025-04-09 05:00:00+00:00,long,buy,76383.1,,28670055416232.1,-0.05,2440.33
2025-04-09 17:02:00+00:00,long,sell - take_profit,76383.1,78674.59300000001,29515822051010.95,2.95,2443.28
2025-04-09 18:00:00+00:00,long,buy,82161.9,,29501064139985.44,-0.05,2443.23
2025-04-10 07:34:00+00:00,long,sell - stop_loss,82161.9,81340.28099999999,29191302966515.6,-1.05,2442.18
2025-04-10 08:00:00+00:00,long,buy,81561.5,,29176707315032.34,-0.05,2442.13
2025-04-10 13:43:00+00:00,long,sell - stop_loss,81561.5,80745.885,28870351888224.5,-1.05,2441.08
2025-04-10 14:00:00+00:00,long,buy,80844.9,,28855916712280.38,-0.05,2441.03
2025-04-10 15:00:00+00:00,long,sell - direction_change,80844.9,81239.2,28982225992261.51,0.44,2441.47
2025-04-10 15:00:00+00:00,short,buy,81239.2,,28967734879265.38,-0.05,2441.42
2025-04-10 15:49:00+00:00,short,sell - take_profit,81239.2,78802.02399999999,29822283058203.72,2.95,2444.37
2025-04-10 16:00:00+00:00,short,buy,78731.7,,29807371916674.62,-0.05,2444.32
2025-04-10 16:51:00+00:00,short,sell - stop_loss,78731.7,79519.01699999999,29494394511549.53,-1.05,2443.27
2025-04-10 17:00:00+00:00,short,buy,79406.0,,29479647314293.76,-0.05,2443.22
2025-04-10 18:00:00+00:00,short,sell - direction_change,79406.0,79286.0,29509457747263.51,0.1,2443.32
2025-04-10 18:00:00+00:00,long,buy,79286.0,,29494703018389.88,-0.05,2443.27
2025-04-10 20:00:00+00:00,long,sell - direction_change,79286.0,79611.1,29600894142163.56,0.36,2443.63
2025-04-10 20:00:00+00:00,short,buy,79611.1,,29586093695092.48,-0.05,2443.58
2025-04-11 01:00:00+00:00,short,sell - direction_change,79611.1,79010.7,29794428963951.34,0.7,2444.29
2025-04-11 01:00:00+00:00,long,buy,79010.7,,29779531749469.36,-0.05,2444.24
2025-04-11 07:47:00+00:00,long,sell - take_profit,79010.7,81381.021,30658027936078.7,2.95,2447.19
2025-04-11 08:00:00+00:00,long,buy,81213.7,,30642698922110.66,-0.05,2447.14
2025-04-11 17:39:00+00:00,long,sell - take_profit,81213.7,83650.111,31546658540312.93,2.95,2450.09
2025-04-11 18:00:00+00:00,long,buy,83888.2,,31530885211042.78,-0.05,2450.04
2025-04-12 02:48:00+00:00,long,sell - stop_loss,83888.2,83049.318,31199810916326.82,-1.05,2448.99
2025-04-12 03:00:00+00:00,long,buy,82768.7,,31184211010868.66,-0.05,2448.94
2025-04-12 14:32:00+00:00,long,sell - take_profit,82768.7,85251.761,32104145235689.28,2.95,2451.89
2025-04-12 15:00:00+00:00,long,buy,84786.2,,32088093163071.44,-0.05,2451.84
2025-04-13 07:00:00+00:00,long,sell - direction_change,84786.2,84570.8,31990529066442.54,-0.3,2451.53
2025-04-13 07:00:00+00:00,short,buy,84570.8,,31974533801909.32,-0.05,2451.48
2025-04-13 08:00:00+00:00,short,sell - direction_change,84570.8,84378.4,32031289140062.22,0.18,2451.66
2025-04-13 08:00:00+00:00,long,buy,84378.4,,32015273495492.18,-0.05,2451.61
2025-04-13 11:00:00+00:00,long,sell - direction_change,84378.4,84651.5,32102886823252.17,0.27,2451.88
2025-04-13 11:00:00+00:00,short,buy,84651.5,,32086835379840.54,-0.05,2451.83
2025-04-13 14:00:00+00:00,short,sell - direction_change,84651.5,83576.9,32478115084590.0,1.22,2453.05
2025-04-13 14:00:00+00:00,long,buy,83576.9,,32461876027047.7,-0.05,2453.0
2025-04-13 16:00:00+00:00,long,sell - direction_change,83576.9,83820.1,32540105738445.42,0.24,2453.24
2025-04-13 16:00:00+00:00,short,buy,83820.1,,32523835685576.2,-0.05,2453.19
2025-04-13 17:00:00+00:00,short,sell - direction_change,83820.1,84183.8,32366451065197.34,-0.48,2452.71
2025-04-13 17:00:00+00:00,long,buy,84183.8,,32350267839664.74,-0.05,2452.66
2025-04-13 19:00:00+00:00,long,sell - direction_change,84183.8,84689.7,32528500661908.52,0.55,2453.21
2025-04-13 19:00:00+00:00,short,buy,84689.7,,32512236411577.56,-0.05,2453.16
2025-04-13 23:00:00+00:00,short,sell - direction_change,84689.7,83294.3,33031672056227.41,1.6,2454.76
2025-04-13 23:00:00+00:00,long,buy,83294.3,,33015156220199.3,-0.05,2454.71
2025-04-14 13:00:00+00:00,long,sell - direction_change,83294.3,85099.9,33714329860025.98,2.12,2456.83
2025-04-14 13:00:00+00:00,short,buy,85099.9,,33697472695095.96,-0.05,2456.78
2025-04-14 14:00:00+00:00,short,sell - direction_change,85099.9,84341.4,33980971350921.98,0.84,2457.62
2025-04-14 14:00:00+00:00,long,buy,84341.4,,33963980865246.51,-0.05,2457.57
2025-04-14 15:00:00+00:00,long,sell - direction_change,84341.4,85380.0,34365239389278.26,1.18,2458.75
2025-04-14 15:00:00+00:00,short,buy,85380.0,,34348056769583.62,-0.05,2458.7
2025-04-14 17:00:00+00:00,short,sell - direction_change,85380.0,84300.0,34765362728445.84,1.21,2459.91
2025-04-14 17:00:00+00:00,long,buy,84300.0,,34747980047081.62,-0.05,2459.86
2025-04-14 21:00:00+00:00,long,sell - direction_change,84300.0,84806.7,34939464912216.52,0.55,2460.42
2025-04-14 21:00:00+00:00,short,buy,84806.7,,34921995179760.4,-0.05,2460.37
2025-04-14 23:00:00+00:00,short,sell - direction_change,84806.7,84456.2,35048864280034.33,0.36,2460.73
2025-04-14 23:00:00+00:00,long,buy,84456.2,,35031339847894.31,-0.05,2460.68
2025-04-15 14:00:00+00:00,long,sell - direction_change,84456.2,85537.1,35462167523297.16,1.23,2461.91
2025-04-15 14:00:00+00:00,short,buy,85537.1,,35444436439535.52,-0.05,2461.86
2025-04-15 20:00:00+00:00,short,sell - direction_change,85537.1,83954.5,36082504107917.11,1.8,2463.66
2025-04-15 20:00:00+00:00,long,buy,83954.5,,36064462855863.15,-0.05,2463.61
2025-04-15 21:00:00+00:00,long,sell - direction_change,83954.5,83984.0,36059102984514.16,-0.01,2463.59
2025-04-15 21:00:00+00:00,short,buy,83984.0,,36041073433021.9,-0.05,2463.54
2025-04-16 01:00:00+00:00,short,sell - direction_change,83984.0,83105.1,36400225922599.48,1.0,2464.54
2025-04-16 01:00:00+00:00,long,buy,83105.1,,36382025809638.19,-0.05,2464.49
2025-04-16 02:00:00+00:00,long,sell - direction_change,83105.1,83590.1,36576159702397.1,0.53,2465.02
2025-04-16 02:00:00+00:00,short,buy,83590.1,,36557871622545.9,-0.05,2464.97
2025-04-16 10:00:00+00:00,short,sell - direction_change,83590.1,83550.9,36556736685457.02,-0.0,2464.97
2025-04-16 10:00:00+00:00,long,buy,83550.9,,36538458317114.29,-0.05,2464.92
2025-04-16 12:00:00+00:00,long,sell - direction_change,83550.9,84008.4,36720262871482.66,0.5,2465.42
2025-04-16 12:00:00+00:00,short,buy,84008.4,,36701902740046.92,-0.05,2465.37
2025-04-16 14:00:00+00:00,short,sell - direction_change,84008.4,83685.3,36824708920288.84,0.33,2465.7
2025-04-16 14:00:00+00:00,long,buy,83685.3,,36806296565828.7,-0.05,2465.65
2025-04-16 17:00:00+00:00,long,sell - direction_change,83685.3,85000.0,37366122068158.2,1.52,2467.17
2025-04-16 17:00:00+00:00,short,buy,85000.0,,37347439007124.12,-0.05,2467.12
2025-04-16 18:00:00+00:00,short,sell - direction_change,85000.0,83237.5,38103175419974.16,2.02,2469.15
2025-04-16 18:00:00+00:00,long,buy,83237.5,,38084123832264.17,-0.05,2469.1
2025-04-16 23:00:00+00:00,long,sell - direction_change,83237.5,84413.4,38603097943519.5,1.36,2470.46
2025-04-16 23:00:00+00:00,short,buy,84413.4,,38583796394547.74,-0.05,2470.41
2025-04-17 00:00:00+00:00,short,sell - direction_change,84413.4,83990.1,38757987059709.03,0.45,2470.86
2025-04-17 00:00:00+00:00,long,buy,83990.1,,38738608066179.18,-0.05,2470.81
2025-04-17 02:00:00+00:00,long,sell - direction_change,83990.1,84299.4,38861896664385.39,0.32,2471.13
2025-04-17 02:00:00+00:00,short,buy,84299.4,,38842465716053.2,-0.05,2471.08
2025-04-17 03:00:00+00:00,short,sell - direction_change,84299.4,84226.4,38856680547001.93,0.04,2471.12
2025-04-17 03:00:00+00:00,long,buy,84226.4,,38837252206728.43,-0.05,2471.07
2025-04-17 14:00:00+00:00,long,sell - direction_change,84226.4,84436.8,38914850167636.93,0.2,2471.27
2025-04-17 14:00:00+00:00,short,buy,84436.8,,38895392742553.11,-0.05,2471.22
2025-04-17 15:00:00+00:00,short,sell - direction_change,84436.8,84050.0,39054122545954.68,0.41,2471.62
2025-04-17 15:00:00+00:00,long,buy,84050.0,,39034595484681.7,-0.05,2471.57
2025-04-17 22:00:00+00:00,long,sell - direction_change,84050.0,85015.8,39463616108641.98,1.1,2472.67
2025-04-17 22:00:00+00:00,short,buy,85015.8,,39443884300587.66,-0.05,2472.62
2025-04-17 23:00:00+00:00,short,sell - direction_change,85015.8,84687.0,39576712227497.4,0.34,2472.96
2025-04-17 23:00:00+00:00,long,buy,84687.0,,39556923871383.65,-0.05,2472.91
2025-04-18 03:00:00+00:00,long,sell - direction_change,84687.0,84854.2,39615243791387.28,0.15,2473.06
2025-04-18 03:00:00+00:00,short,buy,84854.2,,39595436169491.58,-0.05,2473.01
2025-04-18 05:00:00+00:00,short,sell - direction_change,84854.2,84628.6,39680909968901.98,0.22,2473.22
2025-04-18 05:00:00+00:00,long,buy,84628.6,,39661069513917.53,-0.05,2473.17
2025-04-18 06:00:00+00:00,long,sell - direction_change,84628.6,84707.4,39678168483816.16,0.04,2473.22
2025-04-18 06:00:00+00:00,short,buy,84707.4,,39658329399574.26,-0.05,2473.17
2025-04-19 01:00:00+00:00,short,sell - direction_change,84707.4,84392.8,39785789732947.9,0.32,2473.49
2025-04-19 01:00:00+00:00,long,buy,84392.8,,39765896838081.43,-0.05,2473.44
2025-04-19 16:00:00+00:00,long,sell - direction_change,84392.8,85146.3,40101063174287.31,0.84,2474.28
2025-04-19 16:00:00+00:00,short,buy,85146.3,,40081012642700.17,-0.05,2474.23
2025-04-19 17:00:00+00:00,short,sell - direction_change,85146.3,84799.9,40224033394230.68,0.36,2474.59
2025-04-19 17:00:00+00:00,long,buy,84799.9,,40203921377533.56,-0.05,2474.54
2025-04-19 19:00:00+00:00,long,sell - direction_change,84799.9,85096.8,40324580717942.92,0.3,2474.84
2025-04-19 19:00:00+00:00,short,buy,85096.8,,40304418427583.94,-0.05,2474.79
2025-04-19 20:00:00+00:00,short,sell - direction_change,85096.8,85054.2,40304442866904.71,0.0,2474.79
2025-04-19 20:00:00+00:00,long,buy,85054.2,,40284290645471.26,-0.05,2474.74
2025-04-19 23:00:00+00:00,long,sell - direction_change,85054.2,85217.1,40341302961023.44,0.14,2474.88
2025-04-19 23:00:00+00:00,short,buy,85217.1,,40321132309542.93,-0.05,2474.83
2025-04-20 00:00:00+00:00,short,sell - direction_change,85217.1,85046.9,40381503194459.42,0.15,2474.98
2025-04-20 00:00:00+00:00,long,buy,85046.9,,40361312442862.2,-0.05,2474.93
2025-04-20 03:00:00+00:00,long,sell - direction_change,85046.9,85190.0,40409043771799.24,0.12,2475.05
2025-04-20 03:00:00+00:00,short,buy,85190.0,,40388839249913.34,-0.05,2475.0
2025-04-20 04:00:00+00:00,short,sell - direction_change,85190.0,85116.7,40403396584215.12,0.04,2475.03
2025-04-20 04:00:00+00:00,long,buy,85116.7,,40383194885923.01,-0.05,2474.98
2025-04-20 05:00:00+00:00,long,sell - direction_change,85116.7,85140.4,40374247635579.92,-0.02,2474.96
2025-04-20 05:00:00+00:00,short,buy,85140.4,,40354060511762.14,-0.05,2474.91
2025-04-20 19:00:00+00:00,short,sell - direction_change,85140.4,84536.3,40620209220581.42,0.66,2475.57
2025-04-20 19:00:00+00:00,long,buy,84536.3,,40599899115971.12,-0.05,2475.52
2025-04-21 01:05:00+00:00,long,sell - take_profit,84536.3,87072.38900000001,41797596139892.28,2.95,2478.47
2025-04-21 02:00:00+00:00,long,buy,87248.9,,41776697341822.33,-0.05,2478.42
2025-04-21 17:05:00+00:00,long,sell - stop_loss,87248.9,86376.411,41338042019733.2,-1.05,2477.37
2025-04-21 18:00:00+00:00,long,buy,86812.6,,41317372998723.33,-0.05,2477.32
2025-04-22 13:08:00+00:00,long,sell - take_profit,86812.6,89416.978,42536235502185.66,2.95,2480.27
2025-04-22 14:00:00+00:00,long,buy,90180.5,,42514967384434.57,-0.05,2480.22
2025-04-22 21:49:00+00:00,long,sell - take_profit,90180.5,92885.91500000001,43769158922275.39,2.95,2483.17
2025-04-22 22:00:00+00:00,long,buy,92974.2,,43747274342814.25,-0.05,2483.12
2025-04-23 15:23:00+00:00,long,sell - stop_loss,92974.2,92044.458,43287927962214.7,-1.05,2482.07
2025-04-23 16:00:00+00:00,long,buy,93140.3,,43266283998233.6,-0.05,2482.02
2025-04-24 02:00:00+00:00,long,sell - direction_change,93140.3,93447.3,43387260974383.74,0.28,2482.3
2025-04-24 02:00:00+00:00,short,buy,93447.3,,43365567343896.54,-0.05,2482.25
2025-04-24 13:00:00+00:00,short,sell - direction_change,93447.3,92723.3,43679867202387.42,0.72,2482.98
2025-04-24 13:00:00+00:00,long,buy,92723.3,,43658027268786.22,-0.05,2482.93
2025-04-25 02:00:00+00:00,long,sell - direction_change,92723.3,93609.7,44053552635022.38,0.91,2483.83
2025-04-25 02:00:00+00:00,short,buy,93609.7,,44031525858704.88,-0.05,2483.78
2025-04-25 03:00:00+00:00,short,sell - direction_change,93609.7,92941.8,44323672582366.43,0.66,2484.45
2025-04-25 03:00:00+00:00,long,buy,92941.8,,44301510746075.25,-0.05,2484.4
2025-04-25 04:00:00+00:00,long,sell - direction_change,92941.8,93262.9,44432415075718.48,0.3,2484.69
2025-04-25 04:00:00+00:00,short,buy,93262.9,,44410198868180.62,-0.05,2484.64
2025-04-25 05:00:00+00:00,short,sell - direction_change,93262.9,93004.9,44510848958838.1,0.23,2484.87
2025-04-25 05:00:00+00:00,long,buy,93004.9,,44488593534358.67,-0.05,2484.82
2025-04-26 04:00:00+00:00,long,sell - direction_change,93004.9,94685.0,45270019646323.47,1.76,2486.57
2025-04-26 04:00:00+00:00,short,buy,94685.0,,45247384636500.3,-0.05,2486.52
2025-04-26 06:00:00+00:00,short,sell - direction_change,94685.0,94570.9,45279286228937.03,0.07,2486.59
2025-04-26 06:00:00+00:00,long,buy,94570.9,,45256646585822.56,-0.05,2486.54
2025-04-26 07:00:00+00:00,long,sell - direction_change,94570.9,94588.5,45242440694587.62,-0.03,2486.51
2025-04-26 07:00:00+00:00,short,buy,94588.5,,45219819474240.32,-0.05,2486.46
2025-04-26 19:00:00+00:00,short,sell - direction_change,94588.5,94107.5,45427160701978.79,0.46,2486.92
2025-04-26 19:00:00+00:00,long,buy,94107.5,,45404447121627.8,-0.05,2486.87
2025-04-26 20:00:00+00:00,long,sell - direction_change,94107.5,94261.0,45455804698116.61,0.11,2486.98
2025-04-26 20:00:00+00:00,short,buy,94261.0,,45433076795767.55,-0.05,2486.93
2025-04-26 21:00:00+00:00,short,sell - direction_change,94261.0,94043.1,45515386380939.3,0.18,2487.12
2025-04-26 21:00:00+00:00,long,buy,94043.1,,45492628687748.84,-0.05,2487.07
2025-04-27 01:00:00+00:00,long,sell - direction_change,94043.1,94825.3,45848265627036.09,0.78,2487.85
2025-04-27 01:00:00+00:00,short,buy,94825.3,,45825341494222.57,-0.05,2487.8
2025-04-27 18:00:00+00:00,short,sell - direction_change,94825.3,94000.1,46201215558672.0,0.82,2488.62
2025-04-27 18:00:00+00:00,long,buy,94000.1,,46178114950892.66,-0.05,2488.57
2025-04-27 22:00:00+00:00,long,sell - direction_change,94000.1,94289.3,46297097134232.9,0.26,2488.83
2025-04-27 22:00:00+00:00,short,buy,94289.3,,46273948585665.78,-0.05,2488.78
2025-04-28 04:00:00+00:00,short,sell - direction_change,94289.3,93800.0,46490943238641.01,0.47,2489.24
2025-04-28 04:00:00+00:00,long,buy,93800.0,,46467697767021.69,-0.05,2489.19
2025-04-28 15:00:00+00:00,long,sell - direction_change,93800.0,94367.9,46725796600034.67,0.56,2489.75
2025-04-28 15:00:00+00:00,short,buy,94367.9,,46702433701734.66,-0.05,2489.7
2025-04-28 19:00:00+00:00,short,sell - direction_change,94367.9,94128.8,46797412466774.71,0.2,2489.9
2025-04-28 19:00:00+00:00,long,buy,94128.8,,46774013760541.32,-0.05,2489.85
2025-04-29 04:00:00+00:00,long,sell - direction_change,94128.8,94599.9,46984723415709.12,0.45,2490.3
2025-04-29 04:00:00+00:00,short,buy,94599.9,,46961231054001.27,-0.05,2490.25
2025-04-29 06:00:00+00:00,short,sell - direction_change,94599.9,94238.2,47117305356314.91,0.33,2490.59
2025-04-29 06:00:00+00:00,long,buy,94238.2,,47093746703636.75,-0.05,2490.54
2025-04-29 20:00:00+00:00,long,sell - direction_change,94238.2,95250.5,47576077486989.88,1.02,2491.56
2025-04-29 20:00:00+00:00,short,buy,95250.5,,47552289448246.38,-0.05,2491.51
2025-04-30 03:00:00+00:00,short,sell - direction_change,95250.5,94599.9,47853314953015.22,0.63,2492.14
2025-04-30 03:00:00+00:00,long,buy,94599.9,,47829388295538.71,-0.05,2492.09
2025-04-30 06:00:00+00:00,long,sell - direction_change,94599.9,94855.9,47934906332331.02,0.22,2492.31
2025-04-30 06:00:00+00:00,short,buy,94855.9,,47910938879164.85,-0.05,2492.26
2025-04-30 09:00:00+00:00,short,sell - direction_change,94855.9,94660.0,47985930896665.23,0.16,2492.42
2025-04-30 09:00:00+00:00,long,buy,94660.0,,47961937931216.89,-0.05,2492.37
2025-04-30 12:00:00+00:00,long,sell - direction_change,94660.0,95126.4,48174270588398.75,0.44,2492.81
2025-04-30 12:00:00+00:00,short,buy,95126.4,,48150183453104.55,-0.05,2492.76
2025-04-30 23:00:00+00:00,short,sell - direction_change,95126.4,94075.9,48657840537908.23,1.05,2493.82
2025-04-30 23:00:00+00:00,long,buy,94075.9,,48633511617639.28,-0.05,2493.77
2025-05-01 15:05:00+00:00,long,sell - take_profit,94075.9,96898.177,50068200210359.64,2.95,2496.72
2025-05-01 16:00:00+00:00,long,buy,96793.9,,50043166110254.46,-0.05,2496.67
2025-05-02 07:00:00+00:00,long,sell - direction_change,96793.9,96658.0,49947883216575.59,-0.19,2496.48
2025-05-02 07:00:00+00:00,short,buy,96658.0,,49922909274967.3,-0.05,2496.43
2025-05-02 08:00:00+00:00,short,sell - direction_change,96658.0,96302.0,50081818329774.34,0.32,2496.75
2025-05-02 08:00:00+00:00,long,buy,96302.0,,50056777420609.45,-0.05,2496.7
2025-05-02 21:00:00+00:00,long,sell - direction_change,96302.0,96962.8,50375225995197.3,0.64,2497.33
2025-05-02 21:00:00+00:00,short,buy,96962.8,,50350038382199.7,-0.05,2497.28
2025-05-02 23:00:00+00:00,short,sell - direction_change,96962.8,96607.6,50509308672275.22,0.32,2497.6
2025-05-02 23:00:00+00:00,long,buy,96607.6,,50484054017939.08,-0.05,2497.55
2025-05-03 00:00:00+00:00,long,sell - direction_change,96607.6,96831.2,50575658227441.63,0.18,2497.73
2025-05-03 00:00:00+00:00,short,buy,96831.2,,50550370398327.91,-0.05,2497.68
2025-05-03 02:00:00+00:00,short,sell - direction_change,96831.2,96457.7,50720079508931.91,0.34,2498.01
2025-05-03 02:00:00+00:00,long,buy,96457.7,,50694719469177.45,-0.05,2497.96
2025-05-03 03:00:00+00:00,long,sell - direction_change,96457.7,96482.4,50682353546600.16,-0.02,2497.94
2025-05-03 03:00:00+00:00,short,buy,96482.4,,50657012369826.87,-0.05,2497.89
2025-05-03 14:00:00+00:00,short,sell - direction_change,96482.4,96288.0,50733751424199.05,0.15,2498.04
2025-05-03 14:00:00+00:00,long,buy,96288.0,,50708384548486.95,-0.05,2497.99
2025-05-03 15:00:00+00:00,long,sell - direction_change,96288.0,96314.7,50697091442406.66,-0.02,2497.97
2025-05-03 15:00:00+00:00,short,buy,96314.7,,50671742896685.46,-0.05,2497.92
2025-05-03 19:00:00+00:00,short,sell - direction_change,96314.7,96103.6,50757468004770.77,0.17,2498.09
2025-05-03 19:00:00+00:00,long,buy,96103.6,,50732089270768.39,-0.05,2498.04
2025-05-03 21:00:00+00:00,long,sell - direction_change,96103.6,96302.2,50811562097196.88,0.16,2498.2
2025-05-03 21:00:00+00:00,short,buy,96302.2,,50786156316148.28,-0.05,2498.15
2025-05-04 19:00:00+00:00,short,sell - direction_change,96302.2,95332.5,51272146527050.77,0.96,2499.1
2025-05-04 19:00:00+00:00,long,buy,95332.5,,51246510453787.25,-0.05,2499.05
2025-05-04 22:00:00+00:00,long,sell - direction_change,95332.5,95622.6,51376832051392.75,0.25,2499.31
2025-05-04 22:00:00+00:00,short,buy,95622.6,,51351143635367.05,-0.05,2499.26
2025-05-05 06:00:00+00:00,short,sell - direction_change,95622.6,94697.8,51822103143896.36,0.92,2500.17
2025-05-05 06:00:00+00:00,long,buy,94697.8,,51796192092324.41,-0.05,2500.12
2025-05-05 07:00:00+00:00,long,sell - direction_change,94697.8,94724.2,51784733819286.15,-0.02,2500.1
2025-05-05 07:00:00+00:00,short,buy,94724.2,,51758841452376.51,-0.05,2500.05
2025-05-05 09:00:00+00:00,short,sell - direction_change,94724.2,94509.8,51850113674075.27,0.18,2500.23
2025-05-05 09:00:00+00:00,long,buy,94509.8,,51824188617238.23,-0.05,2500.18
2025-05-05 10:00:00+00:00,long,sell - direction_change,94509.8,94510.8,51798824870176.32,-0.05,2500.13
2025-05-05 10:00:00+00:00,short,buy,94510.8,,51772925457741.23,-0.05,2500.08
2025-05-05 12:00:00+00:00,short,sell - direction_change,94510.8,93986.1,52034469151012.28,0.51,2500.58
2025-05-05 12:00:00+00:00,long,buy,93986.1,,52008451916436.77,-0.05,2500.53
2025-05-05 13:00:00+00:00,long,sell - direction_change,93986.1,94279.2,52144638453332.92,0.26,2500.8
2025-05-05 13:00:00+00:00,short,buy,94279.2,,52118566134106.26,-0.05,2500.75
2025-05-05 18:00:00+00:00,short,sell - direction_change,94279.2,94458.6,51993332581799.98,-0.24,2500.51
2025-05-05 18:00:00+00:00,long,buy,94458.6,,51967335915509.08,-0.05,2500.46
2025-05-05 19:00:00+00:00,long,sell - direction_change,94458.6,94675.8,52060846982396.52,0.18,2500.64
2025-05-05 19:00:00+00:00,short,buy,94675.8,,52034816558905.32,-0.05,2500.59
2025-05-05 21:00:00+00:00,short,sell - direction_change,94675.8,94198.3,52271238178412.03,0.45,2501.04
2025-05-05 21:00:00+00:00,long,buy,94198.3,,52245102559322.83,-0.05,2500.99
2025-05-06 05:00:00+00:00,long,sell - direction_change,94198.3,94540.7,52408884954483.94,0.31,2501.3
2025-05-06 05:00:00+00:00,short,buy,94540.7,,52382680512006.7,-0.05,2501.25
2025-05-06 06:00:00+00:00,short,sell - direction_change,94540.7,94300.0,52489855131588.52,0.2,2501.46
2025-05-06 06:00:00+00:00,long,buy,94300.0,,52463610204022.72,-0.05,2501.41
2025-05-06 07:00:00+00:00,long,sell - direction_change,94300.0,94464.0,52528619460145.09,0.12,2501.53
2025-05-06 07:00:00+00:00,short,buy,94464.0,,52502355150415.02,-0.05,2501.48
2025-05-06 15:00:00+00:00,short,sell - direction_change,94464.0,94097.4,52679857396346.58,0.34,2501.82
2025-05-06 15:00:00+00:00,long,buy,94097.4,,52653517467648.41,-0.05,2501.77
2025-05-06 16:00:00+00:00,long,sell - direction_change,94097.4,94513.2,52859857419823.16,0.39,2502.16
2025-05-06 16:00:00+00:00,short,buy,94513.2,,52833427491113.24,-0.05,2502.11
2025-05-06 17:00:00+00:00,short,sell - direction_change,94513.2,94186.3,52989749775167.41,0.3,2502.41
2025-05-06 17:00:00+00:00,long,buy,94186.3,,52963254900279.82,-0.05,2502.36
2025-05-07 00:07:00+00:00,long,sell - take_profit,94186.3,97011.88900000001,54525670919838.08,2.95,2505.31
2025-05-07 01:00:00+00:00,long,buy,97379.5,,54498408084378.16,-0.05,2505.26
2025-05-07 03:08:00+00:00,long,sell - stop_loss,97379.5,96405.705,53926174799492.19,-1.05,2504.21
2025-05-07 04:00:00+00:00,long,buy,96453.8,,53899211712092.44,-0.05,2504.16
2025-05-07 17:00:00+00:00,long,sell - direction_change,96453.8,96801.0,54066280447726.7,0.31,2504.47
2025-05-07 17:00:00+00:00,short,buy,96801.0,,54039247307502.84,-0.05,2504.42
2025-05-07 20:00:00+00:00,short,sell - direction_change,96801.0,96124.5,54389884431233.16,0.65,2505.07
2025-05-07 20:00:00+00:00,long,buy,96124.5,,54362689489017.54,-0.05,2505.02
2025-05-08 03:44:00+00:00,long,sell - take_profit,96124.5,99008.235,55966388828943.55,2.95,2507.97
2025-05-08 04:00:00+00:00,long,buy,99098.0,,55938405634529.09,-0.05,2507.92
2025-05-08 20:39:00+00:00,long,sell - take_profit,99098.0,102070.94,57588588600747.7,2.95,2510.87
2025-05-08 21:00:00+00:00,long,buy,102576.8,,57559794306447.32,-0.05,2510.82
2025-05-09 22:00:00+00:00,long,sell - direction_change,102576.8,102943.1,57736559451198.81,0.31,2511.12
2025-05-09 22:00:00+00:00,short,buy,102943.1,,57707691171473.21,-0.05,2511.07
2025-05-09 23:00:00+00:00,short,sell - direction_change,102943.1,102745.9,57789383411045.34,0.14,2511.22
2025-05-09 23:00:00+00:00,long,buy,102745.9,,57760488719339.82,-0.05,2511.17
2025-05-10 00:00:00+00:00,long,sell - direction_change,102745.9,102941.9,57841793463276.43,0.14,2511.31
2025-05-10 00:00:00+00:00,short,buy,102941.9,,57812872566544.79,-0.05,2511.26
2025-05-10 01:00:00+00:00,short,sell - direction_change,102941.9,102821.0,57851864394168.59,0.07,2511.32
2025-05-10 01:00:00+00:00,long,buy,102821.0,,57822938461971.5,-0.05,2511.27
2025-05-10 15:00:00+00:00,long,sell - direction_change,102821.0,103476.6,58162713530078.89,0.59,2511.86
2025-05-10 15:00:00+00:00,short,buy,103476.6,,58133632173313.85,-0.05,2511.81
2025-05-10 16:00:00+00:00,short,sell - direction_change,103476.6,103102.6,58314680285943.63,0.31,2512.12
2025-05-10 16:00:00+00:00,long,buy,103102.6,,58285522945800.66,-0.05,2512.07
2025-05-10 17:00:00+00:00,long,sell - direction_change,103102.6,103390.6,58419191118372.02,0.23,2512.3
2025-05-10 17:00:00+00:00,short,buy,103390.6,,58389981522812.83,-0.05,2512.25
2025-05-10 21:00:00+00:00,short,sell - direction_change,103390.6,103144.9,58499545940161.59,0.19,2512.44
2025-05-10 21:00:00+00:00,long,buy,103144.9,,58470296167191.52,-0.05,2512.39
2025-05-11 07:00:00+00:00,long,sell - direction_change,103144.9,103809.2,58817636281131.2,0.59,2512.98
2025-05-11 07:00:00+00:00,short,buy,103809.2,,58788227462990.64,-0.05,2512.93
2025-05-11 08:00:00+00:00,short,sell - direction_change,103809.2,103327.8,59031455166021.85,0.41,2513.35
2025-05-11 08:00:00+00:00,long,buy,103327.8,,59001939438438.84,-0.05,2513.3
2025-05-11 13:00:00+00:00,long,sell - direction_change,103327.8,104561.8,59677073554989.09,1.14,2514.44
2025-05-11 13:00:00+00:00,short,buy,104561.8,,59647235018211.59,-0.05,2514.39
2025-05-11 14:00:00+00:00,short,sell - direction_change,104561.8,103930.0,59977821446096.76,0.55,2514.95
2025-05-11 14:00:00+00:00,long,buy,103930.0,,59947832535373.71,-0.05,2514.9
2025-05-11 20:00:00+00:00,long,sell - direction_change,103930.0,104373.8,60173846765735.48,0.38,2515.27
2025-05-11 20:00:00+00:00,short,buy,104373.8,,60143759842352.61,-0.05,2515.22
2025-05-11 21:00:00+00:00,short,sell - direction_change,104373.8,104224.1,60199950231778.72,0.09,2515.32
2025-05-11 21:00:00+00:00,long,buy,104224.1,,60169850256662.83,-0.05,2515.27
2025-05-11 22:00:00+00:00,long,sell - direction_change,104224.1,104314.2,60191781165762.13,0.04,2515.3
2025-05-11 22:00:00+00:00,short,buy,104314.2,,60161685275179.25,-0.05,2515.25
2025-05-11 23:00:00+00:00,short,sell - direction_change,104314.2,103749.1,60457517571395.27,0.49,2515.74
2025-05-11 23:00:00+00:00,long,buy,103749.1,,60427288812609.58,-0.05,2515.69
2025-05-12 01:00:00+00:00,long,sell - direction_change,103749.1,104541.4,60858539806703.55,0.71,2516.41
2025-05-12 01:00:00+00:00,short,buy,104541.4,,60828110536800.2,-0.05,2516.36
2025-05-12 03:00:00+00:00,short,sell - direction_change,104541.4,103851.9,61198886653225.73,0.61,2516.97
2025-05-12 03:00:00+00:00,long,buy,103851.9,,61168287209899.12,-0.05,2516.92
2025-05-12 04:00:00+00:00,long,sell - direction_change,103851.9,104064.0,61262628982114.88,0.15,2517.07
2025-05-12 04:00:00+00:00,short,buy,104064.0,,61231997667623.82,-0.05,2517.02
2025-05-12 06:00:00+00:00,short,sell - direction_change,104064.0,103906.4,61294114629587.38,0.1,2517.12
2025-05-12 06:00:00+00:00,long,buy,103906.4,,61263467572272.59,-0.05,2517.07
2025-05-12 11:00:00+00:00,long,sell - direction_change,103906.4,104471.8,61566197061330.89,0.49,2517.57
2025-05-12 11:00:00+00:00,short,buy,104471.8,,61535413962800.23,-0.05,2517.52
2025-05-12 13:00:00+00:00,short,sell - direction_change,104471.8,103828.9,61883323732771.31,0.57,2518.08
2025-05-12 13:00:00+00:00,long,buy,103828.9,,61852382070904.93,-0.05,2518.03
2025-05-12 14:00:00+00:00,long,sell - direction_change,103828.9,104283.2,62092088980815.48,0.39,2518.42
2025-05-12 14:00:00+00:00,short,buy,104283.2,,62061042936325.07,-0.05,2518.37
2025-05-12 18:43:00+00:00,short,sell - take_profit,104283.2,101154.704,63891843702946.66,2.95,2521.32
2025-05-12 19:00:00+00:00,long,buy,101583.6,,63859897781095.18,-0.05,2521.27
2025-05-12 20:00:00+00:00,long,sell - direction_change,101583.6,101812.9,63972115849809.88,0.18,2521.45
2025-05-12 20:00:00+00:00,short,buy,101812.9,,63940129791884.98,-0.05,2521.4
2025-05-12 20:54:00+00:00,short,sell - stop_loss,101812.9,102831.029,63268758429070.19,-1.05,2520.35
2025-05-12 21:00:00+00:00,short,buy,102639.5,,63237124049855.66,-0.05,2520.3
2025-05-12 22:00:00+00:00,short,sell - direction_change,102639.5,102460.0,63316097060928.31,0.12,2520.42
2025-05-12 22:00:00+00:00,long,buy,102460.0,,63284439012397.85,-0.05,2520.37
2025-05-13 00:00:00+00:00,long,sell - direction_change,102460.0,102739.3,63425306492444.29,0.22,2520.59
2025-05-13 00:00:00+00:00,short,buy,102739.3,,63393593839198.07,-0.05,2520.54
2025-05-13 04:00:00+00:00,short,sell - direction_change,102739.3,101681.3,64014718526188.44,0.98,2521.52
2025-05-13 04:00:00+00:00,long,buy,101681.3,,63982711166925.34,-0.05,2521.47
2025-05-13 19:37:00+00:00,long,sell - take_profit,101681.3,104731.739,65870201146349.64,2.95,2524.42
2025-05-13 20:00:00+00:00,long,buy,104744.7,,65837266045776.47,-0.05,2524.37
2025-05-14 01:52:00+00:00,long,sell - stop_loss,104744.7,103697.253,65145974752295.81,-1.05,2523.32
2025-05-14 02:00:00+00:00,short,buy,103680.0,,65113401764919.66,-0.05,2523.27
2025-05-14 04:00:00+00:00,short,sell - direction_change,103680.0,103549.1,65163053245856.53,0.08,2523.35
2025-05-14 04:00:00+00:00,long,buy,103549.1,,65130471719233.6,-0.05,2523.3
2025-05-14 06:00:00+00:00,long,sell - direction_change,103549.1,103856.2,65291066712337.6,0.25,2523.55
2025-05-14 06:00:00+00:00,short,buy,103856.2,,65258421178981.43,-0.05,2523.5
2025-05-14 11:00:00+00:00,short,sell - direction_change,103856.2,103663.4,65346938549947.09,0.14,2523.63
2025-05-14 11:00:00+00:00,long,buy,103663.4,,65314265080672.11,-0.05,2523.58
2025-05-14 14:00:00+00:00,long,sell - direction_change,103663.4,103913.7,65439312215498.0,0.19,2523.77
2025-05-14 14:00:00+00:00,short,buy,103913.7,,65406592559390.25,-0.05,2523.72
2025-05-14 18:00:00+00:00,short,sell - direction_change,103913.7,103208.2,65817953434154.89,0.63,2524.35
2025-05-14 18:00:00+00:00,long,buy,103208.2,,65785044457437.81,-0.05,2524.3
2025-05-14 19:00:00+00:00,long,sell - direction_change,103208.2,103474.5,65921891910705.38,0.21,2524.51
2025-05-14 19:00:00+00:00,short,buy,103474.5,,65888930964750.03,-0.05,2524.46
2025-05-15 00:00:00+00:00,short,sell - direction_change,103474.5,103458.1,65866429443836.81,-0.03,2524.43
2025-05-15 00:00:00+00:00,long,buy,103458.1,,65833496229114.89,-0.05,2524.38
2025-05-15 01:00:00+00:00,long,sell - direction_change,103458.1,103746.0,65983778897617.9,0.23,2524.6
2025-05-15 01:00:00+00:00,short,buy,103746.0,,65950787008169.09,-0.05,2524.55
2025-05-15 11:00:00+00:00,short,sell - direction_change,103746.0,101762.9,67178457863348.33,1.86,2526.42
2025-05-15 11:00:00+00:00,long,buy,101762.9,,67144868634416.66,-0.05,2526.37
2025-05-15 12:00:00+00:00,long,sell - direction_change,101762.9,102335.3,67488975322906.88,0.51,2526.88
2025-05-15 12:00:00+00:00,short,buy,102335.3,,67455230835245.43,-0.05,2526.83
2025-05-15 15:00:00+00:00,short,sell - direction_change,102335.3,101931.9,67687407947902.47,0.34,2527.17
2025-05-15 15:00:00+00:00,long,buy,101931.9,,67653564243928.52,-0.05,2527.12
2025-05-16 08:00:00+00:00,long,sell - direction_change,101931.9,103646.5,68757740395653.95,1.63,2528.75
2025-05-16 08:00:00+00:00,short,buy,103646.5,,68723361525456.12,-0.05,2528.7
2025-05-16 09:00:00+00:00,short,sell - direction_change,103646.5,103357.9,68880357605314.8,0.23,2528.93
2025-05-16 09:00:00+00:00,long,buy,103357.9,,68845917426512.15,-0.05,2528.88
2025-05-16 11:00:00+00:00,long,sell - direction_change,103357.9,103749.8,69072536101185.9,0.33,2529.21
2025-05-16 11:00:00+00:00,short,buy,103749.8,,69037999833135.3,-0.05,2529.16
2025-05-16 13:00:00+00:00,short,sell - direction_change,103749.8,103454.2,69200181287105.64,0.23,2529.4
2025-05-16 13:00:00+00:00,long,buy,103454.2,,69165581196462.09,-0.05,2529.35
2025-05-16 14:00:00+00:00,long,sell - direction_change,103454.2,103953.7,69464945290646.04,0.43,2529.78
2025-05-16 14:00:00+00:00,short,buy,103953.7,,69430212818000.72,-0.05,2529.73
2025-05-16 15:00:00+00:00,short,sell - direction_change,103953.7,103540.0,69671806097371.22,0.35,2530.08
2025-05-16 15:00:00+00:00,long,buy,103540.0,,69636970194322.53,-0.05,2530.03
2025-05-16 20:00:00+00:00,long,sell - direction_change,103540.0,103974.3,69894244969370.19,0.37,2530.4
2025-05-16 20:00:00+00:00,short,buy,103974.3,,69859297846885.5,-0.05,2530.35
2025-05-17 19:00:00+00:00,short,sell - direction_change,103974.3,102950.3,70512383611340.28,0.93,2531.28
2025-05-17 19:00:00+00:00,long,buy,102950.3,,70477127419534.61,-0.05,2531.23
2025-05-17 22:00:00+00:00,long,sell - direction_change,102950.3,103202.0,70614196201908.31,0.19,2531.43
2025-05-17 22:00:00+00:00,short,buy,103202.0,,70578889103807.36,-0.05,2531.38
2025-05-17 23:00:00+00:00,short,sell - direction_change,103202.0,102981.3,70694534339060.2,0.16,2531.54
2025-05-17 23:00:00+00:00,long,buy,102981.3,,70659187071890.67,-0.05,2531.49
2025-05-18 23:50:00+00:00,long,sell - take_profit,102981.3,106070.739,72743633090511.45,2.95,2534.44
2025-05-19 00:00:00+00:00,long,buy,106407.5,,72707261273966.2,-0.05,2534.39
2025-05-19 00:45:00+00:00,long,sell - stop_loss,106407.5,105343.425,71943835030589.56,-1.05,2533.34
2025-05-19 01:00:00+00:00,long,buy,105225.2,,71907863113074.27,-0.05,2533.29
2025-05-19 03:00:00+00:00,long,sell - direction_change,105225.2,104610.4,71451772614973.61,-0.63,2532.66
2025-05-19 03:00:00+00:00,short,buy,104610.4,,71416046728666.12,-0.05,2532.61
2025-05-19 05:00:00+00:00,short,sell - direction_change,104610.4,102960.1,72506975272185.36,1.53,2534.13
2025-05-19 05:00:00+00:00,long,buy,102960.1,,72470721784549.27,-0.05,2534.08
2025-05-19 06:00:00+00:00,long,sell - direction_change,102960.1,102990.7,72456024903967.39,-0.02,2534.06
2025-05-19 06:00:00+00:00,short,buy,102990.7,,72419796891515.4,-0.05,2534.01
2025-05-19 07:00:00+00:00,short,sell - direction_change,102990.7,102166.4,72963208634418.6,0.75,2534.76
2025-05-19 07:00:00+00:00,long,buy,102166.4,,72926727030101.39,-0.05,2534.71
2025-05-19 08:00:00+00:00,long,sell - direction_change,102166.4,103167.1,73604566761723.52,0.93,2535.64
2025-05-19 08:00:00+00:00,short,buy,103167.1,,73567764478342.66,-0.05,2535.59
2025-05-19 14:00:00+00:00,short,sell - direction_change,103167.1,103239.8,73479138715527.45,-0.12,2535.47
2025-05-19 14:00:00+00:00,long,buy,103239.8,,73442399146169.69,-0.05,2535.42
2025-05-20 00:18:00+00:00,long,sell - take_profit,103239.8,106336.994,75608949920981.7,2.95,2538.37
2025-05-20 01:00:00+00:00,long,buy,105674.8,,75571145446021.22,-0.05,2538.32
2025-05-20 10:00:00+00:00,long,sell - direction_change,105674.8,105238.2,75221134422180.88,-0.46,2537.86
2025-05-20 10:00:00+00:00,short,buy,105238.2,,75183523854969.78,-0.05,2537.81
2025-05-20 11:00:00+00:00,short,sell - direction_change,105238.2,104974.5,75334322765255.95,0.2,2538.01
2025-05-20 11:00:00+00:00,long,buy,104974.5,,75296655603873.33,-0.05,2537.96
2025-05-20 12:00:00+00:00,long,sell - direction_change,104974.5,105159.3,75391561581694.14,0.13,2538.09
2025-05-20 12:00:00+00:00,short,buy,105159.3,,75353865800903.3,-0.05,2538.04
2025-05-20 14:00:00+00:00,short,sell - direction_change,105159.3,104395.5,75863504062177.11,0.68,2538.71
2025-05-20 14:00:00+00:00,long,buy,104395.5,,75825572310146.02,-0.05,2538.66
2025-05-21 04:39:00+00:00,long,sell - take_profit,104395.5,107527.365,78062426693295.33,2.95,2541.61
2025-05-21 05:00:00+00:00,long,buy,107247.3,,78023395479948.69,-0.05,2541.56
2025-05-21 09:19:00+00:00,long,sell - stop_loss,107247.3,106174.827,77204149827409.23,-1.05,2540.51
2025-05-21 10:00:00+00:00,long,buy,106154.4,,77165547752495.53,-0.05,2540.46
2025-05-21 15:05:00+00:00,long,sell - take_profit,106154.4,109339.03199999999,79441931411194.14,2.95,2543.41
2025-05-21 16:00:00+00:00,long,buy,108936.6,,79402210445488.55,-0.05,2543.36
2025-05-21 17:00:00+00:00,long,sell - direction_change,108936.6,109101.0,79482337969002.5,0.1,2543.46
2025-05-21 17:00:00+00:00,short,buy,109101.0,,79442596800018.0,-0.05,2543.41
2025-05-21 18:00:00+00:00,short,sell - direction_change,109101.0,106566.9,81248096760368.38,2.27,2545.69
2025-05-21 18:00:00+00:00,long,buy,106566.9,,81207472711988.19,-0.05,2545.64
2025-05-21 23:23:00+00:00,long,sell - take_profit,106566.9,109763.90699999999,83603093156991.84,2.95,2548.59
2025-05-22 00:00:00+00:00,long,buy,109609.6,,83561291610413.34,-0.05,2548.54
2025-05-23 04:00:00+00:00,long,sell - direction_change,109609.6,111044.0,84613031209969.64,1.26,2549.8
2025-05-23 04:00:00+00:00,short,buy,111044.0,,84570724694364.66,-0.05,2549.75
2025-05-23 09:00:00+00:00,short,sell - direction_change,111044.0,110890.1,84645649037453.72,0.09,2549.83
2025-05-23 09:00:00+00:00,long,buy,110890.1,,84603326212934.98,-0.05,2549.78
2025-05-23 10:00:00+00:00,long,sell - direction_change,110890.1,111282.2,84860176270388.7,0.3,2550.09
2025-05-23 10:00:00+00:00,short,buy,111282.2,,84817746182253.52,-0.05,2550.04
2025-05-23 12:13:00+00:00,short,sell - take_profit,111282.2,107943.734,87319869694630.0,2.95,2552.99
2025-05-23 13:00:00+00:00,short,buy,108401.1,,87276209759782.69,-0.05,2552.94
2025-05-23 13:35:00+00:00,short,sell - stop_loss,108401.1,109485.111,86359809557304.97,-1.05,2551.89
2025-05-23 14:00:00+00:00,long,buy,109603.4,,86316629652526.31,-0.05,2551.84
2025-05-23 15:00:00+00:00,long,sell - direction_change,109603.4,109616.5,86283788060068.6,-0.04,2551.8
2025-05-23 15:00:00+00:00,short,buy,109616.5,,86240646166038.56,-0.05,2551.75
2025-05-23 17:00:00+00:00,short,sell - direction_change,109616.5,109027.1,86661235565946.72,0.49,2552.24
2025-05-23 17:00:00+00:00,long,buy,109027.1,,86617904948163.75,-0.05,2552.19
2025-05-23 18:00:00+00:00,long,sell - direction_change,109027.1,109361.1,86839946355854.12,0.26,2552.44
2025-05-23 18:00:00+00:00,short,buy,109361.1,,86796526382676.2,-0.05,2552.39
2025-05-23 21:00:00+00:00,short,sell - direction_change,109361.1,108190.0,87682594008605.89,1.02,2553.41
2025-05-23 21:00:00+00:00,long,buy,108190.0,,87638752711601.6,-0.05,2553.36
2025-05-23 22:00:00+00:00,long,sell - direction_change,108190.0,108242.4,87637379685574.73,-0.0,2553.36
2025-05-23 22:00:00+00:00,short,buy,108242.4,,87593560995731.95,-0.05,2553.31
2025-05-24 00:00:00+00:00,short,sell - direction_change,108242.4,107271.6,88335369754418.88,0.85,2554.16
2025-05-24 00:00:00+00:00,long,buy,107271.6,,88291202069541.67,-0.05,2554.11
2025-05-24 02:00:00+00:00,long,sell - direction_change,107271.6,107437.6,88383684798312.22,0.1,2554.21
2025-05-24 02:00:00+00:00,short,buy,107437.6,,88339492955913.06,-0.05,2554.16
2025-05-24 03:00:00+00:00,short,sell - direction_change,107437.6,107752.6,88036317607289.19,-0.34,2553.82
2025-05-24 03:00:00+00:00,long,buy,107752.6,,87992299448485.55,-0.05,2553.77
2025-05-24 05:00:00+00:00,long,sell - direction_change,107752.6,108438.4,88508337292945.86,0.59,2554.36
2025-05-24 05:00:00+00:00,short,buy,108438.4,,88464083124299.39,-0.05,2554.31
2025-05-24 08:00:00+00:00,short,sell - direction_change,108438.4,107550.7,89144037040750.64,0.77,2555.08
2025-05-24 08:00:00+00:00,long,buy,107550.7,,89099465022230.27,-0.05,2555.03
2025-05-24 20:00:00+00:00,long,sell - direction_change,107550.7,108912.7,90183252635364.3,1.22,2556.24
2025-05-24 20:00:00+00:00,short,buy,108912.7,,90138161009046.6,-0.05,2556.19
2025-05-25 09:00:00+00:00,short,sell - direction_change,108912.7,107065.3,91622034270877.84,1.65,2557.84
2025-05-25 09:00:00+00:00,long,buy,107065.3,,91576223253742.4,-0.05,2557.79
2025-05-25 10:00:00+00:00,long,sell - direction_change,107065.3,107083.9,91546344290574.64,-0.03,2557.76
2025-05-25 10:00:00+00:00,short,buy,107083.9,,91500571118429.36,-0.05,2557.71
2025-05-25 18:00:00+00:00,short,sell - direction_change,107083.9,107323.1,91250430288525.69,-0.27,2557.43
2025-05-25 18:00:00+00:00,long,buy,107323.1,,91204805073381.4,-0.05,2557.38
2025-05-25 20:00:00+00:00,long,sell - direction_change,107323.1,107656.3,91442361105985.44,0.26,2557.64
2025-05-25 20:00:00+00:00,short,buy,107656.3,,91396639925432.44,-0.05,2557.59
2025-05-25 22:00:00+00:00,short,sell - direction_change,107656.3,107406.8,91562758857793.95,0.18,2557.78
2025-05-25 22:00:00+00:00,long,buy,107406.8,,91516977478365.08,-0.05,2557.73
2025-05-26 16:00:00+00:00,long,sell - direction_change,107406.8,109963.2,93649423732953.98,2.33,2560.06
2025-05-26 16:00:00+00:00,short,buy,109963.2,,93602599021087.5,-0.05,2560.01
2025-05-26 17:00:00+00:00,short,sell - direction_change,109963.2,109347.1,94080232816744.19,0.51,2560.52
2025-05-26 17:00:00+00:00,long,buy,109347.1,,94033192700335.8,-0.05,2560.47
2025-05-26 21:00:00+00:00,long,sell - direction_change,109347.1,109547.7,94158682356604.0,0.13,2560.6
2025-05-26 21:00:00+00:00,short,buy,109547.7,,94111603015425.7,-0.05,2560.55
2025-05-27 04:00:00+00:00,short,sell - direction_change,109547.7,108845.0,94668231485143.58,0.59,2561.14
2025-05-27 04:00:00+00:00,long,buy,108845.0,,94620897369401.0,-0.05,2561.09
2025-05-27 05:00:00+00:00,long,sell - direction_change,108845.0,108895.6,94617574402060.34,-0.0,2561.09
2025-05-27 05:00:00+00:00,short,buy,108895.6,,94570265614859.31,-0.05,2561.04
2025-05-27 07:00:00+00:00,short,sell - direction_change,108895.6,108780.7,94622765262329.05,0.06,2561.09
2025-05-27 07:00:00+00:00,long,buy,108780.7,,94575453879697.86,-0.05,2561.04
2025-05-27 11:00:00+00:00,long,sell - direction_change,108780.7,109647.9,95282121896786.81,0.75,2561.79
2025-05-27 11:00:00+00:00,short,buy,109647.9,,95234480835838.42,-0.05,2561.74
2025-05-27 12:00:00+00:00,short,sell - direction_change,109647.9,109541.9,95278929699455.31,0.05,2561.79
2025-05-27 12:00:00+00:00,long,buy,109541.9,,95231290234605.58,-0.05,2561.74
2025-05-27 20:00:00+00:00,long,sell - direction_change,109541.9,109824.8,95429616388994.86,0.21,2561.94
2025-05-27 20:00:00+00:00,short,buy,109824.8,,95381901580800.36,-0.05,2561.89
2025-05-28 11:00:00+00:00,short,sell - direction_change,109824.8,108786.3,96236139017693.44,0.9,2562.79
2025-05-28 11:00:00+00:00,long,buy,108786.3,,96188020948184.6,-0.05,2562.74
2025-05-28 13:00:00+00:00,long,sell - direction_change,108786.3,108833.0,96181218723333.14,-0.01,2562.73
2025-05-28 13:00:00+00:00,short,buy,108833.0,,96133128113971.45,-0.05,2562.68
2025-05-29 00:00:00+00:00,short,sell - direction_change,108833.0,107723.1,97065445798200.36,0.97,2563.65
2025-05-29 00:00:00+00:00,long,buy,107723.1,,97016913075301.27,-0.05,2563.6
2025-05-29 04:00:00+00:00,long,sell - direction_change,107723.1,107996.5,97214632438375.08,0.2,2563.81
2025-05-29 04:00:00+00:00,short,buy,107996.5,,97166025122155.9,-0.05,2563.76
2025-05-29 05:00:00+00:00,short,sell - direction_change,107996.5,107516.2,97549575020070.36,0.39,2564.15
2025-05-29 05:00:00+00:00,long,buy,107516.2,,97500800232560.31,-0.05,2564.1
2025-05-29 13:00:00+00:00,long,sell - direction_change,107516.2,108388.9,98243455670475.48,0.76,2564.86
2025-05-29 13:00:00+00:00,short,buy,108388.9,,98194333942640.23,-0.05,2564.81
2025-05-29 14:00:00+00:00,short,sell - direction_change,108388.9,107569.1,98887930123107.42,0.71,2565.52
2025-05-29 14:00:00+00:00,long,buy,107569.1,,98838486158045.88,-0.05,2565.47
2025-05-29 14:34:00+00:00,long,sell - stop_loss,107569.1,106493.409,97800682053386.4,-1.05,2564.42
2025-05-29 15:00:00+00:00,short,buy,107571.1,,97751781712359.7,-0.05,2564.37
2025-05-29 20:00:00+00:00,short,sell - direction_change,107571.1,105699.1,99404025688879.95,1.69,2566.06
2025-05-29 20:00:00+00:00,long,buy,105699.1,,99354323676035.52,-0.05,2566.01
2025-05-29 21:00:00+00:00,long,sell - direction_change,105699.1,106134.1,99713534866123.62,0.36,2566.37
2025-05-29 21:00:00+00:00,short,buy,106134.1,,99663678098690.56,-0.05,2566.32
2025-05-30 01:00:00+00:00,short,sell - direction_change,106134.1,104900.5,100772240341303.42,1.11,2567.43
2025-05-30 01:00:00+00:00,long,buy,104900.5,,100721854221132.77,-0.05,2567.38
2025-05-30 06:00:00+00:00,long,sell - direction_change,104900.5,106028.0,101754080037024.64,1.02,2568.41
2025-05-30 06:00:00+00:00,short,buy,106028.0,,101703202997006.12,-0.05,2568.36
2025-05-30 09:00:00+00:00,short,sell - direction_change,106028.0,105129.6,102514106380723.88,0.8,2569.16
2025-05-30 09:00:00+00:00,long,buy,105129.6,,102462849327533.52,-0.05,2569.11
2025-05-30 12:00:00+00:00,long,sell - direction_change,105129.6,105827.4,103091717287446.05,0.61,2569.72
2025-05-30 12:00:00+00:00,short,buy,105827.4,,103040171428802.31,-0.05,2569.67
2025-05-30 18:00:00+00:00,short,sell - direction_change,105827.4,104146.0,104625767479744.3,1.54,2571.21
2025-05-30 18:00:00+00:00,long,buy,104146.0,,104573454596004.42,-0.05,2571.16
2025-05-30 19:00:00+00:00,long,sell - direction_change,104146.0,104858.8,105236893469651.56,0.63,2571.79
2025-05-30 19:00:00+00:00,short,buy,104858.8,,105184275022916.73,-0.05,2571.74
2025-05-30 21:00:00+00:00,short,sell - direction_change,104858.8,104544.9,105446557210971.6,0.25,2571.99
2025-05-30 21:00:00+00:00,long,buy,104544.9,,105393833932366.12,-0.05,2571.94
2025-05-30 22:00:00+00:00,long,sell - direction_change,104544.9,104587.2,105383780503273.0,-0.01,2571.93
2025-05-30 22:00:00+00:00,short,buy,104587.2,,105331088613021.36,-0.05,2571.88
2025-05-31 03:00:00+00:00,short,sell - direction_change,104587.2,103150.1,106725744609455.7,1.32,2573.21
2025-05-31 03:00:00+00:00,long,buy,103150.1,,106672381737150.95,-0.05,2573.16
2025-05-31 04:00:00+00:00,long,sell - direction_change,103150.1,103640.2,107125881063546.81,0.43,2573.58
2025-05-31 04:00:00+00:00,short,buy,103640.2,,107072318123015.05,-0.05,2573.53
2025-05-31 06:00:00+00:00,short,sell - direction_change,103640.2,103485.9,107178191716987.42,0.1,2573.63
2025-05-31 06:00:00+00:00,long,buy,103485.9,,107124602621128.92,-0.05,2573.58
2025-05-31 07:00:00+00:00,long,sell - direction_change,103485.9,103807.4,107403844689715.06,0.26,2573.84
2025-05-31 07:00:00+00:00,short,buy,103807.4,,107350142767370.2,-0.05,2573.79
2025-05-31 11:00:00+00:00,short,sell - direction_change,103807.4,103372.3,107746416804798.44,0.37,2574.16
2025-05-31 11:00:00+00:00,long,buy,103372.3,,107692543596396.05,-0.05,2574.11
2025-06-01 01:00:00+00:00,long,sell - direction_change,103372.3,104408.7,108718411640553.9,0.95,2575.06
2025-06-01 01:00:00+00:00,short,buy,104408.7,,108664052434733.6,-0.05,2575.01
2025-06-01 03:00:00+00:00,short,sell - direction_change,104408.7,104144.0,108885208702877.45,0.2,2575.22
2025-06-01 03:00:00+00:00,long,buy,104144.0,,108830766098526.05,-0.05,2575.17
2025-06-01 06:00:00+00:00,long,sell - direction_change,104144.0,104485.7,109133428154175.77,0.28,2575.44
2025-06-01 06:00:00+00:00,short,buy,104485.7,,109078861440098.66,-0.05,2575.39
2025-06-01 07:00:00+00:00,short,sell - direction_change,104485.7,104206.8,109315482373482.44,0.22,2575.61
2025-06-01 07:00:00+00:00,long,buy,104206.8,,109260824632295.7,-0.05,2575.56
2025-06-01 09:00:00+00:00,long,sell - direction_change,104206.8,104342.7,109348685363240.16,0.08,2575.64
2025-06-01 09:00:00+00:00,short,buy,104342.7,,109294011020558.55,-0.05,2575.59
2025-06-01 14:00:00+00:00,short,sell - direction_change,104342.7,104215.9,109372180978740.08,0.07,2575.66
2025-06-01 14:00:00+00:00,long,buy,104215.9,,109317494888250.7,-0.05,2575.61
2025-06-02 03:00:00+00:00,long,sell - direction_change,104215.9,104986.9,110071578267092.9,0.69,2576.3
2025-06-02 03:00:00+00:00,short,buy,104986.9,,110016542477959.34,-0.05,2576.25
2025-06-02 05:00:00+00:00,short,sell - direction_change,104986.9,104736.4,110224034993873.12,0.19,2576.44
2025-06-02 05:00:00+00:00,long,buy,104736.4,,110168922976376.19,-0.05,2576.39
2025-06-02 09:00:00+00:00,long,sell - direction_change,104736.4,105290.1,110696258119266.42,0.48,2576.87
2025-06-02 09:00:00+00:00,short,buy,105290.1,,110640909990206.78,-0.05,2576.82
2025-06-02 20:00:00+00:00,short,sell - direction_change,105290.1,104366.5,111556126598686.36,0.83,2577.65
2025-06-02 20:00:00+00:00,long,buy,104366.5,,111500348535387.02,-0.05,2577.6
2025-06-03 08:00:00+00:00,long,sell - direction_change,104366.5,105134.4,112264987256409.7,0.69,2578.28
2025-06-03 08:00:00+00:00,short,buy,105134.4,,112208854762781.5,-0.05,2578.23
2025-06-03 10:00:00+00:00,short,sell - direction_change,105134.4,105142.2,112144425476294.55,-0.06,2578.18
2025-06-03 10:00:00+00:00,long,buy,105142.2,,112088353263556.4,-0.05,2578.13
2025-06-03 21:00:00+00:00,long,sell - direction_change,105142.2,105692.1,112618537884302.19,0.47,2578.6
2025-06-03 21:00:00+00:00,short,buy,105692.1,,112562228615360.02,-0.05,2578.55
2025-06-03 22:00:00+00:00,short,sell - direction_change,105692.1,105311.9,112910861012275.6,0.31,2578.86
2025-06-03 22:00:00+00:00,long,buy,105311.9,,112854405581769.45,-0.05,2578.81
2025-06-03 23:00:00+00:00,long,sell - direction_change,105311.9,105686.6,113199514632445.58,0.31,2579.11
2025-06-03 23:00:00+00:00,short,buy,105686.6,,113142914875129.36,-0.05,2579.06
2025-06-04 09:00:00+00:00,short,sell - direction_change,105686.6,105391.7,113402048962166.45,0.23,2579.29
2025-06-04 09:00:00+00:00,long,buy,105391.7,,113345347937685.4,-0.05,2579.24
2025-06-04 11:00:00+00:00,long,sell - direction_change,105391.7,105650.3,113566791158769.81,0.2,2579.44
2025-06-04 11:00:00+00:00,short,buy,105650.3,,113510007763190.44,-0.05,2579.39
2025-06-04 16:00:00+00:00,short,sell - direction_change,105650.3,105254.7,113878282873479.06,0.32,2579.71
2025-06-04 16:00:00+00:00,long,buy,105254.7,,113821343732042.31,-0.05,2579.66
2025-06-04 17:00:00+00:00,long,sell - direction_change,105254.7,105408.8,113931075206029.23,0.1,2579.76
2025-06-04 17:00:00+00:00,short,buy,105408.8,,113874109668426.23,-0.05,2579.71
2025-06-05 04:00:00+00:00,short,sell - direction_change,105408.8,104991.5,114267985695276.23,0.35,2580.06
2025-06-05 04:00:00+00:00,long,buy,104991.5,,114210851702428.6,-0.05,2580.01
2025-06-05 05:00:00+00:00,long,sell - direction_change,104991.5,105134.6,114309411953118.98,0.09,2580.09
2025-06-05 05:00:00+00:00,short,buy,105134.6,,114252257247142.42,-0.05,2580.04
2025-06-05 09:00:00+00:00,short,sell - direction_change,105134.6,104629.9,114743600549444.86,0.43,2580.47
2025-06-05 09:00:00+00:00,long,buy,104629.9,,114686228749170.14,-0.05,2580.42
2025-06-05 10:00:00+00:00,long,sell - direction_change,104629.9,104854.9,114875511135427.44,0.17,2580.59
2025-06-05 10:00:00+00:00,short,buy,104854.9,,114818073379859.72,-0.05,2580.54
2025-06-05 12:00:00+00:00,short,sell - direction_change,104854.9,104772.7,114850674878031.05,0.03,2580.57
2025-06-05 12:00:00+00:00,long,buy,104772.7,,114793249540592.05,-0.05,2580.52
2025-06-05 13:00:00+00:00,long,sell - direction_change,104772.7,105600.7,115643043535321.0,0.74,2581.26
2025-06-05 13:00:00+00:00,short,buy,105600.7,,115585222013553.34,-0.05,2581.21
2025-06-05 19:15:00+00:00,short,sell - take_profit,105600.7,102432.67899999999,118994986062953.19,2.95,2584.16
2025-06-05 20:00:00+00:00,short,buy,101873.0,,118935488569921.69,-0.05,2584.11
2025-06-05 23:00:00+00:00,short,sell - direction_change,101873.0,101448.4,119371736161857.22,0.37,2584.47
2025-06-05 23:00:00+00:00,long,buy,101448.4,,119312050293776.3,-0.05,2584.42
2025-06-06 01:00:00+00:00,long,sell - direction_change,101448.4,101842.0,119715301746673.72,0.34,2584.76
2025-06-06 01:00:00+00:00,short,buy,101842.0,,119655444095800.38,-0.05,2584.71
2025-06-06 03:00:00+00:00,short,sell - direction_change,101842.0,102148.1,119235975641660.36,-0.35,2584.36
2025-06-06 03:00:00+00:00,long,buy,102148.1,,119176357653839.55,-0.05,2584.31
2025-06-06 15:15:00+00:00,long,sell - take_profit,102148.1,105212.543,122692060204627.8,2.95,2587.26
2025-06-06 16:00:00+00:00,long,buy,105035.4,,122630714174525.48,-0.05,2587.21
2025-06-07 00:15:00+00:00,long,sell - stop_loss,105035.4,103985.04599999999,121343091675692.95,-1.05,2586.16
2025-06-07 01:00:00+00:00,short,buy,104470.5,,121282420129855.1,-0.05,2586.11
2025-06-07 02:00:00+00:00,short,sell - direction_change,104470.5,104386.5,121319296623744.0,0.03,2586.14
2025-06-07 02:00:00+00:00,long,buy,104386.5,,121258636975432.12,-0.05,2586.09
2025-06-07 23:00:00+00:00,long,sell - direction_change,104386.5,105765.0,122799316552928.4,1.27,2587.36
2025-06-07 23:00:00+00:00,short,buy,105765.0,,122737916894651.94,-0.05,2587.31
2025-06-08 00:00:00+00:00,short,sell - direction_change,105765.0,105507.5,122975370926800.48,0.19,2587.5
2025-06-08 00:00:00+00:00,long,buy,105507.5,,122913883241337.08,-0.05,2587.45
2025-06-08 05:00:00+00:00,long,sell - direction_change,105507.5,105565.8,122920344498829.94,0.01,2587.46
2025-06-08 05:00:00+00:00,short,buy,105565.8,,122858884326580.52,-0.05,2587.41
2025-06-08 06:00:00+00:00,short,sell - direction_change,105565.8,105386.4,123006242994280.36,0.12,2587.53
2025-06-08 06:00:00+00:00,long,buy,105386.4,,122944739872783.22,-0.05,2587.48
2025-06-08 09:00:00+00:00,long,sell - direction_change,105386.4,105327.0,122813970918577.48,-0.11,2587.37
2025-06-08 09:00:00+00:00,short,buy,105327.0,,122752563933118.2,-0.05,2587.32
2025-06-08 11:00:00+00:00,short,sell - direction_change,105327.0,105298.4,122724519307122.94,-0.02,2587.3
2025-06-08 11:00:00+00:00,long,buy,105298.4,,122663157047469.38,-0.05,2587.25
2025-06-08 23:00:00+00:00,long,sell - direction_change,105298.4,105710.2,123081535398746.55,0.34,2587.59
2025-06-08 23:00:00+00:00,short,buy,105710.2,,123019994631047.19,-0.05,2587.54
2025-06-09 08:00:00+00:00,short,sell - direction_change,105710.2,105516.7,123183669799979.62,0.13,2587.67
2025-06-09 08:00:00+00:00,long,buy,105516.7,,123122077965079.64,-0.05,2587.62
2025-06-09 19:24:00+00:00,long,sell - take_profit,105516.7,108682.201,126754179265049.5,2.95,2590.57
2025-06-09 20:00:00+00:00,long,buy,108515.1,,126690802175416.95,-0.05,2590.52
2025-06-10 07:00:00+00:00,long,sell - direction_change,108515.1,109460.1,127730739248895.19,0.82,2591.35
2025-06-10 07:00:00+00:00,short,buy,109460.1,,127666873879270.73,-0.05,2591.3
2025-06-10 08:00:00+00:00,short,sell - direction_change,109460.1,109178.1,127931946211958.16,0.21,2591.5
2025-06-10 08:00:00+00:00,long,buy,109178.1,,127867980238852.19,-0.05,2591.45
2025-06-10 10:00:00+00:00,long,sell - direction_change,109178.1,109475.4,128152240167888.78,0.22,2591.68
2025-06-10 10:00:00+00:00,short,buy,109475.4,,128088164047804.84,-0.05,2591.63
2025-06-10 11:00:00+00:00,short,sell - direction_change,109475.4,109262.1,128273684757427.23,0.14,2591.77
2025-06-10 11:00:00+00:00,long,buy,109262.1,,128209547915048.52,-0.05,2591.72
2025-06-10 14:00:00+00:00,long,sell - direction_change,109262.1,109266.9,128151075522584.58,-0.05,2591.67
2025-06-10 14:00:00+00:00,short,buy,109266.9,,128086999984823.28,-0.05,2591.62
2025-06-10 15:00:00+00:00,short,sell - direction_change,109266.9,108579.0,128829340186478.48,0.58,2592.2
2025-06-10 15:00:00+00:00,long,buy,108579.0,,128764925516385.23,-0.05,2592.15
2025-06-10 16:00:00+00:00,long,sell - direction_change,108579.0,108975.2,129170400608859.58,0.31,2592.47
2025-06-10 16:00:00+00:00,short,buy,108975.2,,129105815408555.14,-0.05,2592.42
2025-06-10 18:00:00+00:00,short,sell - direction_change,108975.2,108668.0,129405210504557.28,0.23,2592.65
2025-06-10 18:00:00+00:00,long,buy,108668.0,,129340507899305.0,-0.05,2592.6
2025-06-11 05:00:00+00:00,long,sell - direction_change,108668.0,109521.7,130291941664879.38,0.74,2593.34
2025-06-11 05:00:00+00:00,short,buy,109521.7,,130226795694046.94,-0.05,2593.29
2025-06-11 06:00:00+00:00,short,sell - direction_change,109521.7,109423.8,130278090307566.12,0.04,2593.33
2025-06-11 06:00:00+00:00,long,buy,109423.8,,130212951262412.34,-0.05,2593.28
2025-06-11 07:00:00+00:00,long,sell - direction_change,109423.8,109555.6,130304685135739.81,0.07,2593.35
2025-06-11 07:00:00+00:00,short,buy,109555.6,,130239532793171.95,-0.05,2593.3
2025-06-11 08:00:00+00:00,short,sell - direction_change,109555.6,109396.9,130363075348503.12,0.09,2593.39
2025-06-11 08:00:00+00:00,long,buy,109396.9,,130297893810828.88,-0.05,2593.34
2025-06-11 09:00:00+00:00,long,sell - direction_change,109396.9,109522.0,130381746037775.14,0.06,2593.41
2025-06-11 09:00:00+00:00,short,buy,109522.0,,130316555164756.23,-0.05,2593.36
2025-06-11 12:00:00+00:00,short,sell - direction_change,109522.0,109200.1,130634414902801.19,0.24,2593.6
2025-06-11 12:00:00+00:00,long,buy,109200.1,,130569097695349.78,-0.05,2593.55
2025-06-11 13:00:00+00:00,long,sell - direction_change,109200.1,109663.5,131057894322911.52,0.37,2593.92
2025-06-11 13:00:00+00:00,short,buy,109663.5,,130992365375750.06,-0.05,2593.87
2025-06-11 14:00:00+00:00,short,sell - direction_change,109663.5,109631.5,130965092993068.8,-0.02,2593.85
2025-06-11 14:00:00+00:00,long,buy,109631.5,,130899610446572.27,-0.05,2593.8
2025-06-11 16:00:00+00:00,long,sell - direction_change,109631.5,109694.9,130909860009708.55,0.01,2593.81
2025-06-11 16:00:00+00:00,short,buy,109694.9,,130844405079703.69,-0.05,2593.76
2025-06-12 17:00:00+00:00,short,sell - direction_change,109694.9,107686.2,133174966249987.92,1.78,2595.54
2025-06-12 17:00:00+00:00,long,buy,107686.2,,133108378766862.92,-0.05,2595.49
2025-06-12 18:00:00+00:00,long,sell - direction_change,107686.2,108239.8,133726116515400.38,0.46,2595.96
2025-06-12 18:00:00+00:00,short,buy,108239.8,,133659253457142.69,-0.05,2595.91
2025-06-12 22:00:00+00:00,short,sell - direction_change,108239.8,105827.4,136571361181000.6,2.18,2598.08
2025-06-12 22:00:00+00:00,long,buy,105827.4,,136503075500410.1,-0.05,2598.03
2025-06-12 23:00:00+00:00,long,sell - direction_change,105827.4,105830.6,136438951531149.73,-0.05,2597.99
2025-06-12 23:00:00+00:00,short,buy,105830.6,,136370732055384.16,-0.05,2597.94
2025-06-13 01:11:00+00:00,short,sell - take_profit,105830.6,102655.682,140393668651018.0,2.95,2600.89
2025-06-13 02:00:00+00:00,short,buy,103715.0,,140323471816692.48,-0.05,2600.84
2025-06-13 06:00:00+00:00,short,sell - direction_change,103715.0,103950.8,139934279326752.64,-0.28,2600.56
2025-06-13 06:00:00+00:00,long,buy,103950.8,,139864312187089.27,-0.05,2600.51
2025-06-13 07:00:00+00:00,long,sell - direction_change,103950.8,104667.2,140758285967754.56,0.64,2601.15
2025-06-13 07:00:00+00:00,short,buy,104667.2,,140687906824770.69,-0.05,2601.1
2025-06-13 09:00:00+00:00,short,sell - direction_change,104667.2,104679.3,140601298715322.98,-0.06,2601.04
2025-06-13 09:00:00+00:00,long,buy,104679.3,,140530998065965.31,-0.05,2600.99
2025-06-13 13:00:00+00:00,long,sell - direction_change,104679.3,104796.8,140618475236903.88,0.06,2601.05
2025-06-13 13:00:00+00:00,short,buy,104796.8,,140548165999285.42,-0.05,2601.0
2025-06-13 14:00:00+00:00,short,sell - direction_change,104796.8,104685.3,140627430074978.8,0.06,2601.06
2025-06-13 14:00:00+00:00,long,buy,104685.3,,140557116359941.31,-0.05,2601.01
2025-06-14 01:00:00+00:00,long,sell - direction_change,104685.3,105756.2,141924695991114.2,0.97,2601.98
2025-06-14 01:00:00+00:00,short,buy,105756.2,,141853733643118.62,-0.05,2601.93
2025-06-14 02:00:00+00:00,short,sell - direction_change,105756.2,105420.4,142233224659668.06,0.27,2602.2
2025-06-14 02:00:00+00:00,long,buy,105420.4,,142162108047338.22,-0.05,2602.15
2025-06-14 06:00:00+00:00,long,sell - direction_change,105420.4,105237.8,141844786218953.6,-0.22,2601.92
2025-06-14 06:00:00+00:00,short,buy,105237.8,,141773863825844.12,-0.05,2601.87
2025-06-14 21:00:00+00:00,short,sell - direction_change,105237.8,104833.4,142247774965832.88,0.33,2602.21
2025-06-14 21:00:00+00:00,long,buy,104833.4,,142176651078349.97,-0.05,2602.16
2025-06-15 08:00:00+00:00,long,sell - direction_change,104833.4,105374.2,142839003935708.34,0.47,2602.62
2025-06-15 08:00:00+00:00,short,buy,105374.2,,142767584433740.5,-0.05,2602.57
2025-06-15 12:00:00+00:00,short,sell - direction_change,105374.2,104924.6,143305346959705.97,0.38,2602.95
2025-06-15 12:00:00+00:00,long,buy,104924.6,,143233694286226.12,-0.05,2602.9
2025-06-15 20:00:00+00:00,long,sell - direction_change,104924.6,105251.9,143608878171607.9,0.26,2603.16
2025-06-15 20:00:00+00:00,short,buy,105251.9,,143537073732522.1,-0.05,2603.11
2025-06-15 23:00:00+00:00,short,sell - direction_change,105251.9,105210.2,143522173489479.0,-0.01,2603.1
2025-06-15 23:00:00+00:00,long,buy,105210.2,,143450412402734.25,-0.05,2603.05
2025-06-16 19:05:00+00:00,long,sell - take_profit,105210.2,108366.506,147682199568614.9,2.95,2606.0
2025-06-16 20:00:00+00:00,long,buy,108594.2,,147608358468830.6,-0.05,2605.95
2025-06-16 22:44:00+00:00,long,sell - stop_loss,108594.2,107508.258,146058470704907.88,-1.05,2604.9
2025-06-16 23:00:00+00:00,long,buy,107645.5,,145985441469555.4,-0.05,2604.85
2025-06-17 00:02:00+00:00,long,sell - stop_loss,107645.5,106569.045,144452594334125.06,-1.05,2603.8
2025-06-17 01:00:00+00:00,long,buy,107206.5,,144380368036958.0,-0.05,2603.75
2025-06-17 04:00:00+00:00,long,sell - direction_change,107206.5,107553.3,144775230798751.75,0.27,2604.03
2025-06-17 04:00:00+00:00,short,buy,107553.3,,144702843183352.38,-0.05,2603.98
2025-06-17 15:22:00+00:00,short,sell - take_profit,107553.3,104326.701,148971577057261.28,2.95,2606.93
2025-06-17 16:00:00+00:00,short,buy,104199.2,,148897091268732.66,-0.05,2606.88
2025-06-17 18:00:00+00:00,short,sell - direction_change,104199.2,103750.1,149464391255608.97,0.38,2607.26
2025-06-17 18:00:00+00:00,long,buy,103750.1,,149389659059981.16,-0.05,2607.21
2025-06-17 20:00:00+00:00,long,sell - direction_change,103750.1,104630.5,150582651257609.75,0.8,2608.01
2025-06-17 20:00:00+00:00,short,buy,104630.5,,150507359931980.94,-0.05,2607.96
2025-06-18 01:00:00+00:00,short,sell - direction_change,104630.5,104787.3,150206554868457.25,-0.2,2607.76
2025-06-18 01:00:00+00:00,long,buy,104787.3,,150131451591023.03,-0.05,2607.71
2025-06-18 09:00:00+00:00,long,sell - direction_change,104787.3,104905.2,150225304218335.0,0.06,2607.77
2025-06-18 09:00:00+00:00,short,buy,104905.2,,150150191566225.84,-0.05,2607.72
2025-06-18 11:00:00+00:00,short,sell - direction_change,104905.2,104218.9,151057413596532.78,0.6,2608.32
2025-06-18 11:00:00+00:00,long,buy,104218.9,,150981884889734.5,-0.05,2608.27
2025-06-18 12:00:00+00:00,long,sell - direction_change,104218.9,104791.1,151735339892160.56,0.5,2608.77
2025-06-18 12:00:00+00:00,short,buy,104791.1,,151659472222214.47,-0.05,2608.72
2025-06-18 20:00:00+00:00,short,sell - direction_change,104791.1,103773.3,153056658904747.4,0.92,2609.64
2025-06-18 20:00:00+00:00,long,buy,103773.3,,152980130575295.03,-0.05,2609.59
2025-06-19 01:00:00+00:00,long,sell - direction_change,103773.3,104899.9,154564447433427.25,1.04,2610.63
2025-06-19 01:00:00+00:00,short,buy,104899.9,,154487165209710.53,-0.05,2610.58
2025-06-19 02:00:00+00:00,short,sell - direction_change,104899.9,104557.8,154913735827293.1,0.28,2610.85
2025-06-19 02:00:00+00:00,long,buy,104557.8,,154836278959379.44,-0.05,2610.8
2025-06-19 06:00:00+00:00,long,sell - direction_change,104557.8,104842.3,155180167708184.9,0.22,2611.03
2025-06-19 06:00:00+00:00,short,buy,104842.3,,155102577624330.8,-0.05,2610.98
2025-06-19 09:00:00+00:00,short,sell - direction_change,104842.3,104681.0,155263651830865.53,0.1,2611.08
2025-06-19 09:00:00+00:00,long,buy,104681.0,,155186020004950.1,-0.05,2611.03
2025-06-19 13:00:00+00:00,long,sell - direction_change,104681.0,104697.9,155133480669808.22,-0.03,2611.0
2025-06-19 13:00:00+00:00,short,buy,104697.9,,155055913929473.3,-0.05,2610.95
2025-06-19 22:00:00+00:00,short,sell - direction_change,104697.9,104275.6,155603805512465.1,0.35,2611.3
2025-06-19 22:00:00+00:00,long,buy,104275.6,,155526003609708.88,-0.05,2611.25
2025-06-20 02:00:00+00:00,long,sell - direction_change,104275.6,104733.0,156130448085502.62,0.39,2611.64
2025-06-20 02:00:00+00:00,short,buy,104733.0,,156052382861459.88,-0.05,2611.59
2025-06-20 05:00:00+00:00,short,sell - direction_change,104733.0,104219.3,156739770714083.38,0.44,2612.03
2025-06-20 05:00:00+00:00,long,buy,104219.3,,156661400828726.34,-0.05,2611.98
2025-06-20 14:00:00+00:00,long,sell - direction_change,104219.3,105607.6,158669948688909.88,1.28,2613.26
2025-06-20 14:00:00+00:00,short,buy,105607.6,,158590613714565.4,-0.05,2613.21
2025-06-20 15:00:00+00:00,short,sell - direction_change,105607.6,103872.6,161116762663564.44,1.59,2614.8
2025-06-20 15:00:00+00:00,long,buy,103872.6,,161036204282232.66,-0.05,2614.75
2025-06-20 16:00:00+00:00,long,sell - direction_change,103872.6,104168.5,161414427107411.28,0.23,2614.99
2025-06-20 16:00:00+00:00,short,buy,104168.5,,161333719893857.56,-0.05,2614.94
2025-06-21 03:00:00+00:00,short,sell - direction_change,104168.5,103448.8,162367707446786.0,0.64,2615.58
2025-06-21 03:00:00+00:00,long,buy,103448.8,,162286523593062.6,-0.05,2615.53
2025-06-21 04:00:00+00:00,long,sell - direction_change,103448.8,103434.6,162183103913994.72,-0.06,2615.47
2025-06-21 04:00:00+00:00,short,buy,103434.6,,162102012362037.72,-0.05,2615.42
2025-06-21 05:00:00+00:00,short,sell - direction_change,103434.6,103339.4,162170158158250.38,0.04,2615.46
2025-06-21 05:00:00+00:00,long,buy,103339.4,,162089073079171.25,-0.05,2615.41
2025-06-21 06:00:00+00:00,long,sell - direction_change,103339.4,103371.4,162058220921710.06,-0.02,2615.39
2025-06-21 06:00:00+00:00,short,buy,103371.4,,161977191811249.22,-0.05,2615.34
2025-06-21 08:00:00+00:00,short,sell - direction_change,103371.4,103402.1,161848098035491.06,-0.08,2615.26
2025-06-21 08:00:00+00:00,long,buy,103402.1,,161767173986473.3,-0.05,2615.21
2025-06-21 12:00:00+00:00,long,sell - direction_change,103402.1,103827.5,162351806436522.3,0.36,2615.57
2025-06-21 12:00:00+00:00,short,buy,103827.5,,162270630533304.06,-0.05,2615.52
2025-06-21 14:00:00+00:00,short,sell - direction_change,103827.5,103528.5,162656798374999.28,0.24,2615.76
2025-06-21 14:00:00+00:00,long,buy,103528.5,,162575469975811.78,-0.05,2615.71
2025-06-21 16:00:00+00:00,long,sell - direction_change,103528.5,103516.7,162475652168952.7,-0.06,2615.65
2025-06-21 16:00:00+00:00,short,buy,103516.7,,162394414342868.22,-0.05,2615.6
2025-06-22 00:00:00+00:00,short,sell - direction_change,103516.7,102079.8,164567389979008.7,1.34,2616.94
2025-06-22 00:00:00+00:00,long,buy,102079.8,,164485106284019.2,-0.05,2616.89
2025-06-22 01:00:00+00:00,long,sell - direction_change,102079.8,102815.3,165588003157795.1,0.67,2617.56
2025-06-22 01:00:00+00:00,short,buy,102815.3,,165505209156216.2,-0.05,2617.51
2025-06-22 02:00:00+00:00,short,sell - direction_change,102815.3,102360.0,166155368109828.6,0.39,2617.9
2025-06-22 02:00:00+00:00,long,buy,102360.0,,166072290425773.7,-0.05,2617.85
2025-06-22 04:00:00+00:00,long,sell - direction_change,102360.0,102340.0,165956805611075.5,-0.07,2617.78
2025-06-22 04:00:00+00:00,short,buy,102340.0,,165873827208269.97,-0.05,2617.73
2025-06-22 05:00:00+00:00,short,sell - direction_change,102340.0,102508.5,165517783592647.12,-0.21,2617.51
2025-06-22 05:00:00+00:00,long,buy,102508.5,,165435024700850.8,-0.05,2617.46
2025-06-22 06:00:00+00:00,long,sell - direction_change,102508.5,102813.0,165843729509785.06,0.25,2617.71
2025-06-22 06:00:00+00:00,short,buy,102813.0,,165760807645030.16,-0.05,2617.66
2025-06-22 08:00:00+00:00,short,sell - direction_change,102813.0,102399.1,166345239723911.94,0.35,2618.01
2025-06-22 08:00:00+00:00,long,buy,102399.1,,166262067104049.97,-0.05,2617.96
2025-06-22 09:00:00+00:00,long,sell - direction_change,102399.1,102673.1,166623820902361.78,0.22,2618.18
2025-06-22 09:00:00+00:00,short,buy,102673.1,,166540508991910.6,-0.05,2618.13
2025-06-22 11:00:00+00:00,short,sell - direction_change,102673.1,102450.0,166819117238756.25,0.17,2618.3
2025-06-22 11:00:00+00:00,long,buy,102450.0,,166735707680136.88,-0.05,2618.25
2025-06-22 13:00:00+00:00,long,sell - direction_change,102450.0,102709.0,167073858111208.03,0.2,2618.45
2025-06-22 13:00:00+00:00,short,buy,102709.0,,166990321182152.44,-0.05,2618.4
2025-06-22 14:24:00+00:00,short,sell - take_profit,102709.0,99627.73,171916535657025.94,2.95,2621.35
2025-06-22 15:00:00+00:00,short,buy,99584.2,,171830577389197.44,-0.05,2621.3
2025-06-22 20:00:00+00:00,short,sell - direction_change,99584.2,98829.7,173046537002747.88,0.71,2622.01
2025-06-22 20:00:00+00:00,long,buy,98829.7,,172960013734246.5,-0.05,2621.96
2025-06-22 21:00:00+00:00,long,sell - direction_change,98829.7,99493.3,174034887704109.53,0.62,2622.58
2025-06-22 21:00:00+00:00,short,buy,99493.3,,173947870260257.47,-0.05,2622.53
2025-06-22 22:00:00+00:00,short,sell - direction_change,99493.3,99136.0,174485577324189.5,0.31,2622.84
2025-06-22 22:00:00+00:00,long,buy,99136.0,,174398334535527.4,-0.05,2622.79
2025-06-23 07:10:00+00:00,long,sell - take_profit,99136.0,102110.08,179543085404325.47,2.95,2625.74
2025-06-23 08:00:00+00:00,long,buy,101874.4,,179453313861623.3,-0.05,2625.69
2025-06-23 13:31:00+00:00,long,sell - stop_loss,101874.4,100855.65599999999,177569054066076.25,-1.05,2624.64
2025-06-23 14:00:00+00:00,long,buy,102306.1,,177480269539043.22,-0.05,2624.59
2025-06-23 15:52:00+00:00,long,sell - stop_loss,102306.1,101283.039,175616726708883.25,-1.05,2623.54
2025-06-23 16:00:00+00:00,short,buy,101369.6,,175528918345528.8,-0.05,2623.49
2025-06-23 17:00:00+00:00,short,sell - direction_change,101369.6,100643.0,176699315229301.7,0.67,2624.16
2025-06-23 17:00:00+00:00,long,buy,100643.0,,176610965571687.03,-0.05,2624.11
2025-06-23 20:20:00+00:00,long,sell - take_profit,100643.0,103662.29000000001,181820989056051.8,2.95,2627.06
2025-06-23 21:00:00+00:00,long,buy,103687.2,,181730078561523.8,-0.05,2627.01
2025-06-25 09:08:00+00:00,long,sell - take_profit,103687.2,106797.816,187091115879088.75,2.95,2629.96
2025-06-25 10:00:00+00:00,long,buy,106589.7,,186997570321149.2,-0.05,2629.91
2025-06-26 09:00:00+00:00,long,sell - direction_change,106589.7,107700.0,188851946446299.6,0.99,2630.9
2025-06-26 09:00:00+00:00,short,buy,107700.0,,188757520473076.44,-0.05,2630.85
2025-06-26 10:00:00+00:00,short,sell - direction_change,107700.0,107263.3,189428512271712.62,0.36,2631.2
2025-06-26 10:00:00+00:00,long,buy,107263.3,,189333798015576.8,-0.05,2631.15
2025-06-26 11:00:00+00:00,long,sell - direction_change,107263.3,107329.0,189355100236758.47,0.01,2631.17
2025-06-26 11:00:00+00:00,short,buy,107329.0,,189260422686640.12,-0.05,2631.12
2025-06-26 19:00:00+00:00,short,sell - direction_change,107329.0,107331.8,189160855047541.75,-0.05,2631.06
2025-06-26 19:00:00+00:00,long,buy,107331.8,,189066274620017.97,-0.05,2631.01
2025-06-26 21:00:00+00:00,long,sell - direction_change,107331.8,107727.7,189669124160740.6,0.32,2631.33
2025-06-26 21:00:00+00:00,short,buy,107727.7,,189574289598660.2,-0.05,2631.28
2025-06-27 02:00:00+00:00,short,sell - direction_change,107727.7,107069.6,190637596797143.8,0.56,2631.84
2025-06-27 02:00:00+00:00,long,buy,107069.6,,190542277998745.2,-0.05,2631.79
2025-06-27 05:00:00+00:00,long,sell - direction_change,107069.6,107453.3,191129843744053.97,0.31,2632.1
2025-06-27 05:00:00+00:00,short,buy,107453.3,,191034278822181.9,-0.05,2632.05
2025-06-27 15:00:00+00:00,short,sell - direction_change,107453.3,106508.8,192617927202559.9,0.83,2632.88
2025-06-27 15:00:00+00:00,long,buy,106508.8,,192521618238958.62,-0.05,2632.83
2025-06-27 17:00:00+00:00,long,sell - direction_change,106508.8,107418.7,194070061157940.75,0.8,2633.63
2025-06-27 17:00:00+00:00,short,buy,107418.7,,193973026127361.8,-0.05,2633.58
2025-06-27 20:00:00+00:00,short,sell - direction_change,107418.7,106748.2,195086805654274.38,0.57,2634.16
2025-06-27 20:00:00+00:00,long,buy,106748.2,,194989262251447.2,-0.05,2634.11
2025-06-28 00:00:00+00:00,long,sell - direction_change,106748.2,107010.6,195371074835007.84,0.2,2634.3
2025-06-28 00:00:00+00:00,short,buy,107010.6,,195273389297590.38,-0.05,2634.25
2025-06-28 01:00:00+00:00,short,sell - direction_change,107010.6,107006.4,195183416780462.8,-0.05,2634.21
2025-06-28 01:00:00+00:00,long,buy,107006.4,,195085825072072.56,-0.05,2634.16
2025-06-28 13:00:00+00:00,long,sell - direction_change,107006.4,107281.1,195489094037585.88,0.21,2634.36
2025-06-28 13:00:00+00:00,short,buy,107281.1,,195391349490567.1,-0.05,2634.31
2025-06-28 14:00:00+00:00,short,sell - direction_change,107281.1,107066.5,195684505360042.38,0.15,2634.46
2025-06-28 14:00:00+00:00,long,buy,107066.5,,195586663107362.3,-0.05,2634.41
2025-06-28 19:00:00+00:00,long,sell - direction_change,107066.5,107277.8,195874867841633.0,0.15,2634.56
2025-06-28 19:00:00+00:00,short,buy,107277.8,,195776930407712.2,-0.05,2634.51
2025-06-28 21:00:00+00:00,short,sell - direction_change,107277.8,107108.3,195988371456201.8,0.11,2634.62
2025-06-28 21:00:00+00:00,long,buy,107108.3,,195890377270473.72,-0.05,2634.57
2025-06-29 01:00:00+00:00,long,sell - direction_change,107108.3,107421.4,196365060693471.6,0.24,2634.81
2025-06-29 01:00:00+00:00,short,buy,107421.4,,196266878163124.84,-0.05,2634.76
2025-06-29 05:00:00+00:00,short,sell - direction_change,107421.4,107220.2,196536352071242.44,0.14,2634.9
2025-06-29 05:00:00+00:00,long,buy,107220.2,,196438083895206.8,-0.05,2634.85
2025-06-29 19:00:00+00:00,long,sell - direction_change,107220.2,107570.5,196981649337791.9,0.28,2635.13
2025-06-29 19:00:00+00:00,short,buy,107570.5,,196883158513123.0,-0.05,2635.08
2025-06-29 22:00:00+00:00,short,sell - direction_change,107570.5,107499.6,196914483142432.72,0.02,2635.09
2025-06-29 22:00:00+00:00,long,buy,107499.6,,196816025900861.53,-0.05,2635.04
2025-06-30 08:00:00+00:00,long,sell - direction_change,107499.6,107562.6,196832961662508.88,0.01,2635.05
2025-06-30 08:00:00+00:00,short,buy,107562.6,,196734545181677.62,-0.05,2635.0
2025-06-30 16:00:00+00:00,short,sell - direction_change,107562.6,107525.7,196703668883804.8,-0.02,2634.99
2025-06-30 16:00:00+00:00,long,buy,107525.7,,196605317049362.9,-0.05,2634.94
2025-06-30 17:00:00+00:00,long,sell - direction_change,107525.7,107551.8,196554736923916.28,-0.03,2634.91
2025-06-30 17:00:00+00:00,short,buy,107551.8,,196456459555454.3,-0.05,2634.86
2025-06-30 19:00:00+00:00,short,sell - direction_change,107551.8,107191.0,197017276461207.62,0.29,2635.15
2025-06-30 19:00:00+00:00,long,buy,107191.0,,196918767822977.03,-0.05,2635.1
2025-06-30 20:00:00+00:00,long,sell - direction_change,107191.0,107689.6,197736278041331.9,0.42,2635.51
2025-06-30 20:00:00+00:00,short,buy,107689.6,,197637409902311.28,-0.05,2635.46
2025-07-01 07:00:00+00:00,short,sell - direction_change,107689.6,106844.6,199089378008412.0,0.73,2636.19
2025-07-01 07:00:00+00:00,long,buy,106844.6,,198989833319407.8,-0.05,2636.14
2025-07-01 08:00:00+00:00,long,sell - direction_change,106844.6,107134.8,199430813537937.8,0.22,2636.37
2025-07-01 08:00:00+00:00,short,buy,107134.8,,199331098131168.84,-0.05,2636.32
2025-07-02 03:00:00+00:00,short,sell - direction_change,107134.8,105865.9,201592301603360.97,1.13,2637.45
2025-07-02 03:00:00+00:00,long,buy,105865.9,,201491505452559.28,-0.05,2637.4
2025-07-02 16:05:00+00:00,long,sell - take_profit,105865.9,109041.877,207435504863409.8,2.95,2640.35
2025-07-02 17:00:00+00:00,long,buy,109367.0,,207331787110978.1,-0.05,2640.3
2025-07-03 15:00:00+00:00,long,sell - direction_change,109367.0,109669.9,207802341945027.0,0.23,2640.53
2025-07-03 15:00:00+00:00,short,buy,109669.9,,207698440774054.47,-0.05,2640.48
2025-07-03 16:00:00+00:00,short,sell - direction_change,109669.9,109089.9,208693025086012.75,0.48,2640.96
2025-07-03 16:00:00+00:00,long,buy,109089.9,,208588678573469.75,-0.05,2640.91
2025-07-03 23:00:00+00:00,long,sell - direction_change,109089.9,109656.0,209566813046936.9,0.47,2641.38
2025-07-03 23:00:00+00:00,short,buy,109656.0,,209462029640413.47,-0.05,2641.33
2025-07-04 01:00:00+00:00,short,sell - direction_change,109656.0,109422.4,209803515249617.53,0.16,2641.49
2025-07-04 01:00:00+00:00,long,buy,109422.4,,209698613491992.7,-0.05,2641.44
2025-07-04 02:00:00+00:00,long,sell - direction_change,109422.4,109455.0,209656239279924.2,-0.02,2641.42
2025-07-04 02:00:00+00:00,short,buy,109455.0,,209551411160284.2,-0.05,2641.37
2025-07-05 00:00:00+00:00,short,sell - direction_change,109455.0,107935.3,212356098517517.88,1.34,2642.71
2025-07-05 00:00:00+00:00,long,buy,107935.3,,212249920468259.12,-0.05,2642.66
2025-07-05 01:00:00+00:00,long,sell - direction_change,107935.3,108133.1,212532760325546.44,0.13,2642.79
2025-07-05 01:00:00+00:00,short,buy,108133.1,,212426493945383.62,-0.05,2642.74
2025-07-05 03:00:00+00:00,short,sell - direction_change,108133.1,108018.6,212545214909644.6,0.06,2642.8
2025-07-05 03:00:00+00:00,long,buy,108018.6,,212438942302189.8,-0.05,2642.75
2025-07-05 04:00:00+00:00,long,sell - direction_change,108018.6,108093.4,212479831133536.6,0.02,2642.77
2025-07-05 04:00:00+00:00,short,buy,108093.4,,212373591217969.8,-0.05,2642.72
2025-07-05 05:00:00+00:00,short,sell - direction_change,108093.4,108077.8,212298054101462.4,-0.04,2642.68
2025-07-05 05:00:00+00:00,long,buy,108077.8,,212191905074411.7,-0.05,2642.63
2025-07-05 07:00:00+00:00,long,sell - direction_change,108077.8,108228.1,212380896950574.6,0.09,2642.72
2025-07-05 07:00:00+00:00,short,buy,108228.1,,212274706502099.3,-0.05,2642.67
2025-07-05 09:00:00+00:00,short,sell - direction_change,108228.1,107974.5,212665971076526.3,0.18,2642.85
2025-07-05 09:00:00+00:00,long,buy,107974.5,,212559638090988.1,-0.05,2642.8
2025-07-05 15:00:00+00:00,long,sell - direction_change,107974.5,108149.9,212798652397140.25,0.11,2642.92
2025-07-05 15:00:00+00:00,short,buy,108149.9,,212692253070941.7,-0.05,2642.87
2025-07-05 16:00:00+00:00,short,sell - direction_change,108149.9,108012.6,212855927040094.12,0.08,2642.94
2025-07-05 16:00:00+00:00,long,buy,108012.6,,212749499076574.1,-0.05,2642.89
2025-07-05 18:00:00+00:00,long,sell - direction_change,108012.6,108044.9,212706744764097.47,-0.02,2642.87
2025-07-05 18:00:00+00:00,short,buy,108044.9,,212600391391715.4,-0.05,2642.82
2025-07-05 19:00:00+00:00,short,sell - direction_change,108044.9,107942.2,212696174405832.6,0.05,2642.87
2025-07-05 19:00:00+00:00,long,buy,107942.2,,212589826318629.7,-0.05,2642.82
2025-07-05 20:00:00+00:00,long,sell - direction_change,107942.2,108092.2,212778953158480.72,0.09,2642.91
2025-07-05 20:00:00+00:00,short,buy,108092.2,,212672563681901.47,-0.05,2642.86
2025-07-05 22:00:00+00:00,short,sell - direction_change,108092.2,108028.7,212691164331622.62,0.01,2642.87
2025-07-05 22:00:00+00:00,long,buy,108028.7,,212584818749456.84,-0.05,2642.82
2025-07-06 02:00:00+00:00,long,sell - direction_change,108028.7,108155.3,212727656784618.44,0.07,2642.88
2025-07-06 02:00:00+00:00,short,buy,108155.3,,212621292956226.12,-0.05,2642.83
2025-07-06 06:00:00+00:00,short,sell - direction_change,108155.3,107941.8,212934699568598.53,0.15,2642.98
2025-07-06 06:00:00+00:00,long,buy,107941.8,,212828232218814.2,-0.05,2642.93
2025-07-06 07:00:00+00:00,long,sell - direction_change,107941.8,108072.9,212980307225953.53,0.07,2643.0
2025-07-06 07:00:00+00:00,short,buy,108072.9,,212873817072340.53,-0.05,2642.95
2025-07-06 12:00:00+00:00,short,sell - direction_change,108072.9,108017.3,212876896834766.47,0.0,2642.95
2025-07-06 12:00:00+00:00,long,buy,108017.3,,212770458386349.1,-0.05,2642.9
2025-07-07 07:00:00+00:00,long,sell - direction_change,108017.3,108733.1,214074042616797.56,0.61,2643.52
2025-07-07 07:00:00+00:00,short,buy,108733.1,,213967005595489.16,-0.05,2643.47
2025-07-08 00:00:00+00:00,short,sell - direction_change,108733.1,108203.9,214901391642176.62,0.44,2643.9
2025-07-08 00:00:00+00:00,long,buy,108203.9,,214793940946355.56,-0.05,2643.85
2025-07-08 01:00:00+00:00,long,sell - direction_change,108203.9,108240.2,214758602562091.88,-0.02,2643.84
2025-07-08 01:00:00+00:00,short,buy,108240.2,,214651223260810.84,-0.05,2643.79
2025-07-08 03:00:00+00:00,short,sell - direction_change,108240.2,107736.7,215542388883599.97,0.42,2644.2
2025-07-08 03:00:00+00:00,long,buy,107736.7,,215434617689158.16,-0.05,2644.15
2025-07-08 08:00:00+00:00,long,sell - direction_change,107736.7,108440.7,216734646959271.1,0.6,2644.75
2025-07-08 08:00:00+00:00,short,buy,108440.7,,216626279635791.44,-0.05,2644.7
2025-07-08 09:00:00+00:00,short,sell - direction_change,108440.7,108208.1,216982619275264.75,0.16,2644.87
2025-07-08 09:00:00+00:00,long,buy,108208.1,,216874127965627.12,-0.05,2644.82
2025-07-08 20:00:00+00:00,long,sell - direction_change,108208.1,108723.6,217798872456133.12,0.43,2645.25
2025-07-08 20:00:00+00:00,short,buy,108723.6,,217689973019905.1,-0.05,2645.2
2025-07-08 21:00:00+00:00,short,sell - direction_change,108723.6,108578.1,217872452925823.2,0.08,2645.28
2025-07-08 21:00:00+00:00,long,buy,108578.1,,217763516699360.3,-0.05,2645.23
2025-07-09 03:00:00+00:00,long,sell - direction_change,108578.1,108577.5,217653431584992.97,-0.05,2645.18
2025-07-09 03:00:00+00:00,short,buy,108577.5,,217544604869200.47,-0.05,2645.13
2025-07-09 05:00:00+00:00,short,sell - direction_change,108577.5,108500.0,217591110657322.03,0.02,2645.15
2025-07-09 05:00:00+00:00,long,buy,108500.0,,217482315101993.38,-0.05,2645.1
2025-07-09 08:00:00+00:00,long,sell - direction_change,108500.0,108674.7,217723750538436.1,0.11,2645.21
2025-07-09 08:00:00+00:00,short,buy,108674.7,,217614888663166.88,-0.05,2645.16
2025-07-09 09:00:00+00:00,short,sell - direction_change,108674.7,108612.3,217631033659951.6,0.01,2645.17
2025-07-09 09:00:00+00:00,long,buy,108612.3,,217522218143121.62,-0.05,2645.12
2025-07-09 19:53:00+00:00,long,sell - take_profit,108612.3,111870.66900000001,223939123578343.72,2.95,2648.07
2025-07-09 20:00:00+00:00,long,buy,111718.8,,223827154016554.56,-0.05,2648.02
2025-07-09 20:54:00+00:00,long,sell - stop_loss,111718.8,110601.61200000001,221476968899380.75,-1.05,2646.97
2025-07-09 21:00:00+00:00,long,buy,110675.8,,221366230414931.1,-0.05,2646.92
2025-07-10 09:00:00+00:00,long,sell - direction_change,110675.8,111185.2,222274414638142.38,0.41,2647.33
2025-07-10 09:00:00+00:00,short,buy,111185.2,,222163277430823.28,-0.05,2647.28
2025-07-10 10:00:00+00:00,short,sell - direction_change,111185.2,110997.8,222426646691962.62,0.12,2647.4
2025-07-10 10:00:00+00:00,long,buy,110997.8,,222315433368616.7,-0.05,2647.35
2025-07-10 11:00:00+00:00,long,sell - direction_change,110997.8,111036.7,222282187739902.03,-0.01,2647.33
2025-07-10 11:00:00+00:00,short,buy,111036.7,,222171046646032.1,-0.05,2647.28
2025-07-10 12:00:00+00:00,short,sell - direction_change,111036.7,110972.1,222189217932514.6,0.01,2647.29
2025-07-10 12:00:00+00:00,long,buy,110972.1,,222078123323548.38,-0.05,2647.24
2025-07-10 13:00:00+00:00,long,sell - direction_change,110972.1,110808.9,221640487308901.03,-0.2,2647.04
2025-07-10 13:00:00+00:00,short,buy,110808.9,,221529667065246.6,-0.05,2646.99
2025-07-10 14:00:00+00:00,short,sell - direction_change,110808.9,110750.0,221536655385026.9,0.0,2647.0
2025-07-10 14:00:00+00:00,long,buy,110750.0,,221425887057334.44,-0.05,2646.95
2025-07-10 21:17:00+00:00,long,sell - take_profit,110750.0,114072.5,227957950725525.8,2.95,2649.9
2025-07-10 22:00:00+00:00,long,buy,116459.5,,227843971750163.1,-0.05,2649.85
2025-07-11 00:24:00+00:00,long,sell - stop_loss,116459.5,115294.905,225451610046786.38,-1.05,2648.8
2025-07-11 01:00:00+00:00,long,buy,115544.9,,225338884241762.9,-0.05,2648.75
2025-07-11 23:00:00+00:00,long,sell - direction_change,115544.9,117591.5,229217551158833.97,1.72,2650.47
2025-07-11 23:00:00+00:00,short,buy,117591.5,,229102942383254.56,-0.05,2650.42
2025-07-12 01:00:00+00:00,short,sell - direction_change,117591.5,117379.4,229401624301206.62,0.13,2650.55
2025-07-12 01:00:00+00:00,long,buy,117379.4,,229286923489056.03,-0.05,2650.5
2025-07-12 04:00:00+00:00,long,sell - direction_change,117379.4,117730.0,229857136104061.47,0.25,2650.75
2025-07-12 04:00:00+00:00,short,buy,117730.0,,229742207536009.44,-0.05,2650.7
2025-07-12 05:00:00+00:00,short,sell - direction_change,117730.0,117609.7,229862093822597.2,0.05,2650.75
2025-07-12 05:00:00+00:00,long,buy,117609.7,,229747162775685.88,-0.05,2650.7
2025-07-12 12:00:00+00:00,long,sell - direction_change,117609.7,117773.5,229952267778229.9,0.09,2650.79
2025-07-12 12:00:00+00:00,short,buy,117773.5,,229837291644340.8,-0.05,2650.74
2025-07-13 01:00:00+00:00,short,sell - direction_change,117773.5,117272.9,230699303701921.0,0.38,2651.11
2025-07-13 01:00:00+00:00,long,buy,117272.9,,230583954050070.03,-0.05,2651.06
2025-07-14 03:42:00+00:00,long,sell - take_profit,117272.9,120791.087,237386180694547.1,2.95,2654.01
2025-07-14 04:00:00+00:00,long,buy,120733.2,,237267487604199.8,-0.05,2653.96
2025-07-14 15:00:00+00:00,long,sell - direction_change,120733.2,121160.0,237987610422051.62,0.3,2654.27
2025-07-14 15:00:00+00:00,short,buy,121160.0,,237868616616840.6,-0.05,2654.22
2025-07-14 16:00:00+00:00,short,sell - direction_change,121160.0,119863.1,240295834577353.4,1.02,2655.24
2025-07-14 16:00:00+00:00,long,buy,119863.1,,240175686660064.72,-0.05,2655.19
2025-07-14 17:00:00+00:00,long,sell - direction_change,119863.1,120261.0,240852890941851.1,0.28,2655.47
2025-07-14 17:00:00+00:00,short,buy,120261.0,,240732464496380.12,-0.05,2655.42
2025-07-15 04:00:00+00:00,short,sell - direction_change,120261.0,117209.2,246721039110707.75,2.49,2657.91
2025-07-15 04:00:00+00:00,long,buy,117209.2,,246597678591152.4,-0.05,2657.86
2025-07-15 05:00:00+00:00,long,sell - direction_change,117209.2,117481.7,247047695391039.53,0.18,2658.04
2025-07-15 05:00:00+00:00,short,buy,117481.7,,246924171543343.97,-0.05,2657.99
2025-07-15 13:00:00+00:00,short,sell - direction_change,117481.7,117193.0,247407501905456.2,0.2,2658.18
2025-07-15 13:00:00+00:00,long,buy,117193.0,,247283798154503.47,-0.05,2658.13
2025-07-15 14:00:00+00:00,long,sell - direction_change,117193.0,118067.8,249006033284135.8,0.7,2658.83
2025-07-15 14:00:00+00:00,short,buy,118067.8,,248881530267493.72,-0.05,2658.78
2025-07-15 16:00:00+00:00,short,sell - direction_change,118067.8,116393.1,252287280619150.25,1.37,2660.15
2025-07-15 16:00:00+00:00,long,buy,116393.1,,252161136978840.7,-0.05,2660.1
2025-07-15 18:00:00+00:00,long,sell - direction_change,116393.1,117415.6,254250263003876.7,0.83,2660.93
2025-07-15 18:00:00+00:00,short,buy,117415.6,,254123137872374.75,-0.05,2660.88
2025-07-15 21:00:00+00:00,short,sell - direction_change,117415.6,116410.0,256172501134929.97,0.81,2661.68
2025-07-15 21:00:00+00:00,long,buy,116410.0,,256044414884362.47,-0.05,2661.63
2025-07-16 20:44:00+00:00,long,sell - take_profit,116410.0,119902.3,263597725123451.2,2.95,2664.58
2025-07-16 21:00:00+00:00,long,buy,119886.2,,263465926260889.47,-0.05,2664.53
2025-07-16 22:48:00+00:00,long,sell - stop_loss,119886.2,118687.33799999999,260699534035150.12,-1.05,2663.48
2025-07-16 23:00:00+00:00,short,buy,118624.8,,260569184268132.56,-0.05,2663.43
2025-07-17 00:00:00+00:00,short,sell - direction_change,118624.8,118590.7,260513803146297.62,-0.02,2663.41
2025-07-17 00:00:00+00:00,long,buy,118590.7,,260383546244724.47,-0.05,2663.36
2025-07-17 01:00:00+00:00,long,sell - direction_change,118590.7,118861.2,260847277513284.16,0.18,2663.54
2025-07-17 01:00:00+00:00,short,buy,118861.2,,260716853874527.53,-0.05,2663.49
2025-07-17 09:00:00+00:00,short,sell - direction_change,118861.2,118313.6,261787632144693.16,0.41,2663.9
2025-07-17 09:00:00+00:00,long,buy,118313.6,,261656738328620.8,-0.05,2663.85
2025-07-17 10:00:00+00:00,long,sell - direction_change,118313.6,118758.6,262510050823704.03,0.33,2664.18
2025-07-17 10:00:00+00:00,short,buy,118758.6,,262378795798292.2,-0.05,2664.13
2025-07-17 13:00:00+00:00,short,sell - direction_change,118758.6,117853.3,264247727013436.6,0.71,2664.84
2025-07-17 13:00:00+00:00,long,buy,117853.3,,264115603149929.88,-0.05,2664.79
2025-07-18 08:00:00+00:00,long,sell - direction_change,117853.3,119356.5,267352297641714.3,1.23,2666.02
2025-07-18 08:00:00+00:00,short,buy,119356.5,,267218621492893.47,-0.05,2665.97
2025-07-18 10:00:00+00:00,short,sell - direction_change,119356.5,118885.0,268140619376006.6,0.35,2666.31
2025-07-18 10:00:00+00:00,long,buy,118885.0,,268006549066318.6,-0.05,2666.26
2025-07-18 11:00:00+00:00,long,sell - direction_change,118885.0,119240.2,268673285382384.38,0.25,2666.51
2025-07-18 11:00:00+00:00,short,buy,119240.2,,268538948739693.2,-0.05,2666.46
2025-07-18 12:00:00+00:00,short,sell - direction_change,119240.2,119175.5,268550389101296.9,0.0,2666.46
2025-07-18 12:00:00+00:00,long,buy,119175.5,,268416113906746.28,-0.05,2666.41
2025-07-18 13:00:00+00:00,long,sell - direction_change,119175.5,119428.6,268851956895769.62,0.16,2666.58
2025-07-18 13:00:00+00:00,short,buy,119428.6,,268717530917321.75,-0.05,2666.53
2025-07-18 17:00:00+00:00,short,sell - direction_change,119428.6,117543.5,272824697360500.25,1.53,2668.05
2025-07-18 17:00:00+00:00,long,buy,117543.5,,272688285011820.0,-0.05,2668.0
2025-07-18 18:00:00+00:00,long,sell - direction_change,117543.5,117580.0,272636616945855.38,-0.02,2667.99
2025-07-18 18:00:00+00:00,short,buy,117580.0,,272500298637382.44,-0.05,2667.94
2025-07-18 19:00:00+00:00,short,sell - direction_change,117580.0,117297.9,273017835988026.38,0.19,2668.13
2025-07-18 19:00:00+00:00,long,buy,117297.9,,272881327070032.38,-0.05,2668.08
2025-07-18 20:00:00+00:00,long,sell - direction_change,117297.9,117361.7,272893310450466.38,0.0,2668.08
2025-07-18 20:00:00+00:00,short,buy,117361.7,,272756863795241.12,-0.05,2668.03
2025-07-19 03:00:00+00:00,short,sell - direction_change,117361.7,118176.7,270726367912819.84,-0.74,2667.29
2025-07-19 03:00:00+00:00,long,buy,118176.7,,270591004728863.44,-0.05,2667.24
2025-07-19 04:00:00+00:00,long,sell - direction_change,118176.7,118295.3,270727269467738.12,0.05,2667.29
2025-07-19 04:00:00+00:00,short,buy,118295.3,,270591905833004.25,-0.05,2667.24
2025-07-19 09:00:00+00:00,short,sell - direction_change,118295.3,118057.2,271001246334611.62,0.15,2667.39
2025-07-19 09:00:00+00:00,long,buy,118057.2,,270865745711444.3,-0.05,2667.34
2025-07-19 13:00:00+00:00,long,sell - direction_change,118057.2,118218.1,271099475401185.16,0.09,2667.42
2025-07-19 13:00:00+00:00,short,buy,118218.1,,270963925663484.56,-0.05,2667.37
2025-07-19 19:00:00+00:00,short,sell - direction_change,118218.1,117841.1,271692553341859.53,0.27,2667.64
2025-07-19 19:00:00+00:00,long,buy,117841.1,,271556707065188.56,-0.05,2667.59
2025-07-19 20:00:00+00:00,long,sell - direction_change,117841.1,117978.4,271737327114929.9,0.07,2667.66
2025-07-19 20:00:00+00:00,short,buy,117978.4,,271601458451372.47,-0.05,2667.61
2025-07-20 00:00:00+00:00,short,sell - direction_change,117978.4,117814.3,271843437038800.25,0.09,2667.7
2025-07-20 00:00:00+00:00,long,buy,117814.3,,271707515320280.84,-0.05,2667.65
2025-07-20 01:00:00+00:00,long,sell - direction_change,117814.3,117912.5,271798133883930.2,0.03,2667.68
2025-07-20 01:00:00+00:00,short,buy,117912.5,,271662234816988.2,-0.05,2667.63
2025-07-20 04:00:00+00:00,short,sell - direction_change,117912.5,117934.2,271476408402257.3,-0.07,2667.56
2025-07-20 04:00:00+00:00,long,buy,117934.2,,271340670198056.2,-0.05,2667.51
2025-07-20 05:00:00+00:00,long,sell - direction_change,117934.2,117917.9,271167497145982.53,-0.06,2667.45
2025-07-20 05:00:00+00:00,short,buy,117917.9,,271031913397409.53,-0.05,2667.4
2025-07-20 06:00:00+00:00,short,sell - direction_change,117917.9,117822.7,271115212719438.1,0.03,2667.43
2025-07-20 06:00:00+00:00,long,buy,117822.7,,270979655113078.38,-0.05,2667.38
2025-07-20 09:00:00+00:00,long,sell - direction_change,117822.7,118136.4,271565641858448.53,0.22,2667.6
2025-07-20 09:00:00+00:00,short,buy,118136.4,,271429859037519.3,-0.05,2667.55
2025-07-20 12:00:00+00:00,short,sell - direction_change,118136.4,117869.2,271908062073461.03,0.18,2667.72
2025-07-20 12:00:00+00:00,long,buy,117869.2,,271772108042424.3,-0.05,2667.67
2025-07-20 20:00:00+00:00,long,sell - direction_change,117869.2,118131.2,272240317819265.75,0.17,2667.84
2025-07-20 20:00:00+00:00,short,buy,118131.2,,272104197660356.12,-0.05,2667.79
2025-07-21 02:00:00+00:00,short,sell - direction_change,118131.2,117262.8,273968423940550.72,0.69,2668.48
2025-07-21 02:00:00+00:00,long,buy,117262.8,,273831439728580.44,-0.05,2668.43
2025-07-21 15:00:00+00:00,long,sell - direction_change,117262.8,118794.4,277271107828037.28,1.26,2669.69
2025-07-21 15:00:00+00:00,short,buy,118794.4,,277132472274123.25,-0.05,2669.64
2025-07-22 05:00:00+00:00,short,sell - direction_change,118794.4,116500.1,282346220887326.9,1.88,2671.52
2025-07-22 05:00:00+00:00,long,buy,116500.1,,282205047776883.2,-0.05,2671.47
2025-07-22 18:54:00+00:00,long,sell - take_profit,116500.1,119995.103,290530096686301.25,2.95,2674.42
2025-07-22 19:00:00+00:00,long,buy,119768.0,,290384831637958.1,-0.05,2674.37
2025-07-23 03:00:00+00:00,long,sell - direction_change,119768.0,119096.6,288611788911858.25,-0.61,2673.76
2025-07-23 03:00:00+00:00,short,buy,119096.6,,288467483017402.3,-0.05,2673.71
2025-07-23 04:00:00+00:00,short,sell - direction_change,119096.6,118620.7,289475941083787.25,0.35,2674.06
2025-07-23 04:00:00+00:00,long,buy,118620.7,,289331203113245.4,-0.05,2674.01
2025-07-23 05:00:00+00:00,long,sell - direction_change,118620.7,118976.8,290055111389845.2,0.25,2674.26
2025-07-23 05:00:00+00:00,short,buy,118976.8,,289910083834150.25,-0.05,2674.21
2025-07-23 14:00:00+00:00,short,sell - direction_change,118976.8,117336.7,293761551023259.6,1.33,2675.54
2025-07-23 14:00:00+00:00,long,buy,117336.7,,293614670247748.0,-0.05,2675.49
2025-07-23 16:00:00+00:00,long,sell - direction_change,117336.7,118530.9,296456140571786.7,0.97,2676.45
2025-07-23 16:00:00+00:00,short,buy,118530.9,,296307912501500.8,-0.05,2676.4
2025-07-23 19:00:00+00:00,short,sell - direction_change,118530.9,118334.7,296650226536573.8,0.12,2676.52
2025-07-23 19:00:00+00:00,long,buy,118334.7,,296501901423305.5,-0.05,2676.47
2025-07-23 20:00:00+00:00,long,sell - direction_change,118334.7,118344.4,296377954995644.2,-0.04,2676.43
2025-07-23 20:00:00+00:00,short,buy,118344.4,,296229766018146.4,-0.05,2676.38
2025-07-23 22:00:00+00:00,short,sell - direction_change,118344.4,118143.9,296583525901384.25,0.12,2676.5
2025-07-23 22:00:00+00:00,long,buy,118143.9,,296435234138433.56,-0.05,2676.45
2025-07-24 02:00:00+00:00,long,sell - direction_change,118143.9,119060.2,298586107757061.2,0.73,2677.17
2025-07-24 02:00:00+00:00,short,buy,119060.2,,298436814703182.7,-0.05,2677.12
2025-07-24 03:00:00+00:00,short,sell - direction_change,119060.2,118930.2,298613454860753.8,0.06,2677.18
2025-07-24 03:00:00+00:00,long,buy,118930.2,,298464148133323.44,-0.05,2677.13
2025-07-24 04:00:00+00:00,long,sell - direction_change,118930.2,118451.6,297113833901010.94,-0.45,2676.68
2025-07-24 04:00:00+00:00,short,buy,118451.6,,296965276984060.44,-0.05,2676.63
2025-07-24 07:00:00+00:00,short,sell - direction_change,118451.6,117418.3,299407339519357.8,0.82,2677.45
2025-07-24 07:00:00+00:00,long,buy,117418.3,,299257635849598.1,-0.05,2677.4
2025-07-24 13:00:00+00:00,long,sell - direction_change,117418.3,118479.4,301812374897670.44,0.85,2678.25
2025-07-24 13:00:00+00:00,short,buy,118479.4,,301661468710221.6,-0.05,2678.2
2025-07-24 14:00:00+00:00,short,sell - direction_change,118479.4,118171.2,302295348775013.8,0.21,2678.41
2025-07-24 14:00:00+00:00,long,buy,118171.2,,302144201100626.3,-0.05,2678.36
2025-07-24 21:00:00+00:00,long,sell - direction_change,118171.2,118678.0,303288932724822.8,0.38,2678.74
2025-07-24 21:00:00+00:00,short,buy,118678.0,,303137288258460.4,-0.05,2678.69
2025-07-24 23:00:00+00:00,short,sell - direction_change,118678.0,118225.3,304142043873204.75,0.33,2679.02
2025-07-24 23:00:00+00:00,long,buy,118225.3,,303989972851268.1,-0.05,2678.97
2025-07-25 00:00:00+00:00,long,sell - direction_change,118225.3,118294.4,304015653092767.6,0.01,2678.98
2025-07-25 00:00:00+00:00,short,buy,118294.4,,303863645266221.25,-0.05,2678.93
2025-07-25 07:00:00+00:00,short,sell - direction_change,118294.4,115255.3,311518270679844.2,2.52,2681.45
2025-07-25 07:00:00+00:00,long,buy,115255.3,,311362511544504.25,-0.05,2681.4
2025-07-25 08:00:00+00:00,long,sell - direction_change,115255.3,115288.9,311297600781610.8,-0.02,2681.38
2025-07-25 08:00:00+00:00,short,buy,115288.9,,311141951981220.0,-0.05,2681.33
2025-07-25 09:00:00+00:00,short,sell - direction_change,115288.9,115194.6,311240878064979.5,0.03,2681.36
2025-07-25 09:00:00+00:00,long,buy,115194.6,,311085257625947.0,-0.05,2681.31
2025-07-25 12:00:00+00:00,long,sell - direction_change,115194.6,116504.6,314467395474257.0,1.09,2682.4
2025-07-25 12:00:00+00:00,short,buy,116504.6,,314310161776519.9,-0.05,2682.35
2025-07-25 13:00:00+00:00,short,sell - direction_change,116504.6,116079.7,315299316693166.9,0.31,2682.67
2025-07-25 13:00:00+00:00,long,buy,116079.7,,315141667034820.3,-0.05,2682.62
2025-07-25 14:00:00+00:00,long,sell - direction_change,116079.7,116195.5,315298478518302.6,0.05,2682.67
2025-07-25 14:00:00+00:00,short,buy,116195.5,,315140829279043.5,-0.05,2682.62
2025-07-25 15:00:00+00:00,short,sell - direction_change,116195.5,114934.5,318403293080194.4,1.04,2683.65
2025-07-25 15:00:00+00:00,long,buy,114934.5,,318244091433654.25,-0.05,2683.6
2025-07-26 20:00:00+00:00,long,sell - direction_change,114934.5,118209.1,327152065010301.9,2.8,2686.4
2025-07-26 20:00:00+00:00,short,buy,118209.1,,326988488977796.75,-0.05,2686.35
2025-07-26 21:00:00+00:00,short,sell - direction_change,118209.1,117919.2,327626912377166.6,0.2,2686.54
2025-07-26 21:00:00+00:00,long,buy,117919.2,,327463098920978.06,-0.05,2686.49
2025-07-26 23:00:00+00:00,long,sell - direction_change,117919.2,117974.9,327454046970852.5,-0.0,2686.49
2025-07-26 23:00:00+00:00,short,buy,117974.9,,327290319947367.06,-0.05,2686.44
2025-07-27 00:00:00+00:00,short,sell - direction_change,117974.9,117889.3,327364149465375.7,0.02,2686.46
2025-07-27 00:00:00+00:00,long,buy,117889.3,,327200467390643.0,-0.05,2686.41
2025-07-27 08:00:00+00:00,long,sell - direction_change,117889.3,118083.5,327575867140553.2,0.11,2686.53
2025-07-27 08:00:00+00:00,short,buy,118083.5,,327412079206982.94,-0.05,2686.48
2025-07-27 10:00:00+00:00,short,sell - direction_change,118083.5,117913.6,327719457715663.2,0.09,2686.57
2025-07-27 10:00:00+00:00,long,buy,117913.6,,327555597986805.4,-0.05,2686.52
2025-07-27 11:00:00+00:00,long,sell - direction_change,117913.6,118155.9,328064912362015.8,0.16,2686.68
2025-07-27 11:00:00+00:00,short,buy,118155.9,,327900879905834.8,-0.05,2686.63
2025-07-27 12:00:00+00:00,short,sell - direction_change,118155.9,118053.3,328021660319595.8,0.04,2686.67
2025-07-27 12:00:00+00:00,long,buy,118053.3,,327857649489436.0,-0.05,2686.62
2025-07-28 10:00:00+00:00,long,sell - direction_change,118053.3,118920.9,330103219566433.4,0.68,2687.3
2025-07-28 10:00:00+00:00,short,buy,118920.9,,329938167956650.2,-0.05,2687.25
2025-07-28 11:00:00+00:00,short,sell - direction_change,118920.9,118757.3,330227096247125.9,0.09,2687.34
2025-07-28 11:00:00+00:00,long,buy,118757.3,,330061982699002.3,-0.05,2687.29
2025-07-28 13:00:00+00:00,long,sell - direction_change,118757.3,118828.7,330095393618716.0,0.01,2687.3
2025-07-28 13:00:00+00:00,short,buy,118828.7,,329930345921906.6,-0.05,2687.25
2025-07-28 15:00:00+00:00,short,sell - direction_change,118828.7,117968.3,332154299163699.06,0.67,2687.92
2025-07-28 15:00:00+00:00,long,buy,117968.3,,331988222014117.2,-0.05,2687.87
2025-07-28 16:00:00+00:00,long,sell - direction_change,117968.3,118152.9,332341732090114.6,0.11,2687.98
2025-07-28 16:00:00+00:00,short,buy,118152.9,,332175561224069.56,-0.05,2687.93
2025-07-29 02:00:00+00:00,short,sell - direction_change,118152.9,117738.6,333174238210256.56,0.3,2688.23
2025-07-29 02:00:00+00:00,long,buy,117738.6,,333007651091151.44,-0.05,2688.18
2025-07-29 10:00:00+00:00,long,sell - direction_change,117738.6,118749.9,335701472066040.7,0.81,2688.99
2025-07-29 10:00:00+00:00,short,buy,118749.9,,335533621330007.7,-0.05,2688.94
2025-07-29 11:00:00+00:00,short,sell - direction_change,118749.9,118274.3,336709685464080.75,0.35,2689.29
2025-07-29 11:00:00+00:00,long,buy,118274.3,,336541330621348.7,-0.05,2689.24
2025-07-29 14:00:00+00:00,long,sell - direction_change,118274.3,118590.0,337271362445058.5,0.22,2689.46
2025-07-29 14:00:00+00:00,short,buy,118590.0,,337102726763836.0,-0.05,2689.41
2025-07-29 17:00:00+00:00,short,sell - direction_change,118590.0,117711.3,339431959075362.44,0.69,2690.1
2025-07-29 17:00:00+00:00,long,buy,117711.3,,339262243095824.75,-0.05,2690.05
2025-07-29 18:00:00+00:00,long,sell - direction_change,117711.3,117723.5,339127774268515.1,-0.04,2690.01
2025-07-29 18:00:00+00:00,short,buy,117723.5,,338958210381380.9,-0.05,2689.96
2025-07-30 03:00:00+00:00,short,sell - direction_change,117723.5,117979.9,338050485427725.06,-0.27,2689.69
2025-07-30 03:00:00+00:00,long,buy,117979.9,,337881460185011.2,-0.05,2689.64
2025-07-30 04:00:00+00:00,long,sell - direction_change,117979.9,118106.5,338075087933612.3,0.06,2689.7
2025-07-30 04:00:00+00:00,short,buy,118106.5,,337906050389645.5,-0.05,2689.65
2025-07-30 06:00:00+00:00,short,sell - direction_change,118106.5,117948.2,338189998159721.75,0.08,2689.73
2025-07-30 06:00:00+00:00,long,buy,117948.2,,338020903160641.9,-0.05,2689.68
2025-07-30 07:00:00+00:00,long,sell - direction_change,117948.2,118237.3,338680407625811.0,0.2,2689.88
2025-07-30 07:00:00+00:00,short,buy,118237.3,,338511067421998.1,-0.05,2689.83
2025-07-30 08:00:00+00:00,short,sell - direction_change,118237.3,118083.2,338782997161375.5,0.08,2689.91
2025-07-30 08:00:00+00:00,long,buy,118083.2,,338613605662794.8,-0.05,2689.86
2025-07-30 11:00:00+00:00,long,sell - direction_change,118083.2,117983.9,338159547675694.06,-0.13,2689.72
2025-07-30 11:00:00+00:00,short,buy,117983.9,,337990467901856.2,-0.05,2689.67
2025-07-30 14:00:00+00:00,short,sell - direction_change,117983.9,117624.6,338850765436809.6,0.25,2689.93
2025-07-30 14:00:00+00:00,long,buy,117624.6,,338681340054091.25,-0.05,2689.88
2025-07-30 16:00:00+00:00,long,sell - direction_change,117624.6,117949.9,339448649029798.1,0.23,2690.1
2025-07-30 16:00:00+00:00,short,buy,117949.9,,339278924705283.25,-0.05,2690.05
2025-07-30 17:00:00+00:00,short,sell - direction_change,117949.9,117697.0,339836743596502.44,0.16,2690.22
2025-07-30 17:00:00+00:00,long,buy,117697.0,,339666825224704.2,-0.05,2690.17
2025-07-30 18:00:00+00:00,long,sell - direction_change,117697.0,117748.1,339644463495898.44,-0.01,2690.16
2025-07-30 18:00:00+00:00,short,buy,117748.1,,339474641264150.5,-0.05,2690.11
2025-07-30 20:00:00+00:00,short,sell - direction_change,117748.1,116865.2,341850356148455.25,0.7,2690.81
2025-07-30 20:00:00+00:00,long,buy,116865.2,,341679430970381.0,-0.05,2690.76
2025-07-30 21:00:00+00:00,long,sell - direction_change,116865.2,117139.0,342309101827758.3,0.18,2690.94
2025-07-30 21:00:00+00:00,short,buy,117139.0,,342137947276844.44,-0.05,2690.89
2025-07-30 22:00:00+00:00,short,sell - direction_change,117139.0,117280.0,341555047481993.3,-0.17,2690.72
2025-07-30 22:00:00+00:00,long,buy,117280.0,,341384269958252.3,-0.05,2690.67
2025-07-31 14:00:00+00:00,long,sell - direction_change,117280.0,118506.1,344782568728762.75,1.0,2691.67
2025-07-31 14:00:00+00:00,short,buy,118506.1,,344610177444398.4,-0.05,2691.62
2025-07-31 15:00:00+00:00,short,sell - direction_change,118506.1,117871.8,346282386988703.4,0.49,2692.11
2025-07-31 15:00:00+00:00,long,buy,117871.8,,346109245795209.0,-0.05,2692.06
2025-07-31 17:00:00+00:00,long,sell - direction_change,117871.8,118492.0,347757296426003.9,0.48,2692.53
2025-07-31 17:00:00+00:00,short,buy,118492.0,,347583417777790.9,-0.05,2692.48
2025-07-31 21:00:00+00:00,short,sell - direction_change,118492.0,116450.1,353399318037646.44,1.67,2694.15
2025-07-31 21:00:00+00:00,long,buy,116450.1,,353222618378627.6,-0.05,2694.1
2025-07-31 22:00:00+00:00,long,sell - direction_change,116450.1,116478.9,353133364756630.5,-0.03,2694.08
2025-07-31 22:00:00+00:00,short,buy,116478.9,,352956798074252.2,-0.05,2694.03
2025-08-01 09:00:00+00:00,short,sell - direction_change,116478.9,114552.3,358618343275797.25,1.6,2695.63
2025-08-01 09:00:00+00:00,long,buy,114552.3,,358439034104159.4,-0.05,2695.58
2025-08-01 10:00:00+00:00,long,sell - direction_change,114552.3,114890.4,359317743912233.1,0.25,2695.83
2025-08-01 10:00:00+00:00,short,buy,114890.4,,359138085040277.0,-0.05,2695.78
2025-08-01 14:00:00+00:00,short,sell - direction_change,114890.4,114304.7,360789366759944.9,0.46,2696.24
2025-08-01 14:00:00+00:00,long,buy,114304.7,,360608972076564.9,-0.05,2696.19
2025-08-01 15:00:00+00:00,long,sell - direction_change,114304.7,115568.7,364416340369552.94,1.06,2697.24
2025-08-01 15:00:00+00:00,short,buy,115568.7,,364234132199368.25,-0.05,2697.19
2025-08-02 00:00:00+00:00,short,sell - direction_change,115568.7,113244.8,371376175566137.6,1.96,2699.15
2025-08-02 00:00:00+00:00,long,buy,113244.8,,371190487478354.5,-0.05,2699.1
2025-08-02 01:00:00+00:00,long,sell - direction_change,113244.8,113762.6,372702121903582.8,0.41,2699.51
2025-08-02 01:00:00+00:00,short,buy,113762.6,,372515770842631.06,-0.05,2699.46
2025-08-02 04:00:00+00:00,short,sell - direction_change,113762.6,113860.0,372010576539792.4,-0.14,2699.33
2025-08-02 04:00:00+00:00,long,buy,113860.0,,371824571251522.56,-0.05,2699.28
2025-08-02 05:00:00+00:00,long,sell - direction_change,113860.0,113969.6,371996571955613.75,0.05,2699.32
2025-08-02 05:00:00+00:00,short,buy,113969.6,,371810573669635.94,-0.05,2699.27
2025-08-02 07:00:00+00:00,short,sell - direction_change,113969.6,113655.0,372651008797056.06,0.23,2699.5
2025-08-02 07:00:00+00:00,long,buy,113655.0,,372464683292657.6,-0.05,2699.45
2025-08-02 08:00:00+00:00,long,sell - direction_change,113655.0,113920.0,373146896167434.2,0.18,2699.63
2025-08-02 08:00:00+00:00,short,buy,113920.0,,372960322719350.5,-0.05,2699.58
2025-08-02 09:00:00+00:00,short,sell - direction_change,113920.0,113633.8,373710826795721.5,0.2,2699.78
2025-08-02 09:00:00+00:00,long,buy,113633.8,,373523971382323.6,-0.05,2699.73
2025-08-02 10:00:00+00:00,long,sell - direction_change,113633.8,113634.4,373339181647695.25,-0.05,2699.68
2025-08-02 10:00:00+00:00,short,buy,113634.4,,373152512056871.44,-0.05,2699.63
2025-08-02 11:00:00+00:00,short,sell - direction_change,113634.4,113504.1,373393814791016.8,0.06,2699.7
2025-08-02 11:00:00+00:00,long,buy,113504.1,,373207117883621.25,-0.05,2699.65
2025-08-02 12:00:00+00:00,long,sell - direction_change,113504.1,113732.6,373771833672935.7,0.15,2699.8
2025-08-02 12:00:00+00:00,short,buy,113732.6,,373584947756099.25,-0.05,2699.75
2025-08-02 20:00:00+00:00,short,sell - direction_change,113732.6,112175.5,378512864012620.6,1.32,2701.07
2025-08-02 20:00:00+00:00,long,buy,112175.5,,378323607580614.3,-0.05,2701.02
2025-08-02 21:00:00+00:00,long,sell - direction_change,112175.5,112750.2,380072681641844.25,0.46,2701.48
2025-08-02 21:00:00+00:00,short,buy,112750.2,,379882645301023.25,-0.05,2701.43
2025-08-03 01:00:00+00:00,short,sell - direction_change,112750.2,112902.3,379180242356572.75,-0.18,2701.25
2025-08-03 01:00:00+00:00,long,buy,112902.3,,378990652235394.4,-0.05,2701.2
2025-08-04 10:00:00+00:00,long,sell - direction_change,112902.3,114272.9,383401989557981.2,1.16,2702.36
2025-08-04 10:00:00+00:00,short,buy,114272.9,,383210288563202.2,-0.05,2702.31
2025-08-04 11:00:00+00:00,short,sell - direction_change,114272.9,114201.7,383257450200420.8,0.01,2702.32
2025-08-04 11:00:00+00:00,long,buy,114201.7,,383065821475320.6,-0.05,2702.27
2025-08-04 12:00:00+00:00,long,sell - direction_change,114201.7,114450.1,383707494638174.4,0.17,2702.44
2025-08-04 12:00:00+00:00,short,buy,114450.1,,383515640890855.4,-0.05,2702.39
2025-08-04 13:00:00+00:00,short,sell - direction_change,114450.1,114395.2,383507849783282.3,-0.0,2702.39
2025-08-04 13:00:00+00:00,long,buy,114395.2,,383316095858390.75,-0.05,2702.34
2025-08-05 01:00:00+00:00,long,sell - direction_change,114395.2,114837.5,384606499201133.2,0.34,2702.67
2025-08-05 01:00:00+00:00,short,buy,114837.5,,384414195951532.6,-0.05,2702.62
2025-08-05 02:00:00+00:00,short,sell - direction_change,114837.5,114668.2,384788714212212.3,0.1,2702.72
2025-08-05 02:00:00+00:00,long,buy,114668.2,,384596319855106.2,-0.05,2702.67
2025-08-05 03:00:00+00:00,long,sell - direction_change,114668.2,114683.1,384453996188245.1,-0.04,2702.64
2025-08-05 03:00:00+00:00,short,buy,114683.1,,384261769190151.06,-0.05,2702.59
2025-08-05 09:00:00+00:00,short,sell - direction_change,114683.1,114239.8,385554976967329.06,0.34,2702.92
2025-08-05 09:00:00+00:00,long,buy,114239.8,,385362199478845.4,-0.05,2702.87
2025-08-05 12:00:00+00:00,long,sell - direction_change,114239.8,114782.1,386998845117925.25,0.42,2703.3
2025-08-05 12:00:00+00:00,short,buy,114782.1,,386805345695366.4,-0.05,2703.25
2025-08-05 13:00:00+00:00,short,sell - direction_change,114782.1,113897.0,389594650356458.2,0.72,2703.97
2025-08-05 13:00:00+00:00,long,buy,113897.0,,389399853031279.8,-0.05,2703.92
2025-08-05 14:00:00+00:00,long,sell - direction_change,113897.0,114322.6,390660227228315.5,0.32,2704.24
2025-08-05 14:00:00+00:00,short,buy,114322.6,,390464897114701.25,-0.05,2704.19
2025-08-06 05:00:00+00:00,short,sell - direction_change,114322.6,113385.8,393469272754282.75,0.77,2704.96
2025-08-06 05:00:00+00:00,long,buy,113385.8,,393272538117905.6,-0.05,2704.91
2025-08-06 08:00:00+00:00,long,sell - direction_change,113385.8,114179.2,395827767000768.2,0.65,2705.56
2025-08-06 08:00:00+00:00,short,buy,114179.2,,395629853117267.8,-0.05,2705.51
2025-08-06 09:00:00+00:00,short,sell - direction_change,114179.2,113900.1,396399117063262.4,0.19,2705.7
2025-08-06 09:00:00+00:00,long,buy,113900.1,,396200917504730.75,-0.05,2705.65
2025-08-07 00:00:00+00:00,long,sell - direction_change,113900.1,114941.0,399623582392371.2,0.86,2706.52
2025-08-07 00:00:00+00:00,short,buy,114941.0,,399423770601175.06,-0.05,2706.47
2025-08-07 07:00:00+00:00,short,sell - direction_change,114941.0,114603.1,400398272374065.44,0.24,2706.71
2025-08-07 07:00:00+00:00,long,buy,114603.1,,400198073237878.4,-0.05,2706.66
2025-08-08 05:00:00+00:00,long,sell - direction_change,114603.1,116700.0,407320423068458.56,1.78,2708.44
2025-08-08 05:00:00+00:00,short,buy,116700.0,,407116762856924.3,-0.05,2708.39
2025-08-08 06:00:00+00:00,short,sell - direction_change,116700.0,116484.0,407666736787210.4,0.14,2708.53
2025-08-08 06:00:00+00:00,long,buy,116484.0,,407462903418816.8,-0.05,2708.48
2025-08-08 10:00:00+00:00,long,sell - direction_change,116484.0,116628.9,407766034495054.4,0.07,2708.55
2025-08-08 10:00:00+00:00,short,buy,116628.9,,407562151477806.94,-0.05,2708.5
2025-08-08 11:00:00+00:00,short,sell - direction_change,116628.9,116496.5,407821044995206.25,0.06,2708.57
2025-08-08 11:00:00+00:00,long,buy,116496.5,,407617134472708.6,-0.05,2708.52
2025-08-08 12:00:00+00:00,long,sell - direction_change,116496.5,116840.6,408617319638949.75,0.25,2708.76
2025-08-08 12:00:00+00:00,short,buy,116840.6,,408413010979130.25,-0.05,2708.71
2025-08-08 13:00:00+00:00,short,sell - direction_change,116840.6,116450.4,409572737531876.2,0.28,2708.99
2025-08-08 13:00:00+00:00,long,buy,116450.4,,409367951163110.2,-0.05,2708.94
2025-08-08 14:00:00+00:00,long,sell - direction_change,116450.4,116862.9,410613363364568.75,0.3,2709.25
2025-08-08 14:00:00+00:00,short,buy,116862.9,,410408056682886.4,-0.05,2709.2
2025-08-08 17:00:00+00:00,short,sell - direction_change,116862.9,116151.9,412699796751444.25,0.56,2709.76
2025-08-08 17:00:00+00:00,long,buy,116151.9,,412493446853068.5,-0.05,2709.71
2025-08-08 18:00:00+00:00,long,sell - direction_change,116151.9,116665.9,414112582509805.2,0.39,2710.1
2025-08-08 18:00:00+00:00,short,buy,116665.9,,413905526218550.3,-0.05,2710.05
2025-08-08 20:00:00+00:00,short,sell - direction_change,116665.9,116384.4,414697274923740.9,0.19,2710.24
2025-08-08 20:00:00+00:00,long,buy,116384.4,,414489926286279.06,-0.05,2710.19
2025-08-08 23:00:00+00:00,long,sell - direction_change,116384.4,116833.6,415882456506818.56,0.34,2710.53
2025-08-08 23:00:00+00:00,short,buy,116833.6,,415674515278565.1,-0.05,2710.48
2025-08-09 05:00:00+00:00,short,sell - direction_change,116833.6,116383.9,417066635820058.75,0.33,2710.81
2025-08-09 05:00:00+00:00,long,buy,116383.9,,416858102502148.75,-0.05,2710.76
2025-08-09 06:00:00+00:00,long,sell - direction_change,116383.9,116684.6,417726705853338.25,0.21,2710.97
2025-08-09 06:00:00+00:00,short,buy,116684.6,,417517842500411.6,-0.05,2710.92
2025-08-09 07:00:00+00:00,short,sell - direction_change,116684.6,116601.4,417606787684896.3,0.02,2710.94
2025-08-09 07:00:00+00:00,long,buy,116601.4,,417397984291053.8,-0.05,2710.89
2025-08-09 16:00:00+00:00,long,sell - direction_change,116601.4,116835.5,418027292973966.6,0.15,2711.04
2025-08-09 16:00:00+00:00,short,buy,116835.5,,417818279327479.6,-0.05,2710.99
2025-08-09 20:00:00+00:00,short,sell - direction_change,116835.5,116499.9,418809517527813.6,0.24,2711.23
2025-08-09 20:00:00+00:00,long,buy,116499.9,,418600112769049.7,-0.05,2711.18
2025-08-09 21:00:00+00:00,long,sell - direction_change,116499.9,116732.9,419228013656830.75,0.15,2711.33
2025-08-09 21:00:00+00:00,short,buy,116732.9,,419018399650002.25,-0.05,2711.28
2025-08-10 00:00:00+00:00,short,sell - direction_change,116732.9,116422.1,419924522106815.75,0.22,2711.5
2025-08-10 00:00:00+00:00,long,buy,116422.1,,419714559845762.3,-0.05,2711.45
2025-08-10 01:00:00+00:00,long,sell - direction_change,116422.1,116691.2,420474837858490.0,0.18,2711.63
2025-08-10 01:00:00+00:00,short,buy,116691.2,,420264600439560.75,-0.05,2711.58
2025-08-10 02:00:00+00:00,short,sell - direction_change,116691.2,116535.0,420617024104046.6,0.08,2711.66
2025-08-10 02:00:00+00:00,long,buy,116535.0,,420406715591994.6,-0.05,2711.61
2025-08-11 01:59:00+00:00,long,sell - take_profit,116535.0,120031.05,432808713701958.5,2.95,2714.56
2025-08-11 02:00:00+00:00,long,buy,120050.0,,432592309345107.5,-0.05,2714.51
2025-08-11 12:00:00+00:00,long,sell - direction_change,120050.0,120545.0,434159713258122.0,0.36,2714.87
2025-08-11 12:00:00+00:00,short,buy,120545.0,,433942633401492.94,-0.05,2714.82
2025-08-11 13:00:00+00:00,short,sell - direction_change,120545.0,119632.8,437009435531960.0,0.71,2715.53
2025-08-11 13:00:00+00:00,long,buy,119632.8,,436790930814194.0,-0.05,2715.48
2025-08-11 16:00:00+00:00,long,sell - direction_change,119632.8,120271.2,438903395532881.75,0.48,2715.96
2025-08-11 16:00:00+00:00,short,buy,120271.2,,438683943835115.25,-0.05,2715.91
2025-08-12 06:00:00+00:00,short,sell - direction_change,120271.2,118783.1,443892381554603.75,1.19,2717.1
2025-08-12 06:00:00+00:00,long,buy,118783.1,,443670435363826.4,-0.05,2717.05
2025-08-12 08:00:00+00:00,long,sell - direction_change,118783.1,118931.9,444004387634281.6,0.08,2717.13
2025-08-12 08:00:00+00:00,short,buy,118931.9,,443782385440464.4,-0.05,2717.08
2025-08-12 12:00:00+00:00,short,sell - direction_change,118931.9,118464.2,445305669610035.6,0.34,2717.42
2025-08-12 12:00:00+00:00,long,buy,118464.2,,445083016775230.6,-0.05,2717.37
2025-08-12 13:00:00+00:00,long,sell - direction_change,118464.2,119225.8,447721890154851.5,0.59,2717.96
2025-08-12 13:00:00+00:00,short,buy,119225.8,,447498029209774.06,-0.05,2717.91
2025-08-12 14:00:00+00:00,short,sell - direction_change,119225.8,118806.6,448847691099895.6,0.3,2718.21
2025-08-12 14:00:00+00:00,long,buy,118806.6,,448623267254345.7,-0.05,2718.16
2025-08-13 01:00:00+00:00,long,sell - direction_change,118806.6,119665.3,451641475813967.94,0.67,2718.84
2025-08-13 01:00:00+00:00,short,buy,119665.3,,451415655076060.94,-0.05,2718.79
2025-08-13 02:00:00+00:00,short,sell - direction_change,119665.3,119422.5,452105866241351.06,0.15,2718.94
2025-08-13 02:00:00+00:00,long,buy,119422.5,,451879813308230.3,-0.05,2718.89
2025-08-13 04:00:00+00:00,long,sell - direction_change,119422.5,119436.0,451704955714202.9,-0.04,2718.85
2025-08-13 04:00:00+00:00,short,buy,119436.0,,451479103236345.75,-0.05,2718.8
2025-08-13 06:00:00+00:00,short,sell - direction_change,119436.0,119029.9,452788459165355.6,0.29,2719.09
2025-08-13 06:00:00+00:00,long,buy,119029.9,,452562064935772.9,-0.05,2719.04
2025-08-13 19:50:00+00:00,long,sell - take_profit,119029.9,122600.79699999999,465912645851378.2,2.95,2721.99
2025-08-13 20:00:00+00:00,long,buy,122720.0,,465679689528452.5,-0.05,2721.94
2025-08-14 06:19:00+00:00,long,sell - stop_loss,122720.0,121492.8,460790052788403.75,-1.05,2720.89
2025-08-14 07:00:00+00:00,long,buy,121792.3,,460559657762009.6,-0.05,2720.84
2025-08-14 10:00:00+00:00,long,sell - direction_change,121792.3,121646.1,459776520141915.1,-0.17,2720.67
2025-08-14 10:00:00+00:00,short,buy,121646.1,,459546631881844.2,-0.05,2720.62
2025-08-14 12:00:00+00:00,short,sell - direction_change,121646.1,120947.8,461954850355554.5,0.52,2721.14
2025-08-14 12:00:00+00:00,long,buy,120947.8,,461723872930376.75,-0.05,2721.09
2025-08-14 12:34:00+00:00,long,sell - stop_loss,120947.8,119738.322,456875772264607.8,-1.05,2720.04
2025-08-14 13:00:00+00:00,short,buy,118822.2,,456647334378475.5,-0.05,2719.99
2025-08-14 17:00:00+00:00,short,sell - direction_change,118822.2,117815.2,460289027136828.94,0.8,2720.79
2025-08-14 17:00:00+00:00,long,buy,117815.2,,460058882623260.56,-0.05,2720.74
2025-08-14 19:00:00+00:00,long,sell - direction_change,117815.2,118033.1,460679735160875.4,0.13,2720.88
2025-08-14 19:00:00+00:00,short,buy,118033.1,,460449395293294.94,-0.05,2720.83
2025-08-14 21:00:00+00:00,short,sell - direction_change,118033.1,117811.3,461084416665403.75,0.14,2720.97
2025-08-14 21:00:00+00:00,long,buy,117811.3,,460853874457071.06,-0.05,2720.92
2025-08-14 22:00:00+00:00,long,sell - direction_change,117811.3,117843.6,460749798558706.94,-0.02,2720.89
2025-08-14 22:00:00+00:00,short,buy,117843.6,,460519423659427.6,-0.05,2720.84
2025-08-14 23:00:00+00:00,short,sell - direction_change,117843.6,118230.1,458778765782195.8,-0.38,2720.46
2025-08-14 23:00:00+00:00,long,buy,118230.1,,458549376399304.75,-0.05,2720.41
2025-08-15 00:00:00+00:00,long,sell - direction_change,118230.1,118242.2,458367030940247.44,-0.04,2720.37
2025-08-15 00:00:00+00:00,short,buy,118242.2,,458137847424777.25,-0.05,2720.32
2025-08-15 01:00:00+00:00,short,sell - direction_change,118242.2,118122.9,458371014870125.8,0.05,2720.38
2025-08-15 01:00:00+00:00,long,buy,118122.9,,458141829362690.8,-0.05,2720.33
2025-08-15 07:00:00+00:00,long,sell - direction_change,118122.9,119044.1,461485649506465.7,0.73,2721.06
2025-08-15 07:00:00+00:00,short,buy,119044.1,,461254906681712.4,-0.05,2721.01
2025-08-15 09:00:00+00:00,short,sell - direction_change,119044.1,118823.3,461879803218181.44,0.14,2721.14
2025-08-15 09:00:00+00:00,long,buy,118823.3,,461648863316572.4,-0.05,2721.09
2025-08-15 12:00:00+00:00,long,sell - direction_change,118823.3,118950.1,461910678593359.7,0.06,2721.15
2025-08-15 12:00:00+00:00,short,buy,118950.1,,461679723254063.06,-0.05,2721.1
2025-08-16 00:00:00+00:00,short,sell - direction_change,118950.1,117279.1,467934517431899.06,1.35,2722.45
2025-08-16 00:00:00+00:00,long,buy,117279.1,,467700550173183.1,-0.05,2722.4
2025-08-16 02:00:00+00:00,long,sell - direction_change,117279.1,117778.5,469458270900572.56,0.38,2722.78
2025-08-16 02:00:00+00:00,short,buy,117778.5,,469223541765122.25,-0.05,2722.73
2025-08-16 04:00:00+00:00,short,sell - direction_change,117778.5,117385.0,470556613940669.44,0.28,2723.01
2025-08-16 04:00:00+00:00,long,buy,117385.0,,470321335633699.1,-0.05,2722.96
2025-08-16 05:00:00+00:00,long,sell - direction_change,117385.0,117772.8,471639956232302.6,0.28,2723.24
2025-08-16 05:00:00+00:00,short,buy,117772.8,,471404136254186.5,-0.05,2723.19
2025-08-16 07:00:00+00:00,short,sell - direction_change,117772.8,117347.4,472871164524155.6,0.31,2723.5
2025-08-16 07:00:00+00:00,long,buy,117347.4,,472634728941893.6,-0.05,2723.45
2025-08-16 08:00:00+00:00,long,sell - direction_change,117347.4,117550.0,473214414284628.94,0.12,2723.58
2025-08-16 08:00:00+00:00,short,buy,117550.0,,472977807077486.75,-0.05,2723.53
2025-08-16 12:00:00+00:00,short,sell - direction_change,117550.0,117340.5,473584268838199.2,0.13,2723.65
2025-08-16 12:00:00+00:00,long,buy,117340.5,,473347476703780.06,-0.05,2723.6
2025-08-16 21:00:00+00:00,long,sell - direction_change,117340.5,117606.8,474185047859954.94,0.18,2723.78
2025-08-16 21:00:00+00:00,short,buy,117606.8,,473947955336024.94,-0.05,2723.73
2025-08-17 02:00:00+00:00,short,sell - direction_change,117606.8,117383.8,474609657234581.2,0.14,2723.87
2025-08-17 02:00:00+00:00,long,buy,117383.8,,474372352405963.8,-0.05,2723.82
2025-08-17 16:00:00+00:00,long,sell - direction_change,117383.8,118191.0,477397229332694.2,0.64,2724.46
2025-08-17 16:00:00+00:00,short,buy,118191.0,,477158530718027.75,-0.05,2724.41
2025-08-17 19:00:00+00:00,short,sell - direction_change,118191.0,117501.1,479705203039865.44,0.53,2724.94
2025-08-17 19:00:00+00:00,long,buy,117501.1,,479465350438345.5,-0.05,2724.89
2025-08-17 20:00:00+00:00,long,sell - direction_change,117501.1,117527.0,479331303178636.06,-0.03,2724.86
2025-08-17 20:00:00+00:00,short,buy,117527.0,,479091637527046.75,-0.05,2724.81
2025-08-17 22:00:00+00:00,short,sell - direction_change,117527.0,117648.1,478358434954477.5,-0.15,2724.66
2025-08-17 22:00:00+00:00,long,buy,117648.1,,478119255737000.25,-0.05,2724.61
2025-08-17 23:00:00+00:00,long,sell - direction_change,117648.1,117898.5,478897816127105.2,0.16,2724.77
2025-08-17 23:00:00+00:00,short,buy,117898.5,,478658367219041.6,-0.05,2724.72
2025-08-18 10:00:00+00:00,short,sell - direction_change,117898.5,115000.0,490186713428964.6,2.41,2727.13
2025-08-18 10:00:00+00:00,long,buy,115000.0,,489941620072250.2,-0.05,2727.08
2025-08-18 11:00:00+00:00,long,sell - direction_change,115000.0,115010.7,489742235134690.25,-0.04,2727.04
2025-08-18 11:00:00+00:00,short,buy,115010.7,,489497364017122.9,-0.05,2726.99
2025-08-18 12:00:00+00:00,short,sell - direction_change,115010.7,114900.1,489723340306445.6,0.05,2727.04
2025-08-18 12:00:00+00:00,long,buy,114900.1,,489478478636292.3,-0.05,2726.99
2025-08-18 13:00:00+00:00,long,sell - direction_change,114900.1,115475.0,491682833674246.4,0.45,2727.44
2025-08-18 13:00:00+00:00,short,buy,115475.0,,491436992257409.25,-0.05,2727.39
2025-08-18 14:00:00+00:00,short,sell - direction_change,115475.0,114790.8,494103083158141.5,0.54,2727.93
2025-08-18 14:00:00+00:00,long,buy,114790.8,,493856031616562.4,-0.05,2727.88
2025-08-19 01:00:00+00:00,long,sell - direction_change,114790.8,116519.2,501045072032423.44,1.46,2729.34
2025-08-19 01:00:00+00:00,short,buy,116519.2,,500794549496407.25,-0.05,2729.29
2025-08-19 06:00:00+00:00,short,sell - direction_change,116519.2,114926.0,507391657836679.4,1.32,2730.6
2025-08-19 06:00:00+00:00,long,buy,114926.0,,507137962007761.06,-0.05,2730.55
2025-08-19 07:00:00+00:00,long,sell - direction_change,114926.0,114963.2,507048546762088.5,-0.02,2730.54
2025-08-19 07:00:00+00:00,short,buy,114963.2,,506795022488707.44,-0.05,2730.49
2025-08-20 02:00:00+00:00,short,sell - direction_change,114963.2,112963.0,515359154447605.8,1.69,2732.18
2025-08-20 02:00:00+00:00,long,buy,112963.0,,515101474870382.0,-0.05,2732.13
2025-08-20 06:00:00+00:00,long,sell - direction_change,112963.0,113671.8,518075990609475.7,0.58,2732.7
2025-08-20 06:00:00+00:00,short,buy,113671.8,,517816952614170.94,-0.05,2732.65
2025-08-20 08:00:00+00:00,short,sell - direction_change,113671.8,113436.7,518629011304387.06,0.16,2732.81
2025-08-20 08:00:00+00:00,long,buy,113436.7,,518369696798734.9,-0.05,2732.76
2025-08-20 11:00:00+00:00,long,sell - direction_change,113436.7,113745.6,519522086858113.44,0.22,2732.98
2025-08-20 11:00:00+00:00,short,buy,113745.6,,519262325814684.4,-0.05,2732.93
2025-08-20 12:00:00+00:00,short,sell - direction_change,113745.6,113627.4,519542291848603.1,0.05,2732.99
2025-08-20 12:00:00+00:00,long,buy,113627.4,,519282520702678.8,-0.05,2732.94
2025-08-20 13:00:00+00:00,long,sell - direction_change,113627.4,113611.4,518949758695648.06,-0.06,2732.87
2025-08-20 13:00:00+00:00,short,buy,113611.4,,518690283816300.25,-0.05,2732.82
2025-08-20 16:00:00+00:00,short,sell - direction_change,113611.4,113296.9,519866781329796.6,0.23,2733.05
2025-08-20 16:00:00+00:00,long,buy,113296.9,,519606847939131.75,-0.05,2733.0
2025-08-20 18:00:00+00:00,long,sell - direction_change,113296.9,114150.0,523259566410967.6,0.7,2733.7
2025-08-20 18:00:00+00:00,short,buy,114150.0,,522997936627762.2,-0.05,2733.65
2025-08-20 19:00:00+00:00,short,sell - direction_change,114150.0,113435.3,526010959125132.5,0.58,2734.23
2025-08-20 19:00:00+00:00,long,buy,113435.3,,525747953645569.94,-0.05,2734.18
2025-08-21 06:00:00+00:00,long,sell - direction_change,113435.3,113934.8,527800153572954.75,0.39,2734.57
2025-08-21 06:00:00+00:00,short,buy,113934.8,,527536253496168.25,-0.05,2734.52
2025-08-21 07:00:00+00:00,short,sell - direction_change,113934.8,113750.0,528128138775105.6,0.11,2734.63
2025-08-21 07:00:00+00:00,long,buy,113750.0,,527864074705718.06,-0.05,2734.58
2025-08-21 08:00:00+00:00,long,sell - direction_change,113750.0,113836.8,528002943562294.5,0.03,2734.61
2025-08-21 08:00:00+00:00,short,buy,113836.8,,527738942090513.4,-0.05,2734.56
2025-08-21 17:00:00+00:00,short,sell - direction_change,113836.8,112350.8,534364058149160.6,1.26,2735.81
2025-08-21 17:00:00+00:00,long,buy,112350.8,,534096876120086.06,-0.05,2735.76
2025-08-21 18:00:00+00:00,long,sell - direction_change,112350.8,112376.0,533949624259159.6,-0.03,2735.74
2025-08-21 18:00:00+00:00,short,buy,112376.0,,533682649447030.06,-0.05,2735.69
2025-08-22 01:00:00+00:00,short,sell - direction_change,112376.0,112590.7,532396180578736.06,-0.24,2735.44
2025-08-22 01:00:00+00:00,long,buy,112590.7,,532129982488446.75,-0.05,2735.39
2025-08-22 03:00:00+00:00,long,sell - direction_change,112590.7,113111.8,534326757979362.5,0.41,2735.81
2025-08-22 03:00:00+00:00,short,buy,113111.8,,534059594600372.8,-0.05,2735.76
2025-08-22 05:00:00+00:00,short,sell - direction_change,113111.8,112805.1,535240654902106.8,0.22,2735.98
2025-08-22 05:00:00+00:00,long,buy,112805.1,,534973034574655.75,-0.05,2735.93
2025-08-22 06:00:00+00:00,long,sell - direction_change,112805.1,113197.2,536565064398887.7,0.3,2736.23
2025-08-22 06:00:00+00:00,short,buy,113197.2,,536296781866688.25,-0.05,2736.18
2025-08-22 07:00:00+00:00,short,sell - direction_change,113197.2,112946.9,537214485109021.75,0.17,2736.35
2025-08-22 07:00:00+00:00,long,buy,112946.9,,536945877866467.25,-0.05,2736.3
2025-08-22 08:00:00+00:00,long,sell - direction_change,112946.9,113040.0,537119999290277.7,0.03,2736.33
2025-08-22 08:00:00+00:00,short,buy,113040.0,,536851439290632.56,-0.05,2736.28
2025-08-22 09:00:00+00:00,short,sell - direction_change,113040.0,112936.5,537074557484350.5,0.04,2736.32
2025-08-22 09:00:00+00:00,long,buy,112936.5,,536806020205608.3,-0.05,2736.27
2025-08-22 10:00:00+00:00,long,sell - direction_change,112936.5,113010.0,536886974953937.1,0.02,2736.29
2025-08-22 10:00:00+00:00,short,buy,113010.0,,536618531466460.2,-0.05,2736.24
2025-08-22 14:00:00+00:00,short,sell - direction_change,113010.0,112434.0,539085310017067.8,0.46,2736.7
2025-08-22 14:00:00+00:00,long,buy,112434.0,,538815767362059.25,-0.05,2736.65
2025-08-22 14:39:00+00:00,long,sell - take_profit,112434.0,115807.02,554710832499240.0,2.95,2739.6
2025-08-22 15:00:00+00:00,long,buy,115744.5,,554433477082990.4,-0.05,2739.55
2025-08-23 08:00:00+00:00,long,sell - direction_change,115744.5,115770.0,554278409160726.25,-0.03,2739.52
2025-08-23 08:00:00+00:00,short,buy,115770.0,,554001269956145.8,-0.05,2739.47
2025-08-23 09:00:00+00:00,short,sell - direction_change,115770.0,115713.6,553994163694714.75,-0.0,2739.47
2025-08-23 09:00:00+00:00,long,buy,115713.6,,553717166612867.25,-0.05,2739.42
2025-08-23 10:00:00+00:00,long,sell - direction_change,115713.6,115740.5,553569030943564.8,-0.03,2739.39
2025-08-23 10:00:00+00:00,short,buy,115740.5,,553292246428092.94,-0.05,2739.34
2025-08-23 22:00:00+00:00,short,sell - direction_change,115740.5,114979.3,556654482614710.56,0.61,2739.95
2025-08-23 22:00:00+00:00,long,buy,114979.3,,556376155373403.2,-0.05,2739.9
2025-08-24 02:00:00+00:00,long,sell - direction_change,114979.3,115431.7,558287096753722.6,0.34,2740.24
2025-08-24 02:00:00+00:00,short,buy,115431.7,,558007953205345.75,-0.05,2740.19
2025-08-24 19:37:00+00:00,short,sell - take_profit,115431.7,111968.749,574469187824903.5,2.95,2743.14
2025-08-24 20:00:00+00:00,short,buy,112556.4,,574181953230991.0,-0.05,2743.09
2025-08-24 23:00:00+00:00,short,sell - direction_change,112556.4,113400.6,569588359870525.2,-0.8,2742.29
2025-08-24 23:00:00+00:00,long,buy,113400.6,,569303565690590.0,-0.05,2742.24
2025-08-25 00:00:00+00:00,long,sell - direction_change,113400.6,113446.2,569247838998048.4,-0.01,2742.23
2025-08-25 00:00:00+00:00,short,buy,113446.2,,568963215078549.4,-0.05,2742.18
2025-08-25 02:00:00+00:00,short,sell - direction_change,113446.2,113028.9,570771605243288.8,0.32,2742.5
2025-08-25 02:00:00+00:00,long,buy,113028.9,,570486219440667.1,-0.05,2742.45
2025-08-25 03:00:00+00:00,long,sell - direction_change,113028.9,113366.3,571903921776220.4,0.25,2742.7
2025-08-25 03:00:00+00:00,short,buy,113366.3,,571617969815332.2,-0.05,2742.65
2025-08-25 16:00:00+00:00,short,sell - direction_change,113366.3,112142.2,577504343894094.8,1.03,2743.68
2025-08-25 16:00:00+00:00,long,buy,112142.2,,577215591722147.8,-0.05,2743.63
2025-08-25 19:00:00+00:00,long,sell - direction_change,112142.2,112355.3,578023847039334.1,0.14,2743.77
2025-08-25 19:00:00+00:00,short,buy,112355.3,,577734835115814.5,-0.05,2743.72
2025-08-25 21:00:00+00:00,short,sell - direction_change,112355.3,109501.1,592122362727129.8,2.49,2746.21
2025-08-25 21:00:00+00:00,long,buy,109501.1,,591826301545766.1,-0.05,2746.16
2025-08-25 22:00:00+00:00,long,sell - direction_change,109501.1,109839.8,593360977935496.0,0.26,2746.42
2025-08-25 22:00:00+00:00,short,buy,109839.8,,593064297446528.2,-0.05,2746.37
2025-08-26 01:00:00+00:00,short,sell - direction_change,109839.8,109049.5,597034877166836.0,0.67,2747.04
2025-08-26 01:00:00+00:00,long,buy,109049.5,,596736359728252.6,-0.05,2746.99
2025-08-26 02:00:00+00:00,long,sell - direction_change,109049.5,109850.1,600819003195378.5,0.68,2747.67
2025-08-26 02:00:00+00:00,short,buy,109850.1,,600518593693780.8,-0.05,2747.62
2025-08-26 04:00:00+00:00,short,sell - direction_change,109850.1,109825.1,600355002136356.5,-0.03,2747.59
2025-08-26 04:00:00+00:00,long,buy,109825.1,,600054824635288.4,-0.05,2747.54
2025-08-26 05:00:00+00:00,long,sell - direction_change,109825.1,110041.1,600934963160640.9,0.15,2747.69
2025-08-26 05:00:00+00:00,short,buy,110041.1,,600634495679060.5,-0.05,2747.64
2025-08-26 07:00:00+00:00,short,sell - direction_change,110041.1,109949.3,600835248001620.9,0.03,2747.67
2025-08-26 07:00:00+00:00,long,buy,109949.3,,600534830377620.1,-0.05,2747.62
2025-08-26 08:00:00+00:00,long,sell - direction_change,109949.3,110244.2,601845284644864.5,0.22,2747.84
2025-08-26 08:00:00+00:00,short,buy,110244.2,,601544362002542.1,-0.05,2747.79
2025-08-26 09:00:00+00:00,short,sell - direction_change,110244.2,110047.6,602316332165988.0,0.13,2747.92
2025-08-26 09:00:00+00:00,long,buy,110047.6,,602015173999905.0,-0.05,2747.87
2025-08-26 11:00:00+00:00,long,sell - direction_change,110047.6,110169.0,602378284868224.2,0.06,2747.93
2025-08-26 11:00:00+00:00,short,buy,110169.0,,602077095725790.1,-0.05,2747.88
2025-08-26 12:00:00+00:00,short,sell - direction_change,110169.0,109842.2,603562029591974.6,0.25,2748.13
2025-08-26 12:00:00+00:00,long,buy,109842.2,,603260248577178.6,-0.05,2748.08
2025-08-26 13:00:00+00:00,long,sell - direction_change,109842.2,110172.4,604772097553638.0,0.25,2748.33
2025-08-26 13:00:00+00:00,short,buy,110172.4,,604469711504861.1,-0.05,2748.28
2025-08-26 14:00:00+00:00,short,sell - direction_change,110172.4,110051.2,604832450172735.1,0.06,2748.34
2025-08-26 14:00:00+00:00,long,buy,110051.2,,604530033947648.8,-0.05,2748.29
2025-08-26 15:00:00+00:00,long,sell - direction_change,110051.2,110323.9,605725756596938.6,0.2,2748.49
2025-08-26 15:00:00+00:00,short,buy,110323.9,,605422893718640.1,-0.05,2748.44
2025-08-26 16:00:00+00:00,short,sell - direction_change,110323.9,109624.6,608957720915514.8,0.58,2749.02
2025-08-26 16:00:00+00:00,long,buy,109624.6,,608653242055057.0,-0.05,2748.97
2025-08-26 17:00:00+00:00,long,sell - direction_change,109624.6,110129.6,611152755878946.1,0.41,2749.38
2025-08-26 17:00:00+00:00,short,buy,110129.6,,610847179501006.6,-0.05,2749.33
2025-08-26 18:00:00+00:00,short,sell - direction_change,110129.6,109950.0,611537929087571.9,0.11,2749.44
2025-08-26 18:00:00+00:00,long,buy,109950.0,,611232160123028.1,-0.05,2749.39
2025-08-27 06:00:00+00:00,long,sell - direction_change,109950.0,111316.8,618524835234018.5,1.19,2750.59
2025-08-27 06:00:00+00:00,short,buy,111316.8,,618215572816401.5,-0.05,2750.54
2025-08-27 08:00:00+00:00,short,sell - direction_change,111316.8,110688.0,621398605948407.8,0.51,2751.05
2025-08-27 08:00:00+00:00,long,buy,110688.0,,621087906645433.5,-0.05,2751.0
2025-08-27 22:00:00+00:00,long,sell - direction_change,110688.0,111480.7,625225327996369.9,0.67,2751.67
2025-08-27 22:00:00+00:00,short,buy,111480.7,,624912715332371.8,-0.05,2751.62
2025-08-28 01:00:00+00:00,short,sell - direction_change,111480.7,111286.9,625686618176176.5,0.12,2751.74
2025-08-28 01:00:00+00:00,long,buy,111286.9,,625373774867088.4,-0.05,2751.69
2025-08-28 02:00:00+00:00,long,sell - direction_change,111286.9,111600.1,626821107050078.9,0.23,2751.92
2025-08-28 02:00:00+00:00,short,buy,111600.1,,626507696496553.9,-0.05,2751.87
2025-08-28 03:00:00+00:00,short,sell - direction_change,111600.1,111442.3,627080310264079.8,0.09,2751.96
2025-08-28 03:00:00+00:00,long,buy,111442.3,,626766770108947.8,-0.05,2751.91
2025-08-28 16:00:00+00:00,long,sell - direction_change,111442.3,112633.1,633150609141644.4,1.02,2752.93
2025-08-28 16:00:00+00:00,short,buy,112633.1,,632834033837073.5,-0.05,2752.88
2025-08-28 17:00:00+00:00,short,sell - direction_change,112633.1,112283.2,634483545383247.0,0.26,2753.14
2025-08-28 17:00:00+00:00,long,buy,112283.2,,634166303610555.4,-0.05,2753.09
2025-08-28 19:00:00+00:00,long,sell - direction_change,112283.2,112318.3,634047462379685.1,-0.02,2753.07
2025-08-28 19:00:00+00:00,short,buy,112318.3,,633730438648495.2,-0.05,2753.02
2025-08-28 23:00:00+00:00,short,sell - direction_change,112318.3,112292.0,633561965192013.4,-0.03,2753.0
2025-08-28 23:00:00+00:00,long,buy,112292.0,,633245184209417.4,-0.05,2752.95
2025-08-29 00:00:00+00:00,long,sell - direction_change,112292.0,112507.3,634142696980119.4,0.14,2753.09
2025-08-29 00:00:00+00:00,short,buy,112507.3,,633825625631629.4,-0.05,2753.04
2025-08-29 12:00:00+00:00,short,sell - direction_change,112507.3,110047.8,647364650400117.1,2.14,2755.18
2025-08-29 12:00:00+00:00,long,buy,110047.8,,647040968074917.1,-0.05,2755.13
2025-08-29 13:00:00+00:00,long,sell - direction_change,110047.8,110667.6,650361645766698.1,0.51,2755.64
2025-08-29 13:00:00+00:00,short,buy,110667.6,,650036464943814.8,-0.05,2755.59
2025-08-29 15:00:00+00:00,short,sell - direction_change,110667.6,108154.4,664473415378746.9,2.22,2757.81
2025-08-29 15:00:00+00:00,long,buy,108154.4,,664141178671057.5,-0.05,2757.76
2025-08-29 16:00:00+00:00,long,sell - direction_change,108154.4,108334.4,664914429845430.0,0.12,2757.88
2025-08-29 16:00:00+00:00,short,buy,108334.4,,664581972630507.2,-0.05,2757.83
2025-08-29 19:00:00+00:00,short,sell - direction_change,108334.4,108092.4,665734240910469.2,0.17,2758.0
2025-08-29 19:00:00+00:00,long,buy,108092.4,,665401373790014.0,-0.05,2757.95
2025-08-29 20:00:00+00:00,long,sell - direction_change,108092.4,108155.5,665457107689511.4,0.01,2757.96
2025-08-29 20:00:00+00:00,short,buy,108155.5,,665124379135666.6,-0.05,2757.91
2025-08-29 21:00:00+00:00,short,sell - direction_change,108155.5,107742.5,667331644958386.9,0.33,2758.24
2025-08-29 21:00:00+00:00,long,buy,107742.5,,666997979135907.6,-0.05,2758.19
2025-08-29 22:00:00+00:00,long,sell - direction_change,107742.5,108393.4,670693985537615.8,0.55,2758.74
2025-08-29 22:00:00+00:00,short,buy,108393.4,,670358638544847.0,-0.05,2758.69
2025-08-30 03:00:00+00:00,short,sell - direction_change,108393.4,107738.2,674075541547695.5,0.55,2759.25
2025-08-30 03:00:00+00:00,long,buy,107738.2,,673738503776921.6,-0.05,2759.2
2025-08-30 09:00:00+00:00,long,sell - direction_change,107738.2,108521.7,678301234831231.1,0.68,2759.88
2025-08-30 09:00:00+00:00,short,buy,108521.7,,677962084213815.5,-0.05,2759.83
2025-08-30 11:00:00+00:00,short,sell - direction_change,108521.7,108380.9,678502715834036.1,0.08,2759.91
2025-08-30 11:00:00+00:00,long,buy,108380.9,,678163464476119.1,-0.05,2759.86
2025-08-30 12:00:00+00:00,long,sell - direction_change,108380.9,108638.6,679436869121051.8,0.19,2760.04
2025-08-30 12:00:00+00:00,short,buy,108638.6,,679097150686491.2,-0.05,2759.99
2025-08-30 14:00:00+00:00,short,sell - direction_change,108638.6,108492.2,679672744821570.5,0.08,2760.08
2025-08-30 14:00:00+00:00,long,buy,108492.2,,679332908449159.8,-0.05,2760.03
2025-08-30 17:00:00+00:00,long,sell - direction_change,108492.2,108762.1,680683243229958.9,0.2,2760.23
2025-08-30 17:00:00+00:00,short,buy,108762.1,,680342901608343.9,-0.05,2760.18
2025-08-30 18:00:00+00:00,short,sell - direction_change,108762.1,108728.9,680210407136316.4,-0.02,2760.16
2025-08-30 18:00:00+00:00,long,buy,108728.9,,679870301932748.2,-0.05,2760.11
2025-08-30 21:00:00+00:00,long,sell - direction_change,108728.9,108596.3,678701233018483.6,-0.17,2759.94
2025-08-30 21:00:00+00:00,short,buy,108596.3,,678361882401974.4,-0.05,2759.89
2025-08-30 23:00:00+00:00,short,sell - direction_change,108596.3,108473.6,678789164065583.4,0.06,2759.95
2025-08-30 23:00:00+00:00,long,buy,108473.6,,678449769483550.6,-0.05,2759.9
2025-08-31 05:00:00+00:00,long,sell - direction_change,108473.6,108774.9,679995029999361.5,0.23,2760.13
2025-08-31 05:00:00+00:00,short,buy,108774.9,,679655032484361.9,-0.05,2760.08
2025-08-31 06:00:00+00:00,short,sell - direction_change,108774.9,108707.9,679733839112361.1,0.01,2760.09
2025-08-31 06:00:00+00:00,long,buy,108707.9,,679393972192805.0,-0.05,2760.04
2025-08-31 09:00:00+00:00,long,sell - direction_change,108707.9,108965.1,680661703274475.5,0.19,2760.22
2025-08-31 09:00:00+00:00,short,buy,108965.1,,680321372422838.2,-0.05,2760.17
2025-08-31 15:00:00+00:00,short,sell - direction_change,108965.1,108422.6,683368299387070.8,0.45,2760.62
2025-08-31 15:00:00+00:00,long,buy,108422.6,,683026615237377.2,-0.05,2760.57
2025-08-31 23:00:00+00:00,long,sell - direction_change,108422.6,108842.3,685329073485643.9,0.34,2760.91
2025-08-31 23:00:00+00:00,short,buy,108842.3,,684986408948901.0,-0.05,2760.86
2025-09-01 07:00:00+00:00,short,sell - direction_change,108842.3,108019.9,689819594894165.0,0.71,2761.56
2025-09-01 07:00:00+00:00,long,buy,108019.9,,689474685096717.9,-0.05,2761.51
2025-09-01 10:00:00+00:00,long,sell - direction_change,108019.9,109485.3,698483374331501.5,1.31,2762.82
2025-09-01 10:00:00+00:00,short,buy,109485.3,,698134132644335.8,-0.05,2762.77
2025-09-01 11:00:00+00:00,short,sell - direction_change,109485.3,108526.4,703899501212684.8,0.83,2763.6
2025-09-01 11:00:00+00:00,long,buy,108526.4,,703547551462078.4,-0.05,2763.55
2025-09-01 21:00:00+00:00,long,sell - direction_change,108526.4,108839.6,705226169306431.8,0.24,2763.79
2025-09-01 21:00:00+00:00,short,buy,108839.6,,704873556221778.5,-0.05,2763.74
2025-09-01 23:00:00+00:00,short,sell - direction_change,108839.6,108386.3,707456808136343.2,0.37,2764.1
2025-09-01 23:00:00+00:00,long,buy,108386.3,,707103079732275.1,-0.05,2764.05
2025-09-02 12:00:00+00:00,long,sell - direction_change,108386.3,109698.6,715310862711002.9,1.16,2765.21
2025-09-02 12:00:00+00:00,short,buy,109698.6,,714953207279647.4,-0.05,2765.16
2025-09-02 13:00:00+00:00,short,sell - direction_change,109698.6,108749.5,720781425744396.0,0.82,2765.98
2025-09-02 13:00:00+00:00,long,buy,108749.5,,720421035031523.8,-0.05,2765.93
2025-09-03 05:00:00+00:00,long,sell - direction_change,108749.5,110966.7,734748869230277.0,1.99,2767.92
2025-09-03 05:00:00+00:00,short,buy,110966.7,,734381494795661.9,-0.05,2767.87
2025-09-03 06:00:00+00:00,short,sell - direction_change,110966.7,110647.6,736126118989046.1,0.24,2768.1
2025-09-03 06:00:00+00:00,long,buy,110647.6,,735758055929551.6,-0.05,2768.05
2025-09-03 12:00:00+00:00,long,sell - direction_change,110647.6,111391.6,740337450892270.5,0.62,2768.68
2025-09-03 12:00:00+00:00,short,buy,111391.6,,739967282166824.5,-0.05,2768.63
2025-09-03 13:00:00+00:00,short,sell - direction_change,111391.6,111051.0,741859882565345.8,0.26,2768.88
2025-09-03 13:00:00+00:00,long,buy,111051.0,,741488952624063.2,-0.05,2768.83
2025-09-04 02:00:00+00:00,long,sell - direction_change,111051.0,111899.9,746786324345557.1,0.71,2769.55
2025-09-04 02:00:00+00:00,short,buy,111899.9,,746412931183384.4,-0.05,2769.5
2025-09-04 22:00:00+00:00,short,sell - direction_change,111899.9,110445.8,755739099276963.5,1.25,2770.75
2025-09-04 22:00:00+00:00,long,buy,110445.8,,755361229727325.0,-0.05,2770.7
2025-09-05 00:00:00+00:00,long,sell - direction_change,110445.8,110679.5,756581870817653.1,0.16,2770.86
2025-09-05 00:00:00+00:00,short,buy,110679.5,,756203579882244.4,-0.05,2770.81
2025-09-05 01:00:00+00:00,short,sell - direction_change,110679.5,110418.0,757612143519407.6,0.19,2770.99
2025-09-05 01:00:00+00:00,long,buy,110418.0,,757233337447647.9,-0.05,2770.94
2025-09-05 14:00:00+00:00,long,sell - direction_change,110418.0,113028.4,774756529397748.4,2.31,2773.26
2025-09-05 14:00:00+00:00,short,buy,113028.4,,774369151133049.5,-0.05,2773.21
2025-09-05 16:00:00+00:00,short,sell - direction_change,113028.4,110674.1,790111517117453.0,2.03,2775.24
2025-09-05 16:00:00+00:00,long,buy,110674.1,,789716461358894.2,-0.05,2775.19
2025-09-05 17:00:00+00:00,long,sell - direction_change,110674.1,110767.3,789986632924695.2,0.03,2775.23
2025-09-05 17:00:00+00:00,short,buy,110767.3,,789591639608232.8,-0.05,2775.18
2025-09-05 18:00:00+00:00,short,sell - direction_change,110767.3,110567.1,790623945886697.5,0.13,2775.31
2025-09-05 18:00:00+00:00,long,buy,110567.1,,790228633913753.9,-0.05,2775.26
2025-09-05 21:00:00+00:00,long,sell - direction_change,110567.1,111581.8,797085631615944.6,0.87,2776.12
2025-09-05 21:00:00+00:00,short,buy,111581.8,,796687088800136.6,-0.05,2776.07
2025-09-06 00:00:00+00:00,short,sell - direction_change,111581.8,110614.8,803193064910641.9,0.82,2776.89
2025-09-06 00:00:00+00:00,long,buy,110614.8,,802791468378186.5,-0.05,2776.84
2025-09-06 01:00:00+00:00,long,sell - direction_change,110614.8,110729.4,803221786865567.6,0.05,2776.89
2025-09-06 01:00:00+00:00,short,buy,110729.4,,802820175972134.9,-0.05,2776.84
2025-09-06 02:00:00+00:00,short,sell - direction_change,110729.4,110817.5,801780015403218.2,-0.13,2776.72
2025-09-06 02:00:00+00:00,long,buy,110817.5,,801379125395516.6,-0.05,2776.67
2025-09-06 03:00:00+00:00,long,sell - direction_change,110817.5,111170.0,803527547134751.5,0.27,2776.93
2025-09-06 03:00:00+00:00,short,buy,111170.0,,803125783361184.1,-0.05,2776.88
2025-09-06 08:00:00+00:00,short,sell - direction_change,111170.0,110779.9,805542421135953.1,0.3,2777.18
2025-09-06 08:00:00+00:00,long,buy,110779.9,,805139649925385.1,-0.05,2777.13
2025-09-06 09:00:00+00:00,long,sell - direction_change,110779.9,110906.5,805657198999975.2,0.06,2777.2
2025-09-06 09:00:00+00:00,short,buy,110906.5,,805254370400475.2,-0.05,2777.15
2025-09-07 01:00:00+00:00,short,sell - direction_change,110906.5,110305.9,809212495514396.5,0.49,2777.64
2025-09-07 01:00:00+00:00,long,buy,110305.9,,808807889266639.2,-0.05,2777.59
2025-09-07 04:00:00+00:00,long,sell - direction_change,110305.9,110579.8,810411831936920.8,0.2,2777.79
2025-09-07 04:00:00+00:00,short,buy,110579.8,,810006626020952.4,-0.05,2777.74
2025-09-07 05:00:00+00:00,short,sell - direction_change,110579.8,110514.5,810079950871667.6,0.01,2777.75
2025-09-07 05:00:00+00:00,long,buy,110514.5,,809674910896231.9,-0.05,2777.7
2025-09-07 06:00:00+00:00,long,sell - direction_change,110514.5,110607.1,809948499319279.2,0.03,2777.73
2025-09-07 06:00:00+00:00,short,buy,110607.1,,809543525069619.6,-0.05,2777.68
2025-09-07 07:00:00+00:00,short,sell - direction_change,110607.1,110458.5,810226370357214.1,0.08,2777.77
2025-09-07 07:00:00+00:00,long,buy,110458.5,,809821257172035.4,-0.05,2777.72
2025-09-07 21:00:00+00:00,long,sell - direction_change,110458.5,111282.8,815459662922785.6,0.7,2778.41
2025-09-07 21:00:00+00:00,short,buy,111282.8,,815051933091324.4,-0.05,2778.36
2025-09-07 22:00:00+00:00,short,sell - direction_change,111282.8,111006.4,816668802218238.2,0.2,2778.56
2025-09-07 22:00:00+00:00,long,buy,111006.4,,816260467817129.1,-0.05,2778.51
2025-09-07 23:00:00+00:00,long,sell - direction_change,111006.4,111197.9,817260489541909.2,0.12,2778.63
2025-09-07 23:00:00+00:00,short,buy,111197.9,,816851859297138.2,-0.05,2778.58
2025-09-08 02:00:00+00:00,short,sell - direction_change,111197.9,110846.9,819021854386351.5,0.27,2778.85
2025-09-08 02:00:00+00:00,long,buy,110846.9,,818612343459158.4,-0.05,2778.8
2025-09-08 04:00:00+00:00,long,sell - direction_change,110846.9,111004.8,819369140164750.5,0.09,2778.89
2025-09-08 04:00:00+00:00,short,buy,111004.8,,818959455594668.4,-0.05,2778.84
2025-09-08 05:00:00+00:00,short,sell - direction_change,111004.8,110934.6,819067889991149.8,0.01,2778.85
2025-09-08 05:00:00+00:00,long,buy,110934.6,,818658356046154.1,-0.05,2778.8
2025-09-09 00:00:00+00:00,long,sell - direction_change,110934.6,112012.7,826205025931122.5,0.92,2779.73
2025-09-09 00:00:00+00:00,short,buy,112012.7,,825791923418157.1,-0.05,2779.68
2025-09-09 04:00:00+00:00,short,sell - direction_change,112012.7,111657.7,827996196159759.6,0.27,2779.94
2025-09-09 04:00:00+00:00,long,buy,111657.7,,827582198061679.9,-0.05,2779.89
2025-09-09 14:00:00+00:00,long,sell - direction_change,111657.7,112712.8,834988575004574.4,0.89,2780.79
2025-09-09 14:00:00+00:00,short,buy,112712.8,,834571080717072.1,-0.05,2780.74
2025-09-10 02:00:00+00:00,short,sell - direction_change,112712.8,110955.8,847163332592338.9,1.51,2782.25
2025-09-10 02:00:00+00:00,long,buy,110955.8,,846739750926042.8,-0.05,2782.2
2025-09-10 04:00:00+00:00,long,sell - direction_change,110955.8,111498.9,850460953562588.4,0.44,2782.64
2025-09-10 04:00:00+00:00,short,buy,111498.9,,850035723085807.2,-0.05,2782.59
2025-09-10 05:00:00+00:00,short,sell - direction_change,111498.9,111482.2,849738021247790.2,-0.04,2782.55
2025-09-10 05:00:00+00:00,long,buy,111482.2,,849313152237166.4,-0.05,2782.5
2025-09-11 22:20:00+00:00,long,sell - take_profit,111482.2,114826.666,874367890228162.8,2.95,2785.45
2025-09-11 23:00:00+00:00,long,buy,115037.3,,873930706283048.6,-0.05,2785.4
2025-09-13 04:00:00+00:00,long,sell - direction_change,115037.3,115913.6,880150933665792.4,0.71,2786.11
2025-09-13 04:00:00+00:00,short,buy,115913.6,,879710858198959.4,-0.05,2786.06
2025-09-13 05:00:00+00:00,short,sell - direction_change,115913.6,115650.0,881271559928133.5,0.18,2786.24
2025-09-13 05:00:00+00:00,long,buy,115650.0,,880830924148169.2,-0.05,2786.19
2025-09-13 13:00:00+00:00,long,sell - direction_change,115650.0,115947.5,882656372931093.8,0.21,2786.4
2025-09-13 13:00:00+00:00,short,buy,115947.5,,882215044744628.4,-0.05,2786.35
2025-09-13 14:00:00+00:00,short,sell - direction_change,115947.5,115706.4,883608405816127.6,0.16,2786.51
2025-09-13 14:00:00+00:00,long,buy,115706.4,,883166601613219.5,-0.05,2786.46
2025-09-13 15:00:00+00:00,long,sell - direction_change,115706.4,115750.1,883058572726779.9,-0.01,2786.44
2025-09-13 15:00:00+00:00,short,buy,115750.1,,882617043440416.5,-0.05,2786.39
2025-09-13 20:00:00+00:00,short,sell - direction_change,115750.1,115751.4,882165822165649.5,-0.05,2786.34
2025-09-13 20:00:00+00:00,long,buy,115751.4,,881724739254566.5,-0.05,2786.29
2025-09-13 22:00:00+00:00,long,sell - direction_change,115751.4,115849.8,882033429066102.1,0.04,2786.33
2025-09-13 22:00:00+00:00,short,buy,115849.8,,881592412351569.1,-0.05,2786.28
2025-09-13 23:00:00+00:00,short,sell - direction_change,115849.8,115828.3,881315226586374.4,-0.03,2786.25
2025-09-13 23:00:00+00:00,long,buy,115828.3,,880874568973081.2,-0.05,2786.2
2025-09-14 03:00:00+00:00,long,sell - direction_change,115828.3,115809.7,880292678632796.6,-0.07,2786.13
2025-09-14 03:00:00+00:00,short,buy,115809.7,,879852532293480.4,-0.05,2786.08
2025-09-14 05:00:00+00:00,short,sell - direction_change,115809.7,115693.2,880297703044355.4,0.05,2786.13
2025-09-14 05:00:00+00:00,long,buy,115693.2,,879857554192833.2,-0.05,2786.08
2025-09-14 06:00:00+00:00,long,sell - direction_change,115693.2,115810.0,880305900286945.5,0.05,2786.13
2025-09-14 06:00:00+00:00,short,buy,115810.0,,879865747336801.9,-0.05,2786.08
2025-09-14 08:00:00+00:00,short,sell - direction_change,115810.0,115746.1,879911294311633.9,0.01,2786.09
2025-09-14 08:00:00+00:00,long,buy,115746.1,,879471338664478.1,-0.05,2786.04
2025-09-14 11:00:00+00:00,long,sell - direction_change,115746.1,115979.5,880805041672079.9,0.15,2786.19
2025-09-14 11:00:00+00:00,short,buy,115979.5,,880364639151243.9,-0.05,2786.14
2025-09-14 20:00:00+00:00,short,sell - direction_change,115979.5,115597.3,882825619236089.8,0.28,2786.42
2025-09-14 20:00:00+00:00,long,buy,115597.3,,882384206426471.6,-0.05,2786.37
2025-09-14 23:00:00+00:00,long,sell - direction_change,115597.3,115956.9,884687934495537.2,0.26,2786.63
2025-09-14 23:00:00+00:00,short,buy,115956.9,,884245590528289.5,-0.05,2786.58
2025-09-15 01:00:00+00:00,short,sell - direction_change,115956.9,115023.4,890922002798710.5,0.76,2787.33
2025-09-15 01:00:00+00:00,long,buy,115023.4,,890476541797311.2,-0.05,2787.28
2025-09-15 02:00:00+00:00,long,sell - direction_change,115023.4,115178.4,891231266872815.0,0.08,2787.37
2025-09-15 02:00:00+00:00,short,buy,115178.4,,890785651239378.5,-0.05,2787.32
2025-09-15 04:00:00+00:00,short,sell - direction_change,115178.4,115387.7,888721539653953.2,-0.23,2787.09
2025-09-15 04:00:00+00:00,long,buy,115387.7,,888277178884126.2,-0.05,2787.04
2025-09-15 08:00:00+00:00,long,sell - direction_change,115387.7,115769.6,890772981506926.5,0.28,2787.32
2025-09-15 08:00:00+00:00,short,buy,115769.6,,890327595016173.0,-0.05,2787.27
2025-09-15 18:00:00+00:00,short,sell - direction_change,115769.6,115075.9,895217339974182.1,0.55,2787.82
2025-09-15 18:00:00+00:00,long,buy,115075.9,,894769731304195.0,-0.05,2787.77
2025-09-15 22:00:00+00:00,long,sell - direction_change,115075.9,115456.6,897282469598192.5,0.28,2788.05
2025-09-15 22:00:00+00:00,short,buy,115456.6,,896833828363393.5,-0.05,2788.0
2025-09-15 23:00:00+00:00,short,sell - direction_change,115456.6,115224.0,898192181685623.6,0.15,2788.15
2025-09-15 23:00:00+00:00,long,buy,115224.0,,897743085594781.0,-0.05,2788.1
2025-09-16 00:00:00+00:00,long,sell - direction_change,115224.0,115300.5,897890247396148.0,0.02,2788.12
2025-09-16 00:00:00+00:00,short,buy,115300.5,,897441302272449.9,-0.05,2788.07
2025-09-16 02:00:00+00:00,short,sell - direction_change,115300.5,114964.4,899608615564737.8,0.24,2788.31
2025-09-16 02:00:00+00:00,long,buy,114964.4,,899158811256955.4,-0.05,2788.26
2025-09-16 11:00:00+00:00,long,sell - direction_change,114964.4,115318.4,901477934329528.5,0.26,2788.51
2025-09-16 11:00:00+00:00,short,buy,115318.4,,901027195362363.6,-0.05,2788.46
2025-09-16 12:00:00+00:00,short,sell - direction_change,115318.4,115222.1,901329110855906.4,0.03,2788.5
2025-09-16 12:00:00+00:00,long,buy,115222.1,,900878446300478.4,-0.05,2788.45
2025-09-16 13:00:00+00:00,long,sell - direction_change,115222.1,115393.2,901765773896037.5,0.1,2788.55
2025-09-16 13:00:00+00:00,short,buy,115393.2,,901314891009089.5,-0.05,2788.5
2025-09-16 15:00:00+00:00,short,sell - direction_change,115393.2,115231.1,902130366609835.2,0.09,2788.59
2025-09-16 15:00:00+00:00,long,buy,115231.1,,901679301426530.2,-0.05,2788.54
2025-09-17 03:00:00+00:00,long,sell - direction_change,115231.1,116633.1,912199062426162.2,1.17,2789.7
2025-09-17 03:00:00+00:00,short,buy,116633.1,,911742962894949.1,-0.05,2789.65
2025-09-17 05:00:00+00:00,short,sell - direction_change,116633.1,116264.8,914166162048117.5,0.27,2789.92
2025-09-17 05:00:00+00:00,long,buy,116264.8,,913709078967093.5,-0.05,2789.87
2025-09-17 09:00:00+00:00,long,sell - direction_change,116264.8,116801.0,917466146510150.5,0.41,2790.28
2025-09-17 09:00:00+00:00,short,buy,116801.0,,917007413436895.4,-0.05,2790.23
2025-09-17 22:00:00+00:00,short,sell - direction_change,116801.0,115986.8,922941213186656.8,0.65,2790.88
2025-09-17 22:00:00+00:00,long,buy,115986.8,,922479742580063.5,-0.05,2790.83
2025-09-18 21:00:00+00:00,long,sell - direction_change,115986.8,117454.8,933693971487182.1,1.22,2792.04
2025-09-18 21:00:00+00:00,short,buy,117454.8,,933227124501438.5,-0.05,2791.99
2025-09-19 00:00:00+00:00,short,sell - direction_change,117454.8,117017.1,936238219065158.5,0.32,2792.32
2025-09-19 00:00:00+00:00,long,buy,117017.1,,935770099955625.9,-0.05,2792.27
2025-09-19 01:00:00+00:00,long,sell - direction_change,117017.1,117360.0,938044340349491.6,0.24,2792.51
2025-09-19 01:00:00+00:00,short,buy,117360.0,,937575318179316.8,-0.05,2792.46
2025-09-19 08:00:00+00:00,short,sell - direction_change,117360.0,116850.0,941180860890638.4,0.38,2792.84
2025-09-19 08:00:00+00:00,long,buy,116850.0,,940710270460193.0,-0.05,2792.79
2025-09-19 09:00:00+00:00,long,sell - direction_change,116850.0,116862.6,940341352632689.1,-0.04,2792.75
2025-09-19 09:00:00+00:00,short,buy,116862.6,,939871181956372.8,-0.05,2792.7
2025-09-20 04:00:00+00:00,short,sell - direction_change,116862.6,115394.3,951210095872991.9,1.21,2793.91
2025-09-20 04:00:00+00:00,long,buy,115394.3,,950734490825055.4,-0.05,2793.86
2025-09-20 06:00:00+00:00,long,sell - direction_change,115394.3,115655.3,952409504509249.8,0.18,2794.04
2025-09-20 06:00:00+00:00,short,buy,115655.3,,951933299756995.2,-0.05,2793.99
2025-09-20 07:00:00+00:00,short,sell - direction_change,115655.3,115643.4,951555279385991.2,-0.04,2793.95
2025-09-20 07:00:00+00:00,long,buy,115643.4,,951079501746298.1,-0.05,2793.9
2025-09-20 08:00:00+00:00,long,sell - direction_change,115643.4,115909.9,952795722936519.6,0.18,2794.08
2025-09-20 08:00:00+00:00,short,buy,115909.9,,952319325075051.4,-0.05,2794.03
2025-09-20 10:00:00+00:00,short,sell - direction_change,115909.9,115605.7,954342482025571.2,0.21,2794.24
2025-09-20 10:00:00+00:00,long,buy,115605.7,,953865310784558.5,-0.05,2794.19
2025-09-20 17:00:00+00:00,long,sell - direction_change,115605.7,115965.8,956359571577357.1,0.26,2794.45
2025-09-20 17:00:00+00:00,short,buy,115965.8,,955881391791568.5,-0.05,2794.4
2025-09-21 07:00:00+00:00,short,sell - direction_change,115965.8,115633.3,958144177782081.1,0.24,2794.64
2025-09-21 07:00:00+00:00,long,buy,115633.3,,957665105693190.1,-0.05,2794.59
2025-09-21 08:00:00+00:00,long,sell - direction_change,115633.3,115772.8,958341600215193.1,0.07,2794.66
2025-09-21 08:00:00+00:00,short,buy,115772.8,,957862429415085.5,-0.05,2794.61
2025-09-22 03:00:00+00:00,short,sell - direction_change,115772.8,114126.1,971007700625453.8,1.37,2795.98
2025-09-22 03:00:00+00:00,long,buy,114126.1,,970522196775141.0,-0.05,2795.93
2025-09-22 04:00:00+00:00,long,sell - direction_change,114126.1,114602.9,974091617151213.5,0.37,2796.3
2025-09-22 04:00:00+00:00,short,buy,114602.9,,973604571342637.9,-0.05,2796.25
2025-09-22 21:00:00+00:00,short,sell - direction_change,114602.9,112731.9,989012778284325.5,1.58,2797.83
2025-09-22 21:00:00+00:00,long,buy,112731.9,,988518271895183.2,-0.05,2797.78
2025-09-22 22:00:00+00:00,long,sell - direction_change,112731.9,112922.9,989698844727223.2,0.12,2797.9
2025-09-22 22:00:00+00:00,short,buy,112922.9,,989203995304859.6,-0.05,2797.85
2025-09-22 23:00:00+00:00,short,sell - direction_change,112922.9,112584.2,991676403481492.1,0.25,2798.1
2025-09-22 23:00:00+00:00,long,buy,112584.2,,991180565279751.4,-0.05,2798.05
2025-09-23 00:00:00+00:00,long,sell - direction_change,112584.2,112604.7,990865455043052.5,-0.03,2798.02
2025-09-23 00:00:00+00:00,short,buy,112604.7,,990370022315531.0,-0.05,2797.97
2025-09-23 05:00:00+00:00,short,sell - direction_change,112604.7,112377.7,991871325861828.0,0.15,2798.12
2025-09-23 05:00:00+00:00,long,buy,112377.7,,991375390198897.1,-0.05,2798.07
2025-09-23 16:00:00+00:00,long,sell - direction_change,112377.7,112828.6,994857459331359.5,0.35,2798.42
2025-09-23 16:00:00+00:00,short,buy,112828.6,,994360030601693.9,-0.05,2798.37
2025-09-24 04:00:00+00:00,short,sell - direction_change,112828.6,111639.8,1004339761621177.6,1.0,2799.38
2025-09-24 04:00:00+00:00,long,buy,111639.8,,1003837591740367.0,-0.05,2799.33
2025-09-25 00:00:00+00:00,long,sell - direction_change,111639.8,113253.9,1017849262693207.5,1.4,2800.72
2025-09-25 00:00:00+00:00,short,buy,113253.9,,1017340338061860.8,-0.05,2800.67
2025-09-25 05:00:00+00:00,short,sell - direction_change,113253.9,111684.3,1030931115193292.8,1.34,2802.01
2025-09-25 05:00:00+00:00,long,buy,111684.3,,1030415649635696.1,-0.05,2801.96
2025-09-25 06:00:00+00:00,long,sell - direction_change,111684.3,111690.4,1029956721301037.2,-0.04,2801.91
2025-09-25 06:00:00+00:00,short,buy,111690.4,,1029441742940386.8,-0.05,2801.86
2025-09-25 07:00:00+00:00,short,sell - direction_change,111690.4,111474.5,1030916955602155.2,0.14,2802.01
2025-09-25 07:00:00+00:00,long,buy,111474.5,,1030401497124353.9,-0.05,2801.96
2025-09-25 09:00:00+00:00,long,sell - direction_change,111474.5,111678.7,1031773795182360.0,0.13,2802.09
2025-09-25 09:00:00+00:00,short,buy,111678.7,,1031257908284768.8,-0.05,2802.04
2025-09-26 03:00:00+00:00,short,sell - direction_change,111678.7,109581.8,1050105369229437.5,1.83,2803.87
2025-09-26 03:00:00+00:00,long,buy,109581.8,,1049580316544822.5,-0.05,2803.82
2025-09-26 04:00:00+00:00,long,sell - direction_change,109581.8,109537.5,1048631218627205.8,-0.09,2803.73
2025-09-26 04:00:00+00:00,short,buy,109537.5,,1048106903017892.1,-0.05,2803.68
2025-09-26 08:00:00+00:00,short,sell - direction_change,109537.5,109257.4,1050262979599799.2,0.21,2803.88
2025-09-26 08:00:00+00:00,long,buy,109257.4,,1049737848109999.4,-0.05,2803.83
2025-09-26 10:00:00+00:00,long,sell - direction_change,109257.4,109522.4,1051759081598679.4,0.19,2804.03
2025-09-26 10:00:00+00:00,short,buy,109522.4,,1051233202057880.0,-0.05,2803.98
2025-09-26 13:00:00+00:00,short,sell - direction_change,109522.4,109330.1,1052553346184845.6,0.13,2804.1
2025-09-26 13:00:00+00:00,long,buy,109330.1,,1052027069511753.2,-0.05,2804.05
2025-09-26 14:00:00+00:00,long,sell - direction_change,109330.1,109621.3,1054303123135463.5,0.22,2804.27
2025-09-26 14:00:00+00:00,short,buy,109621.3,,1053775971573895.6,-0.05,2804.22
2025-09-26 16:00:00+00:00,short,sell - direction_change,109621.3,108976.0,1059452272516324.8,0.54,2804.76
2025-09-26 16:00:00+00:00,long,buy,108976.0,,1058922546380066.5,-0.05,2804.71
2025-09-26 19:00:00+00:00,long,sell - direction_change,108976.0,109669.9,1065135728945273.5,0.59,2805.29
2025-09-26 19:00:00+00:00,short,buy,109669.9,,1064603161080800.8,-0.05,2805.24
2025-09-26 21:00:00+00:00,short,sell - direction_change,109669.9,109233.8,1068304231086696.8,0.35,2805.59
2025-09-26 21:00:00+00:00,long,buy,109233.8,,1067770078971153.5,-0.05,2805.54
2025-09-27 02:00:00+00:00,long,sell - direction_change,109233.8,109384.3,1068707344774036.8,0.09,2805.63
2025-09-27 02:00:00+00:00,short,buy,109384.3,,1068172991101649.8,-0.05,2805.58
2025-09-27 03:00:00+00:00,short,sell - direction_change,109384.3,109348.5,1067988503159835.2,-0.02,2805.56
2025-09-27 03:00:00+00:00,long,buy,109348.5,,1067454508908255.2,-0.05,2805.51
2025-09-27 07:00:00+00:00,long,sell - direction_change,109348.5,109488.6,1068288430745449.0,0.08,2805.59
2025-09-27 07:00:00+00:00,short,buy,109488.6,,1067754286530076.4,-0.05,2805.54
2025-09-27 12:00:00+00:00,short,sell - direction_change,109488.6,109265.8,1069393198654725.0,0.15,2805.69
2025-09-27 12:00:00+00:00,long,buy,109265.8,,1068858502055397.6,-0.05,2805.64
2025-09-27 13:00:00+00:00,long,sell - direction_change,109265.8,109355.2,1069198600333420.6,0.03,2805.67
2025-09-27 13:00:00+00:00,short,buy,109355.2,,1068664001033253.9,-0.05,2805.62
2025-09-27 18:00:00+00:00,short,sell - direction_change,109355.2,109330.9,1068367138629291.5,-0.03,2805.6
2025-09-27 18:00:00+00:00,long,buy,109330.9,,1067832955059976.8,-0.05,2805.55
2025-09-27 19:00:00+00:00,long,sell - direction_change,109330.9,109383.3,1067810828450134.4,-0.0,2805.54
2025-09-27 19:00:00+00:00,short,buy,109383.3,,1067276923035909.2,-0.05,2805.49
2025-09-27 21:00:00+00:00,short,sell - direction_change,109383.3,109333.4,1067230169852669.6,-0.0,2805.49
2025-09-27 21:00:00+00:00,long,buy,109333.4,,1066696554767743.2,-0.05,2805.44
2025-09-28 01:00:00+00:00,long,sell - direction_change,109333.4,109556.3,1068337900244123.0,0.15,2805.59
2025-09-28 01:00:00+00:00,short,buy,109556.3,,1067803731294001.0,-0.05,2805.54
2025-09-28 02:00:00+00:00,short,sell - direction_change,109556.3,109305.5,1069714281968358.9,0.18,2805.72
2025-09-28 02:00:00+00:00,long,buy,109305.5,,1069179424827374.8,-0.05,2805.67
2025-09-28 04:00:00+00:00,long,sell - direction_change,109305.5,109397.3,1069542783262118.9,0.03,2805.71
2025-09-28 04:00:00+00:00,short,buy,109397.3,,1069008011870487.9,-0.05,2805.66
2025-09-28 06:00:00+00:00,short,sell - direction_change,109397.3,109303.2,1069393033793593.1,0.04,2805.69
2025-09-28 06:00:00+00:00,long,buy,109303.2,,1068858337276696.4,-0.05,2805.64
2025-09-28 10:00:00+00:00,long,sell - direction_change,109303.2,109477.4,1070027381769886.8,0.11,2805.75
2025-09-28 10:00:00+00:00,short,buy,109477.4,,1069492368079001.8,-0.05,2805.7
2025-09-28 13:00:00+00:00,short,sell - direction_change,109477.4,109266.8,1071014988006300.5,0.14,2805.84
2025-09-28 13:00:00+00:00,long,buy,109266.8,,1070479480512297.5,-0.05,2805.79
2025-09-29 13:41:00+00:00,long,sell - take_profit,109266.8,112544.804,1102058625187410.1,2.95,2808.74
2025-09-29 14:00:00+00:00,long,buy,113168.1,,1101507595874816.4,-0.05,2808.69
2025-09-30 09:00:00+00:00,long,sell - direction_change,113168.1,113409.1,1103302585538206.2,0.16,2808.86
2025-09-30 09:00:00+00:00,short,buy,113409.1,,1102750934245437.1,-0.05,2808.81
2025-09-30 10:00:00+00:00,short,sell - direction_change,113409.1,112743.1,1108675512843794.8,0.54,2809.34
2025-09-30 10:00:00+00:00,long,buy,112743.1,,1108121175087372.8,-0.05,2809.29
2025-09-30 12:00:00+00:00,long,sell - direction_change,112743.1,113003.7,1110128480811628.0,0.18,2809.48
2025-09-30 12:00:00+00:00,short,buy,113003.7,,1109573416571222.1,-0.05,2809.43
2025-09-30 18:00:00+00:00,short,sell - direction_change,113003.7,113198.8,1107102960078911.2,-0.22,2809.2
2025-09-30 18:00:00+00:00,long,buy,113198.8,,1106549408598871.6,-0.05,2809.15
2025-10-01 06:00:00+00:00,long,sell - direction_change,113198.8,114511.5,1118828137490615.2,1.11,2810.26
2025-10-01 06:00:00+00:00,short,buy,114511.5,,1118268723421869.9,-0.05,2810.21
2025-10-01 07:00:00+00:00,short,sell - direction_change,114511.5,114212.7,1120627537864937.9,0.21,2810.42
2025-10-01 07:00:00+00:00,long,buy,114212.7,,1120067224096005.5,-0.05,2810.37
2025-10-01 15:29:00+00:00,long,sell - take_profit,114212.7,117639.081,1153109207206837.8,2.95,2813.32
2025-10-01 16:00:00+00:00,long,buy,117366.5,,1152532652603234.2,-0.05,2813.27
2025-10-02 19:08:00+00:00,long,sell - take_profit,117366.5,120887.49500000001,1186532365855029.8,2.95,2816.22
2025-10-02 20:00:00+00:00,long,buy,120787.8,,1185939099672102.2,-0.05,2816.17
2025-10-03 07:00:00+00:00,long,sell - direction_change,120787.8,119882.5,1176457561351801.2,-0.8,2815.37
2025-10-03 07:00:00+00:00,short,buy,119882.5,,1175869332571125.2,-0.05,2815.32
2025-10-03 08:00:00+00:00,short,sell - direction_change,119882.5,119620.1,1177855152313253.5,0.17,2815.49
2025-10-03 08:00:00+00:00,long,buy,119620.1,,1177266224737096.8,-0.05,2815.44
2025-10-03 16:11:00+00:00,long,sell - take_profit,119620.1,123208.70300000001,1211995578366841.2,2.95,2818.39
2025-10-03 17:00:00+00:00,long,buy,122527.0,,1211389580577657.8,-0.05,2818.34
2025-10-04 14:00:00+00:00,long,sell - direction_change,122527.0,122335.5,1208890579783952.2,-0.21,2818.14
2025-10-04 14:00:00+00:00,short,buy,122335.5,,1208286134494060.2,-0.05,2818.09
2025-10-04 21:00:00+00:00,short,sell - direction_change,122335.5,121832.9,1212646082890016.8,0.36,2818.45
2025-10-04 21:00:00+00:00,long,buy,121832.9,,1212039759848571.8,-0.05,2818.4
2025-10-05 04:48:00+00:00,long,sell - take_profit,121832.9,125487.887,1247794932764104.8,2.95,2821.35
2025-10-05 05:00:00+00:00,long,buy,125167.4,,1247171035297722.8,-0.05,2821.3
2025-10-05 09:29:00+00:00,long,sell - stop_loss,125167.4,123915.726,1234075739427096.8,-1.05,2820.25
2025-10-05 10:00:00+00:00,long,buy,122998.0,,1233458701557383.2,-0.05,2820.2
2025-10-05 12:00:00+00:00,long,sell - direction_change,122998.0,123413.3,1237006717964720.8,0.29,2820.49
2025-10-05 12:00:00+00:00,short,buy,123413.3,,1236388214605738.5,-0.05,2820.44
2025-10-05 13:00:00+00:00,short,sell - direction_change,123413.3,123035.9,1239550916983597.5,0.26,2820.69
2025-10-05 13:00:00+00:00,long,buy,123035.9,,1238931141525105.8,-0.05,2820.64
2025-10-05 14:00:00+00:00,long,sell - direction_change,123035.9,123119.9,1239157528391624.5,0.02,2820.66
2025-10-05 14:00:00+00:00,short,buy,123119.9,,1238537949627428.8,-0.05,2820.61
2025-10-05 16:00:00+00:00,short,sell - direction_change,123119.9,122752.9,1241610556844142.8,0.25,2820.86
2025-10-05 16:00:00+00:00,long,buy,122752.9,,1240989751565720.8,-0.05,2820.81
2025-10-05 17:00:00+00:00,long,sell - direction_change,122752.9,123210.0,1244990381041710.5,0.32,2821.13
2025-10-05 17:00:00+00:00,short,buy,123210.0,,1244367885851189.8,-0.05,2821.08
2025-10-05 22:00:00+00:00,short,sell - direction_change,123210.0,122682.3,1249075244423998.8,0.38,2821.46
2025-10-05 22:00:00+00:00,long,buy,122682.3,,1248450706801786.8,-0.05,2821.41
2025-10-07 02:00:00+00:00,long,sell - direction_change,122682.3,124657.9,1267930760683105.0,1.56,2822.97
2025-10-07 02:00:00+00:00,short,buy,124657.9,,1267296795302763.5,-0.05,2822.92
2025-10-07 04:00:00+00:00,short,sell - direction_change,124657.9,124277.8,1270527318464993.8,0.25,2823.17
2025-10-07 04:00:00+00:00,long,buy,124277.8,,1269892054805761.2,-0.05,2823.12
2025-10-07 05:00:00+00:00,long,sell - direction_change,124277.8,124449.8,1271014634526533.8,0.09,2823.21
2025-10-07 05:00:00+00:00,short,buy,124449.8,,1270379127209270.5,-0.05,2823.16
2025-10-07 11:00:00+00:00,short,sell - direction_change,124449.8,124229.9,1271988669015851.5,0.13,2823.29
2025-10-07 11:00:00+00:00,long,buy,124229.9,,1271352674681343.5,-0.05,2823.24
2025-10-07 13:00:00+00:00,long,sell - direction_change,124229.9,124869.4,1277261558352975.8,0.46,2823.7
2025-10-07 13:00:00+00:00,short,buy,124869.4,,1276622927573799.2,-0.05,2823.65
2025-10-07 15:40:00+00:00,short,sell - take_profit,124869.4,121123.31799999998,1314283303937226.5,2.95,2826.6
2025-10-07 16:00:00+00:00,short,buy,121788.2,,1313626162285258.0,-0.05,2826.55
2025-10-07 20:00:00+00:00,short,sell - direction_change,121788.2,121593.5,1315069413198795.8,0.11,2826.66
2025-10-07 20:00:00+00:00,long,buy,121593.5,,1314411878492196.2,-0.05,2826.61
2025-10-07 23:00:00+00:00,long,sell - direction_change,121593.5,121956.8,1317681904152141.0,0.25,2826.86
2025-10-07 23:00:00+00:00,short,buy,121956.8,,1317023063200065.0,-0.05,2826.81
2025-10-08 01:00:00+00:00,short,sell - direction_change,121956.8,121868.9,1317313792114715.5,0.02,2826.83
2025-10-08 01:00:00+00:00,long,buy,121868.9,,1316655135218658.2,-0.05,2826.78
2025-10-08 03:00:00+00:00,long,sell - direction_change,121868.9,121995.1,1317360255405682.0,0.05,2826.84
2025-10-08 03:00:00+00:00,short,buy,121995.1,,1316701575277979.2,-0.05,2826.79
2025-10-08 04:00:00+00:00,short,sell - direction_change,121995.1,121333.1,1323188236403392.8,0.49,2827.28
2025-10-08 04:00:00+00:00,long,buy,121333.1,,1322526642285191.0,-0.05,2827.23
2025-10-08 05:00:00+00:00,long,sell - direction_change,121333.1,121865.4,1327667430767623.8,0.39,2827.62
2025-10-08 05:00:00+00:00,short,buy,121865.4,,1327003597052240.0,-0.05,2827.57
2025-10-08 08:00:00+00:00,short,sell - direction_change,121865.4,121550.5,1329769070440368.5,0.21,2827.78
2025-10-08 08:00:00+00:00,long,buy,121550.5,,1329104185905148.2,-0.05,2827.73
2025-10-09 02:00:00+00:00,long,sell - direction_change,121550.5,122496.5,1338783750536242.8,0.73,2828.46
2025-10-09 02:00:00+00:00,short,buy,122496.5,,1338114358660974.8,-0.05,2828.41
2025-10-09 11:00:00+00:00,short,sell - direction_change,122496.5,122106.1,1341709911863338.8,0.27,2828.67
2025-10-09 11:00:00+00:00,long,buy,122106.1,,1341039056907407.0,-0.05,2828.62
2025-10-09 14:00:00+00:00,long,sell - direction_change,122106.1,122357.0,1343124064738995.5,0.16,2828.78
2025-10-09 14:00:00+00:00,short,buy,122357.0,,1342452502706626.0,-0.05,2828.73
2025-10-10 00:00:00+00:00,short,sell - direction_change,122357.0,121579.4,1350312795421124.0,0.59,2829.32
2025-10-10 00:00:00+00:00,long,buy,121579.4,,1349637639023413.5,-0.05,2829.27
2025-10-10 01:00:00+00:00,long,sell - direction_change,121579.4,121682.2,1350103990083763.0,0.03,2829.3
2025-10-10 01:00:00+00:00,short,buy,121682.2,,1349428938088721.0,-0.05,2829.25
2025-10-10 04:00:00+00:00,short,sell - direction_change,121682.2,120960.8,1356754391564842.0,0.54,2829.79
2025-10-10 04:00:00+00:00,long,buy,120960.8,,1356076014369059.5,-0.05,2829.74
2025-10-10 06:00:00+00:00,long,sell - direction_change,120960.8,121529.6,1361774720207593.0,0.42,2830.16
2025-10-10 06:00:00+00:00,short,buy,121529.6,,1361093832847489.2,-0.05,2830.11
2025-10-10 08:00:00+00:00,short,sell - direction_change,121529.6,120886.1,1367620286377354.8,0.48,2830.59
2025-10-10 08:00:00+00:00,long,buy,120886.1,,1366936476234166.0,-0.05,2830.54
2025-10-10 09:00:00+00:00,long,sell - direction_change,120886.1,121570.5,1373991956678607.5,0.52,2831.06
2025-10-10 09:00:00+00:00,short,buy,121570.5,,1373304960700268.2,-0.05,2831.01
2025-10-10 11:00:00+00:00,short,sell - direction_change,121570.5,121443.4,1374054076440868.2,0.05,2831.06
2025-10-10 11:00:00+00:00,long,buy,121443.4,,1373367049402647.8,-0.05,2831.01
2025-10-10 14:00:00+00:00,long,sell - direction_change,121443.4,121609.1,1374554217565943.0,0.09,2831.1
2025-10-10 14:00:00+00:00,short,buy,121609.1,,1373866940457160.0,-0.05,2831.05
2025-10-10 17:05:00+00:00,short,sell - take_profit,121609.1,117960.827,1414396015200646.2,2.95,2834.0
2025-10-10 18:00:00+00:00,short,buy,117590.8,,1413688817193046.0,-0.05,2833.95
2025-10-10 20:56:00+00:00,short,sell - take_profit,117590.8,114063.076,1455392637300241.0,2.95,2836.9
2025-10-10 21:00:00+00:00,short,buy,114200.4,,1454664940981591.0,-0.05,2836.85
2025-10-10 21:13:00+00:00,short,sell - take_profit,114200.4,110774.38799999999,1497577556740547.8,2.95,2839.8
2025-10-10 22:00:00+00:00,long,buy,113253.6,,1496828767962177.5,-0.05,2839.75
2025-10-10 22:05:00+00:00,long,sell - stop_loss,113253.6,112121.064,1481112065898574.8,-1.05,2838.7
2025-10-10 23:00:00+00:00,long,buy,113606.2,,1480371509865625.5,-0.05,2838.65
2025-10-11 00:00:00+00:00,long,sell - stop_loss,113606.2,112470.13799999999,1464827609012036.2,-1.05,2837.6
2025-10-11 01:00:00+00:00,short,buy,112463.3,,1464095195207530.2,-0.05,2837.55
2025-10-11 02:00:00+00:00,short,sell - direction_change,112463.3,111060.0,1481631905395219.5,1.2,2838.75
2025-10-11 02:00:00+00:00,long,buy,111060.0,,1480891089442522.0,-0.05,2838.7
2025-10-11 07:00:00+00:00,long,sell - direction_change,111060.0,112000.1,1492686081617816.2,0.8,2839.49
2025-10-11 07:00:00+00:00,short,buy,112000.1,,1491939738577007.2,-0.05,2839.44
2025-10-11 08:00:00+00:00,short,sell - direction_change,112000.1,110338.7,1513325076462549.8,1.43,2840.88
2025-10-11 08:00:00+00:00,long,buy,110338.7,,1512568413924318.5,-0.05,2840.83
2025-10-11 13:00:00+00:00,long,sell - direction_change,110338.7,112319.6,1538967124031615.0,1.75,2842.57
2025-10-11 13:00:00+00:00,short,buy,112319.6,,1538197640469599.2,-0.05,2842.52
2025-10-11 16:00:00+00:00,short,sell - direction_change,112319.6,111744.4,1545305806906702.8,0.46,2842.98
2025-10-11 16:00:00+00:00,long,buy,111744.4,,1544533154003249.5,-0.05,2842.93
2025-10-11 19:00:00+00:00,long,sell - direction_change,111744.4,111907.2,1546011112023379.8,0.1,2843.03
2025-10-11 19:00:00+00:00,short,buy,111907.2,,1545238106467368.0,-0.05,2842.98
2025-10-12 01:00:00+00:00,short,sell - direction_change,111907.2,109600.7,1576314123539128.8,2.01,2844.99
2025-10-12 01:00:00+00:00,long,buy,109600.7,,1575525966477359.2,-0.05,2844.94
2025-10-12 13:00:00+00:00,long,sell - direction_change,109600.7,111711.3,1605078384759816.2,1.88,2846.82
2025-10-12 13:00:00+00:00,short,buy,111711.3,,1604275845567436.2,-0.05,2846.77
2025-10-12 14:00:00+00:00,short,sell - direction_change,111711.3,111238.1,1610269289918983.8,0.37,2847.14
2025-10-12 14:00:00+00:00,long,buy,111238.1,,1609464155274024.2,-0.05,2847.09
2025-10-12 16:45:00+00:00,long,sell - take_profit,111238.1,114575.243,1656943347854608.0,2.95,2850.04
2025-10-12 17:00:00+00:00,long,buy,113993.4,,1656114876180680.8,-0.05,2849.99
2025-10-13 14:00:00+00:00,long,sell - direction_change,113993.4,115291.4,1674144376366826.0,1.09,2851.08
2025-10-13 14:00:00+00:00,short,buy,115291.4,,1673307304178642.5,-0.05,2851.03
2025-10-13 15:00:00+00:00,short,sell - direction_change,115291.4,113973.5,1691598284471296.8,1.09,2852.12
2025-10-13 15:00:00+00:00,long,buy,113973.5,,1690752485329061.0,-0.05,2852.07
2025-10-14 01:00:00+00:00,long,sell - direction_change,113973.5,114904.0,1703710714201609.2,0.77,2852.84
2025-10-14 01:00:00+00:00,short,buy,114904.0,,1702858858844508.5,-0.05,2852.79
2025-10-14 06:47:00+00:00,short,sell - take_profit,114904.0,111456.87999999999,1753093195180421.8,2.95,2855.74
2025-10-14 07:00:00+00:00,short,buy,111933.4,,1752216648582831.2,-0.05,2855.69
2025-10-14 08:00:00+00:00,short,sell - direction_change,111933.4,111665.2,1755538969906437.0,0.19,2855.88
2025-10-14 08:00:00+00:00,long,buy,111665.2,,1754661200421483.8,-0.05,2855.83
2025-10-14 09:00:00+00:00,long,sell - direction_change,111665.2,111748.1,1755086526454807.2,0.02,2855.85
2025-10-14 09:00:00+00:00,short,buy,111748.1,,1754208983191580.2,-0.05,2855.8
2025-10-14 11:00:00+00:00,short,sell - direction_change,111748.1,110573.9,1771764336952639.8,1.0,2856.8
2025-10-14 11:00:00+00:00,long,buy,110573.9,,1770878454784163.5,-0.05,2856.75
2025-10-14 12:00:00+00:00,long,sell - direction_change,110573.9,111241.4,1780683254108259.8,0.55,2857.31
2025-10-14 12:00:00+00:00,short,buy,111241.4,,1779792912481205.5,-0.05,2857.26
2025-10-14 14:00:00+00:00,short,sell - direction_change,111241.4,110961.4,1783382841121509.0,0.2,2857.46
2025-10-14 14:00:00+00:00,long,buy,110961.4,,1782491149700948.5,-0.05,2857.41
2025-10-15 00:00:00+00:00,long,sell - direction_change,110961.4,112983.9,1814089475727305.0,1.77,2859.18
2025-10-15 00:00:00+00:00,short,buy,112983.9,,1813182430989441.2,-0.05,2859.13
2025-10-15 02:00:00+00:00,short,sell - direction_change,112983.9,112677.5,1817192992543988.5,0.22,2859.35
2025-10-15 02:00:00+00:00,long,buy,112677.5,,1816284396047716.5,-0.05,2859.3
2025-10-15 03:00:00+00:00,long,sell - direction_change,112677.5,112763.2,1816757679358257.2,0.03,2859.33
2025-10-15 03:00:00+00:00,short,buy,112763.2,,1815849300518578.0,-0.05,2859.28
2025-10-15 06:00:00+00:00,short,sell - direction_change,112763.2,112378.0,1821144331713485.8,0.29,2859.57
2025-10-15 06:00:00+00:00,long,buy,112378.0,,1820233759547629.0,-0.05,2859.52
2025-10-15 10:00:00+00:00,long,sell - direction_change,112378.0,112506.1,1821398532277904.0,0.06,2859.58
2025-10-15 10:00:00+00:00,short,buy,112506.1,,1820487833011765.0,-0.05,2859.53
2025-10-16 01:00:00+00:00,short,sell - direction_change,112506.1,110387.1,1853865629638411.2,1.83,2861.37
2025-10-16 01:00:00+00:00,long,buy,110387.1,,1852938696823592.0,-0.05,2861.32
2025-10-16 04:00:00+00:00,long,sell - direction_change,110387.1,111277.5,1866958327297095.2,0.76,2862.07
2025-10-16 04:00:00+00:00,short,buy,111277.5,,1866024848133446.8,-0.05,2862.02
2025-10-16 06:00:00+00:00,short,sell - direction_change,111277.5,110881.8,1871727373283520.2,0.31,2862.33
2025-10-16 06:00:00+00:00,long,buy,110881.8,,1870791509596878.5,-0.05,2862.28
2025-10-16 07:00:00+00:00,long,sell - direction_change,110881.8,111604.0,1882041031729694.5,0.6,2862.88
2025-10-16 07:00:00+00:00,short,buy,111604.0,,1881100011213829.5,-0.05,2862.83
2025-10-16 08:00:00+00:00,short,sell - direction_change,111604.0,110518.2,1898460762166754.2,0.92,2863.75
2025-10-16 08:00:00+00:00,long,buy,110518.2,,1897511531785670.8,-0.05,2863.7
2025-10-16 09:35:00+00:00,long,sell - stop_loss,110518.2,109413.018,1877587660701921.2,-1.05,2862.65
2025-10-16 10:00:00+00:00,long,buy,111099.9,,1876648866871570.2,-0.05,2862.6
2025-10-16 13:00:00+00:00,long,sell - direction_change,111099.9,111470.8,1881975616166577.5,0.28,2862.89
2025-10-16 13:00:00+00:00,short,buy,111470.8,,1881034628358494.5,-0.05,2862.84
2025-10-16 16:04:00+00:00,short,sell - take_profit,111470.8,108126.676,1936525149895070.0,2.95,2865.79
2025-10-16 17:00:00+00:00,short,buy,109182.9,,1935556887320122.5,-0.05,2865.74
2025-10-16 21:00:00+00:00,short,sell - direction_change,109182.9,107796.4,1959168503857447.0,1.22,2866.96
2025-10-16 21:00:00+00:00,long,buy,107796.4,,1958188919605518.5,-0.05,2866.91
2025-10-16 22:00:00+00:00,long,sell - direction_change,107796.4,108374.6,1967713189203475.5,0.49,2867.39
2025-10-16 22:00:00+00:00,short,buy,108374.6,,1966729332608873.5,-0.05,2867.34
2025-10-16 23:00:00+00:00,short,sell - direction_change,108374.6,107738.5,1977289600200243.2,0.54,2867.88
2025-10-16 23:00:00+00:00,long,buy,107738.5,,1976300955400143.2,-0.05,2867.83
2025-10-17 04:00:00+00:00,long,sell - direction_change,107738.5,109121.9,2000689200005914.2,1.23,2869.07
2025-10-17 04:00:00+00:00,short,buy,109121.9,,1999688855405911.2,-0.05,2869.02
2025-10-17 05:00:00+00:00,short,sell - direction_change,109121.9,108729.7,2005876183938816.8,0.31,2869.32
2025-10-17 05:00:00+00:00,long,buy,108729.7,,2004873245846847.0,-0.05,2869.27
2025-10-17 06:00:00+00:00,long,sell - direction_change,108729.7,108328.0,1996463839620800.8,-0.42,2868.86
2025-10-17 06:00:00+00:00,short,buy,108328.0,,1995465607700990.5,-0.05,2868.81
2025-10-17 08:04:00+00:00,short,sell - take_profit,108328.0,105078.16,2054331843128169.5,2.95,2871.76
2025-10-17 09:00:00+00:00,short,buy,104845.2,,2053304677206605.5,-0.05,2871.71
2025-10-17 11:15:00+00:00,short,sell - stop_loss,104845.2,105893.652,2031744978095936.0,-1.05,2870.66
2025-10-17 12:00:00+00:00,short,buy,105610.5,,2030729105606888.0,-0.05,2870.61
2025-10-17 13:00:00+00:00,short,sell - direction_change,105610.5,105283.8,2035995684599487.2,0.26,2870.86
2025-10-17 13:00:00+00:00,long,buy,105283.8,,2034977686757187.8,-0.05,2870.81
2025-10-17 14:00:00+00:00,long,sell - direction_change,105283.8,105770.0,2043357713498365.8,0.41,2871.23
2025-10-17 14:00:00+00:00,short,buy,105770.0,,2042336034641616.8,-0.05,2871.18
2025-10-17 15:00:00+00:00,short,sell - direction_change,105770.0,105110.9,2054041572499613.0,0.57,2871.75
2025-10-17 15:00:00+00:00,long,buy,105110.9,,2053014551713363.2,-0.05,2871.7
2025-10-17 19:00:00+00:00,long,sell - direction_change,105110.9,106600.1,2081074935239617.2,1.37,2873.07
2025-10-17 19:00:00+00:00,short,buy,106600.1,,2080034397771997.5,-0.05,2873.02
2025-10-17 20:00:00+00:00,short,sell - direction_change,106600.1,106416.5,2082576875481005.0,0.12,2873.14
2025-10-17 20:00:00+00:00,long,buy,106416.5,,2081535587043264.8,-0.05,2873.09
2025-10-18 04:00:00+00:00,long,sell - direction_change,106416.5,107024.9,2092395288172862.0,0.52,2873.61
2025-10-18 04:00:00+00:00,short,buy,107024.9,,2091349090528775.2,-0.05,2873.56
2025-10-18 05:00:00+00:00,short,sell - direction_change,107024.9,106405.5,2102406969704874.2,0.53,2874.09
2025-10-18 05:00:00+00:00,long,buy,106405.5,,2101355766220021.8,-0.05,2874.04
2025-10-18 13:00:00+00:00,long,sell - direction_change,106405.5,107001.0,2112065357860423.2,0.51,2874.55
2025-10-18 13:00:00+00:00,short,buy,107001.0,,2111009325181493.0,-0.05,2874.5
2025-10-18 14:00:00+00:00,short,sell - direction_change,107001.0,106836.6,2113197247524816.8,0.1,2874.6
2025-10-18 14:00:00+00:00,long,buy,106836.6,,2112140648901054.5,-0.05,2874.55
2025-10-18 16:00:00+00:00,long,sell - direction_change,106836.6,106893.3,2112205527528486.5,0.0,2874.56
2025-10-18 16:00:00+00:00,short,buy,106893.3,,2111149424764722.0,-0.05,2874.51
2025-10-18 17:00:00+00:00,short,sell - direction_change,106893.3,106601.4,2115858893484330.5,0.22,2874.73
2025-10-18 17:00:00+00:00,long,buy,106601.4,,2114800964037588.2,-0.05,2874.68
2025-10-19 00:00:00+00:00,long,sell - direction_change,106601.4,107117.5,2123982160586563.5,0.43,2875.11
2025-10-19 00:00:00+00:00,short,buy,107117.5,,2122920169506270.5,-0.05,2875.06
2025-10-19 01:00:00+00:00,short,sell - direction_change,107117.5,106833.4,2127489177086994.2,0.22,2875.28
2025-10-19 01:00:00+00:00,long,buy,106833.4,,2126425432498451.0,-0.05,2875.23
2025-10-19 02:00:00+00:00,long,sell - direction_change,106833.4,106910.8,2126902799118583.2,0.02,2875.25
2025-10-19 02:00:00+00:00,short,buy,106910.8,,2125839347719024.0,-0.05,2875.2
2025-10-19 03:00:00+00:00,short,sell - direction_change,106910.8,106796.7,2127045219126839.2,0.06,2875.26
2025-10-19 03:00:00+00:00,long,buy,106796.7,,2125981696517276.2,-0.05,2875.21
2025-10-19 05:00:00+00:00,long,sell - direction_change,106796.7,106989.5,2128756738783229.0,0.13,2875.34
2025-10-19 05:00:00+00:00,short,buy,106989.5,,2127692360413837.5,-0.05,2875.29
2025-10-19 09:00:00+00:00,short,sell - direction_change,106989.5,106401.2,2138327993300562.0,0.5,2875.79
2025-10-19 09:00:00+00:00,long,buy,106401.2,,2137258829303911.8,-0.05,2875.74
2025-10-20 00:00:00+00:00,long,sell - direction_change,106401.2,108586.2,2180079841566506.2,2.0,2877.74
2025-10-20 00:00:00+00:00,short,buy,108586.2,,2178989801645723.0,-0.05,2877.69
2025-10-20 01:00:00+00:00,short,sell - direction_change,108586.2,108011.1,2189440788269499.2,0.48,2878.17
2025-10-20 01:00:00+00:00,long,buy,108011.1,,2188346067875364.5,-0.05,2878.12
2025-10-20 06:38:00+00:00,long,sell - take_profit,108011.1,111251.433,2252902276877687.5,2.95,2881.07
2025-10-20 07:00:00+00:00,long,buy,111232.1,,2251775825739248.8,-0.05,2881.02
2025-10-20 16:48:00+00:00,long,sell - stop_loss,111232.1,110119.77900000001,2228132179568987.0,-1.05,2879.97
2025-10-20 17:00:00+00:00,long,buy,110634.3,,2227018113479202.2,-0.05,2879.92
2025-10-20 23:00:00+00:00,long,sell - direction_change,110634.3,110731.5,2227861196190387.8,0.04,2879.96
2025-10-20 23:00:00+00:00,short,buy,110731.5,,2226747265592292.8,-0.05,2879.91
2025-10-21 05:40:00+00:00,short,sell - take_profit,110731.5,107409.555,2292436309927265.5,2.95,2882.86
2025-10-21 06:00:00+00:00,short,buy,107498.0,,2291290091772302.0,-0.05,2882.81
2025-10-21 07:00:00+00:00,short,sell - direction_change,107498.0,107868.2,2282253736276230.0,-0.39,2882.41
2025-10-21 07:00:00+00:00,long,buy,107868.2,,2281112609408092.0,-0.05,2882.36
2025-10-21 08:00:00+00:00,long,sell - direction_change,107868.2,108019.9,2283180086451930.0,0.09,2882.45
2025-10-21 08:00:00+00:00,short,buy,108019.9,,2282038496408704.0,-0.05,2882.4
2025-10-21 11:00:00+00:00,short,sell - direction_change,108019.9,108445.3,2271910437028336.0,-0.44,2881.96
2025-10-21 11:00:00+00:00,long,buy,108445.3,,2270774481809822.0,-0.05,2881.91
2025-10-21 12:00:00+00:00,long,sell - direction_change,108445.3,108519.4,2271190700669892.5,0.02,2881.93
2025-10-21 12:00:00+00:00,short,buy,108519.4,,2270055105319557.5,-0.05,2881.88
2025-10-21 14:00:00+00:00,short,sell - direction_change,108519.4,108384.4,2271744065360066.5,0.07,2881.95
2025-10-21 14:00:00+00:00,long,buy,108384.4,,2270608193327386.5,-0.05,2881.9
2025-10-21 14:55:00+00:00,long,sell - take_profit,108384.4,111635.932,2337591135030544.5,2.95,2884.85
2025-10-21 15:00:00+00:00,long,buy,112127.6,,2336422339463029.0,-0.05,2884.8
2025-10-21 20:16:00+00:00,long,sell - stop_loss,112127.6,111006.32400000001,2311889904898667.0,-1.05,2883.75
2025-10-21 21:00:00+00:00,long,buy,110733.0,,2310733959946217.5,-0.05,2883.7
2025-10-21 22:28:00+00:00,long,sell - stop_loss,110733.0,109625.67,2286471253366782.0,-1.05,2882.65
2025-10-21 23:00:00+00:00,short,buy,109008.0,,2285328017740098.5,-0.05,2882.6
2025-10-22 13:00:00+00:00,short,sell - direction_change,109008.0,107976.9,2305802131574064.0,0.9,2883.5
2025-10-22 13:00:00+00:00,long,buy,107976.9,,2304649230508277.0,-0.05,2883.45
2025-10-22 17:00:00+00:00,long,sell - direction_change,107976.9,108177.5,2307778494229417.0,0.14,2883.59
2025-10-22 17:00:00+00:00,short,buy,108177.5,,2306624604982302.5,-0.05,2883.54
2025-10-22 18:00:00+00:00,short,sell - direction_change,108177.5,107743.3,2314729561760565.5,0.35,2883.89
2025-10-22 18:00:00+00:00,long,buy,107743.3,,2313572196979685.0,-0.05,2883.84
2025-10-22 19:00:00+00:00,long,sell - direction_change,107743.3,107987.7,2317663412798176.0,0.18,2884.01
2025-10-22 19:00:00+00:00,short,buy,107987.7,,2316504581091777.0,-0.05,2883.96
2025-10-23 01:00:00+00:00,short,sell - direction_change,107987.7,107815.6,2319038142205960.5,0.11,2884.07
2025-10-23 01:00:00+00:00,long,buy,107815.6,,2317878623134857.5,-0.05,2884.02
2025-10-23 17:48:00+00:00,long,sell - take_profit,107815.6,111050.06800000001,2386256042517336.0,2.95,2886.97
2025-10-23 18:00:00+00:00,long,buy,111175.6,,2385062914496077.5,-0.05,2886.92
2025-10-23 19:04:00+00:00,long,sell - stop_loss,111175.6,110063.84400000001,2360019753893869.0,-1.05,2885.87
2025-10-23 20:00:00+00:00,long,buy,110137.9,,2358839744016922.0,-0.05,2885.82
2025-10-24 17:00:00+00:00,long,sell - direction_change,110137.9,110222.3,2359467931466235.5,0.03,2885.85
2025-10-24 17:00:00+00:00,short,buy,110222.3,,2358288197500502.5,-0.05,2885.8
2025-10-24 18:00:00+00:00,short,sell - direction_change,110222.3,110173.7,2358148886597018.0,-0.01,2885.79
2025-10-24 18:00:00+00:00,long,buy,110173.7,,2356969812153719.5,-0.05,2885.74
2025-10-25 00:00:00+00:00,long,sell - direction_change,110173.7,110965.4,2372728336717980.0,0.67,2886.41
2025-10-25 00:00:00+00:00,short,buy,110965.4,,2371541972549621.0,-0.05,2886.36
2025-10-25 01:00:00+00:00,short,sell - direction_change,110965.4,110720.7,2375585906684788.5,0.17,2886.53
2025-10-25 01:00:00+00:00,long,buy,110720.7,,2374398113731446.0,-0.05,2886.48
2025-10-25 20:00:00+00:00,long,sell - direction_change,110720.7,111574.9,2391529177372968.0,0.72,2887.2
2025-10-25 20:00:00+00:00,short,buy,111574.9,,2390333412784281.5,-0.05,2887.15
2025-10-25 21:00:00+00:00,short,sell - direction_change,111574.9,111385.1,2393204440909759.5,0.12,2887.27
2025-10-25 21:00:00+00:00,long,buy,111385.1,,2392007838689304.5,-0.05,2887.22
2025-10-26 03:00:00+00:00,long,sell - direction_change,111385.1,111404.6,2391230599513668.5,-0.03,2887.19
2025-10-26 03:00:00+00:00,short,buy,111404.6,,2390034984213911.5,-0.05,2887.14
2025-10-26 05:00:00+00:00,short,sell - direction_change,111404.6,111378.4,2389402052278293.5,-0.03,2887.12
2025-10-26 05:00:00+00:00,long,buy,111378.4,,2388207351252154.5,-0.05,2887.07
2025-10-26 22:03:00+00:00,long,sell - take_profit,111378.4,114719.752,2458659468114093.0,2.95,2890.02
2025-10-26 23:00:00+00:00,long,buy,114631.7,,2457430138380036.0,-0.05,2889.97
2025-10-27 19:00:00+00:00,long,sell - direction_change,114631.7,115277.9,2470054409486757.0,0.51,2890.48
2025-10-27 19:00:00+00:00,short,buy,115277.9,,2468819382282013.5,-0.05,2890.43
2025-10-28 08:00:00+00:00,short,sell - direction_change,115277.9,114128.8,2492194376060056.5,0.95,2891.38
2025-10-28 08:00:00+00:00,long,buy,114128.8,,2490948278872026.5,-0.05,2891.33
2025-10-28 11:00:00+00:00,long,sell - direction_change,114128.8,114543.4,2498751766575879.0,0.31,2891.64
2025-10-28 11:00:00+00:00,short,buy,114543.4,,2497502390692591.0,-0.05,2891.59
2025-10-28 12:00:00+00:00,short,sell - direction_change,114543.4,114290.6,2501765686497482.5,0.17,2891.76
2025-10-28 12:00:00+00:00,long,buy,114290.6,,2500514803654234.0,-0.05,2891.71
2025-10-28 19:00:00+00:00,long,sell - direction_change,114290.6,114971.1,2514152912608754.0,0.55,2892.26
2025-10-28 19:00:00+00:00,short,buy,114971.1,,2512895836152449.5,-0.05,2892.21
2025-10-29 06:00:00+00:00,short,sell - direction_change,114971.1,112987.0,2555005387415994.5,1.68,2893.88
2025-10-29 06:00:00+00:00,long,buy,112987.0,,2553727884722286.5,-0.05,2893.83
2025-10-29 08:00:00+00:00,long,sell - direction_change,112987.0,113512.0,2564317050849572.5,0.41,2894.25
2025-10-29 08:00:00+00:00,short,buy,113512.0,,2563034892324147.5,-0.05,2894.2
2025-10-29 11:00:00+00:00,short,sell - direction_change,113512.0,112810.4,2577595094523967.0,0.57,2894.76
2025-10-29 11:00:00+00:00,long,buy,112810.4,,2576306296976705.0,-0.05,2894.71
2025-10-29 13:00:00+00:00,long,sell - direction_change,112810.4,113102.4,2581686690688410.5,0.21,2894.92
2025-10-29 13:00:00+00:00,short,buy,113102.4,,2580395847343066.5,-0.05,2894.87
2025-10-29 17:00:00+00:00,short,sell - direction_change,113102.4,111060.0,2625702366010850.5,1.76,2896.63
2025-10-29 17:00:00+00:00,long,buy,111060.0,,2624389514827845.0,-0.05,2896.58
2025-10-29 18:00:00+00:00,long,sell - direction_change,111060.0,111819.3,2641019864268241.0,0.63,2897.21
2025-10-29 18:00:00+00:00,short,buy,111819.3,,2639699354336107.0,-0.05,2897.16
2025-10-29 21:00:00+00:00,short,sell - direction_change,111819.3,111371.9,2648941200995170.5,0.35,2897.51
2025-10-29 21:00:00+00:00,long,buy,111371.9,,2647616730394673.0,-0.05,2897.46
2025-10-29 22:00:00+00:00,long,sell - direction_change,111371.9,111558.2,2650721786014669.0,0.12,2897.58
2025-10-29 22:00:00+00:00,short,buy,111558.2,,2649396425121661.5,-0.05,2897.53
2025-10-30 00:00:00+00:00,short,sell - direction_change,111558.2,109985.6,2685419414646499.5,1.36,2898.89
2025-10-30 00:00:00+00:00,long,buy,109985.6,,2684076704939176.5,-0.05,2898.84
2025-10-30 01:00:00+00:00,long,sell - direction_change,109985.6,110496.3,2695197734235676.0,0.41,2899.25
2025-10-30 01:00:00+00:00,short,buy,110496.3,,2693850135368558.0,-0.05,2899.2
2025-10-30 02:00:00+00:00,short,sell - direction_change,110496.3,110405.5,2694716873494043.5,0.03,2899.24
2025-10-30 02:00:00+00:00,long,buy,110405.5,,2693369515057296.5,-0.05,2899.19
2025-10-30 03:00:00+00:00,long,sell - direction_change,110405.5,110925.9,2704718117179822.0,0.42,2899.61
2025-10-30 03:00:00+00:00,short,buy,110925.9,,2703365758121232.0,-0.05,2899.56
2025-10-30 05:00:00+00:00,short,sell - direction_change,110925.9,108503.7,2761045307256707.5,2.13,2901.69
2025-10-30 05:00:00+00:00,long,buy,108503.7,,2759664784603079.0,-0.05,2901.64
2025-10-30 11:00:00+00:00,long,sell - direction_change,108503.7,110055.2,2797745541235038.0,1.38,2903.02
2025-10-30 11:00:00+00:00,short,buy,110055.2,,2796346668464420.5,-0.05,2902.97
2025-10-30 17:23:00+00:00,short,sell - take_profit,110055.2,106753.544,2878838895184121.0,2.95,2905.92
2025-10-30 18:00:00+00:00,short,buy,107446.2,,2877399475736529.0,-0.05,2905.87
2025-10-30 20:00:00+00:00,short,sell - direction_change,107446.2,106494.3,2901452571529387.5,0.84,2906.71
2025-10-30 20:00:00+00:00,long,buy,106494.3,,2900001845243623.0,-0.05,2906.66
2025-10-31 01:06:00+00:00,long,sell - take_profit,106494.3,109689.129,2985551899678310.0,2.95,2909.61
2025-10-31 02:00:00+00:00,long,buy,109585.3,,2984059123728471.0,-0.05,2909.56
2025-10-31 16:00:00+00:00,long,sell - direction_change,109585.3,110160.1,2998219167796182.5,0.47,2910.03
2025-10-31 16:00:00+00:00,short,buy,110160.1,,2996720058212285.0,-0.05,2909.98
2025-10-31 17:00:00+00:00,short,sell - direction_change,110160.1,108812.8,3031872726408728.5,1.17,2911.15
2025-10-31 17:00:00+00:00,long,buy,108812.8,,3030356790045524.0,-0.05,2911.1
2025-11-01 13:00:00+00:00,long,sell - direction_change,108812.8,109972.1,3061127267627553.5,1.02,2912.12
2025-11-01 13:00:00+00:00,short,buy,109972.1,,3059596703993739.5,-0.05,2912.07
2025-11-01 15:00:00+00:00,short,sell - direction_change,109972.1,109880.0,3060629272427844.0,0.03,2912.1
2025-11-01 15:00:00+00:00,long,buy,109880.0,,3059098957791630.0,-0.05,2912.05
2025-11-01 21:00:00+00:00,long,sell - direction_change,109880.0,110358.4,3070888237411819.5,0.39,2912.44
2025-11-01 21:00:00+00:00,short,buy,110358.4,,3069352793293113.5,-0.05,2912.39
2025-11-01 22:00:00+00:00,short,sell - direction_change,110358.4,109815.2,3082925915100471.5,0.44,2912.83
2025-11-01 22:00:00+00:00,long,buy,109815.2,,3081384452142921.5,-0.05,2912.78
2025-11-02 00:00:00+00:00,long,sell - direction_change,109815.2,110047.3,3086356422383816.5,0.16,2912.94
2025-11-02 00:00:00+00:00,short,buy,110047.3,,3084813244172624.5,-0.05,2912.89
2025-11-02 04:00:00+00:00,short,sell - direction_change,110047.3,110008.4,3084361270802406.5,-0.01,2912.88
2025-11-02 04:00:00+00:00,long,buy,110008.4,,3082819090167005.5,-0.05,2912.83
2025-11-02 14:00:00+00:00,long,sell - direction_change,110008.4,110513.0,3095418332725746.0,0.41,2913.24
2025-11-02 14:00:00+00:00,short,buy,110513.0,,3093870623559383.0,-0.05,2913.19
2025-11-02 23:00:00+00:00,short,sell - direction_change,110513.0,109860.9,3110579576999362.0,0.54,2913.73
2025-11-02 23:00:00+00:00,long,buy,109860.9,,3109024287210862.5,-0.05,2913.68
2025-11-03 00:00:00+00:00,long,sell - direction_change,109860.9,110494.9,3125411748945968.0,0.53,2914.2
2025-11-03 00:00:00+00:00,short,buy,110494.9,,3123849043071495.0,-0.05,2914.15
2025-11-03 06:45:00+00:00,short,sell - take_profit,110494.9,107180.05299999999,3216002589842104.5,2.95,2917.1
2025-11-03 07:00:00+00:00,short,buy,107452.8,,3214394588547183.5,-0.05,2917.05
2025-11-03 11:00:00+00:00,short,sell - direction_change,107452.8,106926.0,3228546339081600.0,0.44,2917.49
2025-11-03 11:00:00+00:00,long,buy,106926.0,,3226932065912059.0,-0.05,2917.44
2025-11-03 12:00:00+00:00,long,sell - direction_change,106926.0,107737.4,3249805933907132.0,0.71,2918.15
2025-11-03 12:00:00+00:00,short,buy,107737.4,,3248181030940178.5,-0.05,2918.1
2025-11-03 14:00:00+00:00,short,sell - direction_change,107737.4,107855.0,3243011411302615.5,-0.16,2917.94
2025-11-03 14:00:00+00:00,long,buy,107855.0,,3241389905596964.0,-0.05,2917.89
2025-11-03 15:00:00+00:00,long,sell - direction_change,107855.0,108016.5,3244622805468270.5,0.1,2917.99
2025-11-03 15:00:00+00:00,short,buy,108016.5,,3243000494065537.5,-0.05,2917.94
2025-11-03 16:00:00+00:00,short,sell - direction_change,108016.5,105718.8,3310363290062267.0,2.08,2920.02
2025-11-03 16:00:00+00:00,long,buy,105718.8,,3308708108417236.0,-0.05,2919.97
2025-11-03 18:00:00+00:00,long,sell - direction_change,105718.8,107433.3,3360712895895861.0,1.57,2921.54
2025-11-03 18:00:00+00:00,short,buy,107433.3,,3359032539447913.0,-0.05,2921.49
2025-11-03 19:00:00+00:00,short,sell - direction_change,107433.3,106905.9,3373842824397223.0,0.44,2921.93
2025-11-03 19:00:00+00:00,long,buy,106905.9,,3372155902985024.5,-0.05,2921.88
2025-11-03 20:00:00+00:00,long,sell - direction_change,106905.9,107034.7,3374532591263501.5,0.07,2921.95
2025-11-03 20:00:00+00:00,short,buy,107034.7,,3372845324967869.5,-0.05,2921.9
2025-11-04 01:00:00+00:00,short,sell - direction_change,107034.7,106428.8,3390251841159776.0,0.52,2922.42
2025-11-04 01:00:00+00:00,long,buy,106428.8,,3388556715239196.0,-0.05,2922.37
2025-11-04 02:00:00+00:00,long,sell - direction_change,106428.8,106990.9,3404758981140611.0,0.48,2922.85
2025-11-04 02:00:00+00:00,short,buy,106990.9,,3403056601650040.5,-0.05,2922.8
2025-11-04 03:00:00+00:00,short,sell - direction_change,106990.9,106438.0,3418941148380384.5,0.47,2923.26
2025-11-04 03:00:00+00:00,long,buy,106438.0,,3417231677806194.5,-0.05,2923.21
2025-11-04 04:00:00+00:00,long,sell - direction_change,106438.0,107097.1,3436683713227575.0,0.57,2923.78
2025-11-04 04:00:00+00:00,short,buy,107097.1,,3434965371370961.5,-0.05,2923.73
2025-11-04 08:13:00+00:00,short,sell - take_profit,107097.1,103884.187,3536296849826404.5,2.95,2926.68
2025-11-04 09:00:00+00:00,short,buy,104018.5,,3534528701401491.0,-0.05,2926.63
2025-11-04 10:00:00+00:00,short,sell - direction_change,104018.5,103822.4,3539424877480568.5,0.14,2926.77
2025-11-04 10:00:00+00:00,long,buy,103822.4,,3537655165041828.0,-0.05,2926.72
2025-11-04 12:00:00+00:00,long,sell - direction_change,103822.4,104530.7,3560021024707908.0,0.63,2927.35
2025-11-04 12:00:00+00:00,short,buy,104530.7,,3558241014195554.0,-0.05,2927.3
2025-11-04 17:09:00+00:00,short,sell - take_profit,104530.7,101394.779,3663209124114323.0,2.95,2930.25
2025-11-04 18:00:00+00:00,short,buy,101074.8,,3661377519552266.0,-0.05,2930.2
2025-11-04 20:00:00+00:00,short,sell - direction_change,101074.8,100507.0,3680115064967593.5,0.51,2930.72
2025-11-04 20:00:00+00:00,long,buy,100507.0,,3678275007435110.0,-0.05,2930.67
2025-11-04 20:18:00+00:00,long,sell - stop_loss,100507.0,99501.93,3639653119857040.5,-1.05,2929.62
2025-11-04 21:00:00+00:00,short,buy,100710.0,,3637833293297112.5,-0.05,2929.57
2025-11-04 22:00:00+00:00,short,sell - direction_change,100710.0,100274.2,3651756286582137.5,0.38,2929.95
2025-11-04 22:00:00+00:00,long,buy,100274.2,,3649930408438846.5,-0.05,2929.9
2025-11-05 00:00:00+00:00,long,sell - direction_change,100274.2,101450.2,3690911251312119.5,1.12,2931.02
2025-11-05 00:00:00+00:00,short,buy,101450.2,,3689065795686463.5,-0.05,2930.97
2025-11-05 02:00:00+00:00,short,sell - direction_change,101450.2,100722.1,3713697393992297.5,0.67,2931.64
2025-11-05 02:00:00+00:00,long,buy,100722.1,,3711840545295302.0,-0.05,2931.59
2025-11-05 07:00:00+00:00,long,sell - direction_change,100722.1,102068.8,3759613610740278.5,1.29,2932.88
2025-11-05 07:00:00+00:00,short,buy,102068.8,,3757733803934909.0,-0.05,2932.83
2025-11-05 09:00:00+00:00,short,sell - direction_change,102068.8,101650.7,3771247579088350.5,0.36,2933.19
2025-11-05 09:00:00+00:00,long,buy,101650.7,,3769361955298807.0,-0.05,2933.14
2025-11-06 01:00:00+00:00,long,sell - direction_change,101650.7,103631.5,3840928339203700.5,1.9,2935.03
2025-11-06 01:00:00+00:00,short,buy,103631.5,,3839007875034098.5,-0.05,2934.98
2025-11-06 03:00:00+00:00,short,sell - direction_change,103631.5,103278.1,3850180002338405.0,0.29,2935.28
2025-11-06 03:00:00+00:00,long,buy,103278.1,,3848254912337236.0,-0.05,2935.23
2025-11-06 05:00:00+00:00,long,sell - direction_change,103278.1,103987.5,3872763804415819.0,0.64,2935.86
2025-11-06 05:00:00+00:00,short,buy,103987.5,,3870827422513611.0,-0.05,2935.81
2025-11-06 06:00:00+00:00,short,sell - direction_change,103987.5,103103.5,3901797996940371.0,0.8,2936.61
2025-11-06 06:00:00+00:00,long,buy,103103.5,,3899847097941901.0,-0.05,2936.56
2025-11-06 09:00:00+00:00,long,sell - direction_change,103103.5,103161.3,3900083435405030.0,0.01,2936.57
2025-11-06 09:00:00+00:00,short,buy,103161.3,,3898133393687327.5,-0.05,2936.52
2025-11-06 10:00:00+00:00,short,sell - direction_change,103161.3,102766.4,3911106326588852.0,0.33,2936.85
2025-11-06 10:00:00+00:00,long,buy,102766.4,,3909150773425558.0,-0.05,2936.8
2025-11-06 12:00:00+00:00,long,sell - direction_change,102766.4,103182.6,3923028109557588.0,0.35,2937.16
2025-11-06 12:00:00+00:00,short,buy,103182.6,,3921066595502809.0,-0.05,2937.11
2025-11-06 13:00:00+00:00,short,sell - direction_change,103182.6,102507.1,3944775898837030.0,0.6,2937.71
2025-11-06 13:00:00+00:00,long,buy,102507.1,,3942803510887611.5,-0.05,2937.66
2025-11-06 14:00:00+00:00,long,sell - direction_change,102507.1,103269.9,3970172228188359.5,0.69,2938.36
2025-11-06 14:00:00+00:00,short,buy,103269.9,,3968187142074266.0,-0.05,2938.31
2025-11-06 22:00:00+00:00,short,sell - direction_change,103269.9,101071.8,4050665918681213.0,2.08,2940.38
2025-11-06 22:00:00+00:00,long,buy,101071.8,,4048640585721872.5,-0.05,2940.33
2025-11-06 23:00:00+00:00,long,sell - direction_change,101071.8,101364.1,4058324948199146.0,0.24,2940.57
2025-11-06 23:00:00+00:00,short,buy,101364.1,,4056295785725047.0,-0.05,2940.52
2025-11-07 02:00:00+00:00,short,sell - direction_change,101364.1,101501.3,4048777293797151.5,-0.19,2940.34
2025-11-07 02:00:00+00:00,long,buy,101501.3,,4046752905150253.0,-0.05,2940.29
2025-11-07 09:00:00+00:00,long,sell - direction_change,101501.3,101461.8,4043154704141210.0,-0.09,2940.2
2025-11-07 09:00:00+00:00,short,buy,101461.8,,4041133126789139.0,-0.05,2940.15
2025-11-07 13:00:00+00:00,short,sell - direction_change,101461.8,99608.9,4112911916935636.0,1.78,2941.92
2025-11-07 13:00:00+00:00,long,buy,99608.9,,4110855460977168.0,-0.05,2941.87
2025-11-07 17:32:00+00:00,long,sell - take_profit,99608.9,102597.167,4232125697075995.0,2.95,2944.82
2025-11-07 18:00:00+00:00,long,buy,102354.7,,4230009634227457.5,-0.05,2944.77
2025-11-08 06:00:00+00:00,long,sell - direction_change,102354.7,102257.4,4223873515212262.0,-0.15,2944.63
2025-11-08 06:00:00+00:00,short,buy,102257.4,,4221761578454656.0,-0.05,2944.58
2025-11-08 07:00:00+00:00,short,sell - direction_change,102257.4,102171.8,4223184747926003.0,0.03,2944.61
2025-11-08 07:00:00+00:00,long,buy,102171.8,,4221073155552040.5,-0.05,2944.56
2025-11-08 09:00:00+00:00,long,sell - direction_change,102171.8,102392.0,4228059848433396.5,0.17,2944.73
2025-11-08 09:00:00+00:00,short,buy,102392.0,,4225945818509180.0,-0.05,2944.68
2025-11-08 10:00:00+00:00,short,sell - direction_change,102392.0,102354.6,4225376426872019.0,-0.01,2944.67
2025-11-08 10:00:00+00:00,long,buy,102354.6,,4223263738658583.0,-0.05,2944.62
2025-11-08 11:00:00+00:00,long,sell - direction_change,102354.6,102430.8,4224296202871753.0,0.02,2944.64
2025-11-08 11:00:00+00:00,short,buy,102430.8,,4222184054770317.0,-0.05,2944.59
2025-11-08 12:00:00+00:00,short,sell - direction_change,102430.8,101805.6,4245843624214310.0,0.56,2945.15
2025-11-08 12:00:00+00:00,long,buy,101805.6,,4243720702402202.0,-0.05,2945.1
2025-11-08 13:00:00+00:00,long,sell - direction_change,101805.6,102011.6,4250185859510697.5,0.15,2945.25
2025-11-08 13:00:00+00:00,short,buy,102011.6,,4248060766580942.0,-0.05,2945.2
2025-11-08 21:00:00+00:00,short,sell - direction_change,102011.6,102024.3,4245407871129997.0,-0.06,2945.14
2025-11-08 21:00:00+00:00,long,buy,102024.3,,4243285167194432.0,-0.05,2945.09
2025-11-09 00:00:00+00:00,long,sell - direction_change,102024.3,102269.3,4251353301614574.5,0.19,2945.28
2025-11-09 00:00:00+00:00,short,buy,102269.3,,4249227624963767.0,-0.05,2945.23
2025-11-09 11:00:00+00:00,short,sell - direction_change,102269.3,101829.3,4265384745307910.0,0.38,2945.61
2025-11-09 11:00:00+00:00,long,buy,101829.3,,4263252052935255.5,-0.05,2945.56
2025-11-09 20:00:00+00:00,long,sell - take_profit,101829.3,104884.179,4389017988496845.5,2.95,2948.51
2025-11-09 21:00:00+00:00,long,buy,104585.4,,4386823479502597.0,-0.05,2948.46
2025-11-10 10:00:00+00:00,long,sell - direction_change,104585.4,106402.0,4460827161552843.5,1.69,2950.15
2025-11-10 10:00:00+00:00,short,buy,106402.0,,4458596747972067.0,-0.05,2950.1
2025-11-10 11:00:00+00:00,short,sell - direction_change,106402.0,105946.1,4475471171872102.5,0.38,2950.48
2025-11-10 11:00:00+00:00,long,buy,105946.1,,4473233436286166.5,-0.05,2950.43
2025-11-10 14:52:00+00:00,long,sell - stop_loss,105946.1,104886.63900000001,4426264485205162.0,-1.05,2949.38
2025-11-10 15:00:00+00:00,long,buy,104846.6,,4424051352962559.5,-0.05,2949.33
2025-11-10 21:00:00+00:00,long,sell - direction_change,104846.6,105956.7,4468680516289095.0,1.01,2950.33
2025-11-10 21:00:00+00:00,short,buy,105956.7,,4466446176030950.5,-0.05,2950.28
2025-11-10 22:00:00+00:00,short,sell - direction_change,105956.7,105583.5,4479944640631347.0,0.3,2950.59
2025-11-10 22:00:00+00:00,long,buy,105583.5,,4477704668311031.5,-0.05,2950.54
2025-11-11 05:00:00+00:00,long,sell - direction_change,105583.5,105709.0,4480788162137716.0,0.07,2950.61
2025-11-11 05:00:00+00:00,short,buy,105709.0,,4478547768056647.0,-0.05,2950.56
2025-11-11 18:00:00+00:00,short,sell - direction_change,105709.0,103294.0,4578624218092595.0,2.23,2952.79
2025-11-11 18:00:00+00:00,long,buy,103294.0,,4576334905983549.0,-0.05,2952.74
2025-11-11 19:00:00+00:00,long,sell - direction_change,103294.0,103344.5,4576284089322977.0,-0.0,2952.74
2025-11-11 19:00:00+00:00,short,buy,103344.5,,4573995947278316.0,-0.05,2952.69
2025-11-11 22:00:00+00:00,short,sell - direction_change,103344.5,102598.3,4604735532972497.0,0.67,2953.36
2025-11-11 22:00:00+00:00,long,buy,102598.3,,4602433165206011.0,-0.05,2953.31
2025-11-12 00:00:00+00:00,long,sell - direction_change,102598.3,103005.8,4618411895901496.0,0.35,2953.66
2025-11-12 00:00:00+00:00,short,buy,103005.8,,4616102689953545.0,-0.05,2953.61
2025-11-12 05:00:00+00:00,short,sell - direction_change,103005.8,103200.0,4605091758359214.0,-0.24,2953.37
2025-11-12 05:00:00+00:00,long,buy,103200.0,,4602789212480034.0,-0.05,2953.32
2025-11-12 15:52:00+00:00,long,sell - stop_loss,103200.0,102168.0,4554459925748994.0,-1.05,2952.27
2025-11-12 16:00:00+00:00,short,buy,102124.9,,4552182695786120.0,-0.05,2952.22
2025-11-12 17:00:00+00:00,short,sell - direction_change,102124.9,101393.1,4582526340631616.0,0.67,2952.89
2025-11-12 17:00:00+00:00,long,buy,101393.1,,4580235077461300.0,-0.05,2952.84
2025-11-12 18:00:00+00:00,long,sell - direction_change,101393.1,101700.0,4591808567458712.0,0.25,2953.09
2025-11-12 18:00:00+00:00,short,buy,101700.0,,4589512663174983.0,-0.05,2953.04
2025-11-13 02:00:00+00:00,short,sell - direction_change,101700.0,101960.1,4575480126669434.0,-0.31,2952.73
2025-11-13 02:00:00+00:00,long,buy,101960.1,,4573192386606099.0,-0.05,2952.68
2025-11-13 03:15:00+00:00,long,sell - stop_loss,101960.1,100940.49900000001,4525173866546735.0,-1.05,2951.63
2025-11-13 04:00:00+00:00,short,buy,102088.0,,4522911279613462.0,-0.05,2951.58
2025-11-13 05:00:00+00:00,short,sell - direction_change,102088.0,102067.2,4521571348096138.0,-0.03,2951.55
2025-11-13 05:00:00+00:00,long,buy,102067.2,,4519310562422090.0,-0.05,2951.5
2025-11-13 09:00:00+00:00,long,sell - direction_change,102067.2,103635.2,4586478489771517.0,1.49,2952.99
2025-11-13 09:00:00+00:00,short,buy,103635.2,,4584185250526631.0,-0.05,2952.94
2025-11-13 10:00:00+00:00,short,sell - direction_change,103635.2,102792.3,4619177881119626.0,0.76,2953.7
2025-11-13 10:00:00+00:00,long,buy,102792.3,,4616868292179066.0,-0.05,2953.65
2025-11-13 14:36:00+00:00,long,sell - stop_loss,102792.3,101764.37700000001,4568391175111186.0,-1.05,2952.6
2025-11-13 15:00:00+00:00,short,buy,102823.4,,4566106979523630.0,-0.05,2952.55
2025-11-13 17:00:00+00:00,short,sell - direction_change,102823.4,100580.3,4663433884134548.0,2.13,2954.69
2025-11-13 17:00:00+00:00,long,buy,100580.3,,4661102167192481.0,-0.05,2954.64
2025-11-13 17:59:00+00:00,long,sell - stop_loss,100580.3,99574.497,4612160594436960.0,-1.05,2953.59
2025-11-13 18:00:00+00:00,short,buy,99601.4,,4609854514139742.0,-0.05,2953.54
2025-11-13 19:00:00+00:00,short,sell - direction_change,99601.4,98539.6,4656692907389347.0,1.02,2954.55
2025-11-13 19:00:00+00:00,long,buy,98539.6,,4654364560935652.0,-0.05,2954.5
2025-11-13 20:00:00+00:00,long,sell - direction_change,98539.6,98643.1,4656926039985825.0,0.06,2954.56
2025-11-13 20:00:00+00:00,short,buy,98643.1,,4654597576965832.0,-0.05,2954.51
2025-11-13 21:00:00+00:00,short,sell - direction_change,98643.1,98132.1,4676382449853113.0,0.47,2954.97
2025-11-13 21:00:00+00:00,long,buy,98132.1,,4674044258628186.0,-0.05,2954.92
2025-11-13 23:00:00+00:00,long,sell - direction_change,98132.1,99820.5,4752125940738033.0,1.67,2956.59
2025-11-13 23:00:00+00:00,short,buy,99820.5,,4749749877767664.0,-0.05,2956.54
2025-11-14 01:00:00+00:00,short,sell - direction_change,99820.5,98941.0,4789224172262881.0,0.83,2957.38
2025-11-14 01:00:00+00:00,long,buy,98941.0,,4786829560176750.0,-0.05,2957.33
2025-11-14 03:00:00+00:00,long,sell - direction_change,98941.0,99573.3,4815027228273323.0,0.59,2957.91
2025-11-14 03:00:00+00:00,short,buy,99573.3,,4812619714659186.0,-0.05,2957.86
2025-11-14 06:00:00+00:00,short,sell - direction_change,99573.3,97491.8,4910817361244629.0,2.04,2959.91
2025-11-14 06:00:00+00:00,long,buy,97491.8,,4908361952564007.0,-0.05,2959.86
2025-11-14 06:46:00+00:00,long,sell - stop_loss,97491.8,96516.882,4856824152062085.0,-1.05,2958.81
2025-11-14 07:00:00+00:00,short,buy,97531.0,,4854395739986054.0,-0.05,2958.76
2025-11-14 12:42:00+00:00,short,sell - take_profit,97531.0,94605.06999999999,4997600414315643.0,2.95,2961.71
2025-11-14 13:00:00+00:00,short,buy,95327.0,,4995101614108485.0,-0.05,2961.66
2025-11-14 14:00:00+00:00,short,sell - direction_change,95327.0,95209.0,4998787222222458.0,0.07,2961.73
2025-11-14 14:00:00+00:00,long,buy,95209.0,,4996287828611347.0,-0.05,2961.68
2025-11-14 17:00:00+00:00,long,sell - direction_change,95209.0,96972.6,5086338217026327.0,1.8,2963.48
2025-11-14 17:00:00+00:00,short,buy,96972.6,,5083795047917814.0,-0.05,2963.43
2025-11-14 19:00:00+00:00,short,sell - direction_change,96972.6,95023.9,5183413878371423.0,1.96,2965.39
2025-11-14 19:00:00+00:00,long,buy,95023.9,,5180822171432237.0,-0.05,2965.34
2025-11-14 20:00:00+00:00,long,sell - direction_change,95023.9,95737.4,5217132674951340.0,0.7,2966.04
2025-11-14 20:00:00+00:00,short,buy,95737.4,,5214524108613864.0,-0.05,2965.99
2025-11-14 21:00:00+00:00,short,sell - direction_change,95737.4,94336.6,5288214149090712.0,1.41,2967.4
2025-11-14 21:00:00+00:00,long,buy,94336.6,,5285570042016167.0,-0.05,2967.35
2025-11-14 23:00:00+00:00,long,sell - direction_change,94336.6,95147.5,5328361041412563.0,0.81,2968.16
2025-11-14 23:00:00+00:00,short,buy,95147.5,,5325696860891857.0,-0.05,2968.11
2025-11-15 00:00:00+00:00,short,sell - direction_change,95147.5,94544.9,5356763379269509.0,0.58,2968.7
2025-11-15 00:00:00+00:00,long,buy,94544.9,,5354084997579874.0,-0.05,2968.65
2025-11-15 08:00:00+00:00,long,sell - direction_change,94544.9,96289.3,5450193461964886.0,1.8,2970.44
2025-11-15 08:00:00+00:00,short,buy,96289.3,,5447468365233904.0,-0.05,2970.39
2025-11-15 10:00:00+00:00,short,sell - direction_change,96289.3,95774.1,5473891542512566.0,0.49,2970.88
2025-11-15 10:00:00+00:00,long,buy,95774.1,,5471154596741310.0,-0.05,2970.83
2025-11-15 20:00:00+00:00,long,sell - direction_change,95774.1,95967.7,5479478538978274.0,0.15,2970.98
2025-11-15 20:00:00+00:00,short,buy,95967.7,,5476738799708785.0,-0.05,2970.93
2025-11-16 02:00:00+00:00,short,sell - direction_change,95967.7,95243.7,5515318070421064.0,0.7,2971.63
2025-11-16 02:00:00+00:00,long,buy,95243.7,,5512560411385853.0,-0.05,2971.58
2025-11-16 03:00:00+00:00,long,sell - direction_change,95243.7,95934.2,5549769220357312.0,0.67,2972.26
2025-11-16 03:00:00+00:00,short,buy,95934.2,,5546994335747133.0,-0.05,2972.21
2025-11-16 05:00:00+00:00,short,sell - direction_change,95934.2,95781.0,5553078988563691.0,0.11,2972.32
2025-11-16 05:00:00+00:00,long,buy,95781.0,,5550302449069409.0,-0.05,2972.27
2025-11-16 06:00:00+00:00,long,sell - direction_change,95781.0,95849.9,5551519904298564.0,0.02,2972.29
2025-11-16 06:00:00+00:00,short,buy,95849.9,,5548744144346415.0,-0.05,2972.24
2025-11-16 07:00:00+00:00,short,sell - direction_change,95849.9,95763.0,5551000407320743.0,0.04,2972.28
2025-11-16 07:00:00+00:00,long,buy,95763.0,,5548224907117083.0,-0.05,2972.23
2025-11-16 12:00:00+00:00,long,sell - direction_change,95763.0,95588.0,5535311812397456.0,-0.23,2972.0
2025-11-16 12:00:00+00:00,short,buy,95588.0,,5532544156491257.0,-0.05,2971.95
2025-11-16 20:00:00+00:00,short,sell - direction_change,95588.0,93994.5,5622008176012049.0,1.62,2973.57
2025-11-16 20:00:00+00:00,long,buy,93994.5,,5619197171924043.0,-0.05,2973.52
2025-11-16 21:00:00+00:00,long,sell - direction_change,93994.5,94051.1,5619771245360709.0,0.01,2973.53
2025-11-16 21:00:00+00:00,short,buy,94051.1,,5616961359738029.0,-0.05,2973.48
2025-11-16 23:00:00+00:00,short,sell - direction_change,94051.1,94156.6,5607852161432823.0,-0.16,2973.31
2025-11-16 23:00:00+00:00,long,buy,94156.6,,5605048235352107.0,-0.05,2973.26
2025-11-16 23:02:00+00:00,long,sell - stop_loss,94156.6,93215.034,5546195228880910.0,-1.05,2972.21
2025-11-17 00:00:00+00:00,long,buy,94221.7,,5543422131266470.0,-0.05,2972.16
2025-11-17 13:00:00+00:00,long,sell - direction_change,94221.7,95283.4,5603114282312915.0,1.08,2973.24
2025-11-17 13:00:00+00:00,short,buy,95283.4,,5600312725171759.0,-0.05,2973.19
2025-11-17 14:00:00+00:00,short,sell - direction_change,95283.4,93913.6,5678023007888175.0,1.39,2974.58
2025-11-17 14:00:00+00:00,long,buy,93913.6,,5675183996384231.0,-0.05,2974.53
2025-11-17 15:00:00+00:00,long,sell - direction_change,93913.6,94730.2,5721693413247879.0,0.82,2975.35
2025-11-17 15:00:00+00:00,short,buy,94730.2,,5718832566541255.0,-0.05,2975.3
2025-11-17 16:00:00+00:00,short,sell - direction_change,94730.2,93915.8,5765138223721265.0,0.81,2976.11
2025-11-17 16:00:00+00:00,long,buy,93915.8,,5762255654609403.0,-0.05,2976.06
2025-11-17 17:00:00+00:00,long,sell - direction_change,93915.8,94267.0,5780922596285833.0,0.32,2976.38
2025-11-17 17:00:00+00:00,short,buy,94267.0,,5778032134987690.0,-0.05,2976.33
2025-11-17 20:00:00+00:00,short,sell - direction_change,94267.0,91656.2,5935170342636087.0,2.72,2979.05
2025-11-17 20:00:00+00:00,long,buy,91656.2,,5932202757464769.0,-0.05,2979.0
2025-11-17 23:00:00+00:00,long,sell - direction_change,91656.2,92213.1,5965280521265175.0,0.56,2979.56
2025-11-17 23:00:00+00:00,short,buy,92213.1,,5962297881004541.0,-0.05,2979.51
2025-11-18 02:00:00+00:00,short,sell - direction_change,92213.1,91681.2,5993708225711974.0,0.53,2980.04
2025-11-18 02:00:00+00:00,long,buy,91681.2,,5990711371599118.0,-0.05,2979.99
2025-11-18 02:17:00+00:00,long,sell - stop_loss,91681.2,90764.38799999999,5927808902197327.0,-1.05,2978.94
2025-11-18 03:00:00+00:00,short,buy,90837.6,,5924844997746228.0,-0.05,2978.89
2025-11-18 05:00:00+00:00,short,sell - direction_change,90837.6,90049.4,5973292595186495.0,0.82,2979.7
2025-11-18 05:00:00+00:00,long,buy,90049.4,,5970305948888902.0,-0.05,2979.65
2025-11-18 06:00:00+00:00,long,sell - direction_change,90049.4,90185.8,5976364162460248.0,0.1,2979.75
2025-11-18 06:00:00+00:00,short,buy,90185.8,,5973375980379018.0,-0.05,2979.7
2025-11-18 07:00:00+00:00,short,sell - direction_change,90185.8,89615.9,6008136110304931.0,0.58,2980.29
2025-11-18 07:00:00+00:00,long,buy,89615.9,,6005132042249779.0,-0.05,2980.24
2025-11-18 11:00:00+00:00,long,sell - direction_change,89615.9,91536.3,6130814849850260.0,2.09,2982.33
2025-11-18 11:00:00+00:00,short,buy,91536.3,,6127749442425336.0,-0.05,2982.28
2025-11-18 12:00:00+00:00,short,sell - direction_change,91536.3,91474.1,6128849446026918.0,0.02,2982.3
2025-11-18 12:00:00+00:00,long,buy,91474.1,,6125785021303905.0,-0.05,2982.25
2025-11-19 03:00:00+00:00,long,sell - direction_change,91474.1,92529.2,6193379459950135.0,1.1,2983.35
2025-11-19 03:00:00+00:00,short,buy,92529.2,,6190282770220160.0,-0.05,2983.3
2025-11-19 06:00:00+00:00,short,sell - direction_change,92529.2,90415.7,6328582589937711.0,2.23,2985.54
2025-11-19 06:00:00+00:00,long,buy,90415.7,,6325418298642742.0,-0.05,2985.49
2025-11-19 08:00:00+00:00,long,sell - direction_change,90415.7,91826.6,6420961153654900.0,1.51,2987.0
2025-11-19 08:00:00+00:00,short,buy,91826.6,,6417750673078074.0,-0.05,2986.95
2025-11-19 09:00:00+00:00,short,sell - direction_change,91826.6,91435.4,6441882721431491.0,0.38,2987.32
2025-11-19 09:00:00+00:00,long,buy,91435.4,,6438661780070775.0,-0.05,2987.27
2025-11-19 10:00:00+00:00,long,sell - direction_change,91435.4,91479.9,6438576032554500.0,-0.0,2987.27
2025-11-19 10:00:00+00:00,short,buy,91479.9,,6435356744538223.0,-0.05,2987.22
2025-11-19 14:00:00+00:00,short,sell - direction_change,91479.9,91361.9,6440440038246766.0,0.08,2987.3
2025-11-19 14:00:00+00:00,long,buy,91361.9,,6437219818227643.0,-0.05,2987.25
2025-11-19 15:00:00+00:00,long,sell - direction_change,91361.9,91670.6,6455751738439805.0,0.29,2987.54
2025-11-19 15:00:00+00:00,short,buy,91670.6,,6452523862570586.0,-0.05,2987.49
2025-11-19 17:36:00+00:00,short,sell - take_profit,91670.6,88920.482,6642873316516417.0,2.95,2990.44
2025-11-19 18:00:00+00:00,short,buy,89459.8,,6639551879858159.0,-0.05,2990.39
2025-11-19 21:20:00+00:00,short,sell - stop_loss,89459.8,90354.398,6569836585119648.0,-1.05,2989.34
2025-11-19 22:00:00+00:00,short,buy,90553.8,,6566551666827087.0,-0.05,2989.29
2025-11-19 23:00:00+00:00,short,sell - direction_change,90553.8,90434.4,6571926738506636.0,0.08,2989.37
2025-11-19 23:00:00+00:00,long,buy,90434.4,,6568640775137382.0,-0.05,2989.32
2025-11-20 05:08:00+00:00,long,sell - take_profit,90434.4,93147.432,6762415678003936.0,2.95,2992.27
2025-11-20 06:00:00+00:00,long,buy,92581.6,,6759034470164934.0,-0.05,2992.22
2025-11-20 06:51:00+00:00,long,sell - stop_loss,92581.6,91655.784,6688064608228202.0,-1.05,2991.17
2025-11-20 07:00:00+00:00,long,buy,91938.2,,6684720575924088.0,-0.05,2991.12
2025-11-20 13:00:00+00:00,long,sell - direction_change,91938.2,91797.3,6671133539003914.0,-0.2,2990.92
2025-11-20 13:00:00+00:00,short,buy,91797.3,,6667797972234412.0,-0.05,2990.87
2025-11-20 16:05:00+00:00,short,sell - take_profit,91797.3,89043.381,6864498012415328.0,2.95,2993.82
2025-11-20 17:00:00+00:00,short,buy,87855.5,,6861065763409120.0,-0.05,2993.77
2025-11-20 19:00:00+00:00,short,sell - direction_change,87855.5,86445.7,6967733408936897.0,1.55,2995.32
2025-11-20 19:00:00+00:00,long,buy,86445.7,,6964249542232429.0,-0.05,2995.27
2025-11-20 20:00:00+00:00,long,sell - direction_change,86445.7,86880.2,6995771662046065.0,0.45,2995.72
2025-11-20 20:00:00+00:00,short,buy,86880.2,,6992273776215041.0,-0.05,2995.67
2025-11-20 21:00:00+00:00,short,sell - direction_change,86880.2,86432.8,7024785190961006.0,0.46,2996.14
2025-11-20 21:00:00+00:00,long,buy,86432.8,,7021272798365524.0,-0.05,2996.09
2025-11-20 23:00:00+00:00,long,sell - direction_change,86432.8,88033.7,7147809500741708.0,1.8,2997.89
2025-11-20 23:00:00+00:00,short,buy,88033.7,,7144235595991336.0,-0.05,2997.84
2025-11-21 00:00:00+00:00,short,sell - direction_change,88033.7,86601.4,7256899517847909.0,1.58,2999.42
2025-11-21 00:00:00+00:00,long,buy,86601.4,,7253271068088986.0,-0.05,2999.37
2025-11-21 01:00:00+00:00,long,sell - direction_change,86601.4,87249.9,7303959331478696.0,0.7,3000.07
2025-11-21 01:00:00+00:00,short,buy,87249.9,,7300307351812957.0,-0.05,3000.02
2025-11-21 03:00:00+00:00,short,sell - direction_change,87249.9,85396.3,7451750209215807.0,2.07,3002.09
2025-11-21 03:00:00+00:00,long,buy,85396.3,,7448024334111199.0,-0.05,3002.04
2025-11-21 06:00:00+00:00,long,sell - direction_change,85396.3,86148.3,7509887640121297.0,0.83,3002.87
2025-11-21 06:00:00+00:00,short,buy,86148.3,,7506132696301236.0,-0.05,3002.82
2025-11-21 07:33:00+00:00,short,sell - take_profit,86148.3,83563.851,7727563610842124.0,2.95,3005.77
2025-11-21 08:00:00+00:00,short,buy,84006.7,,7723699829036701.0,-0.05,3005.72
2025-11-21 12:21:00+00:00,short,sell - take_profit,84006.7,81486.499,7951548973993285.0,2.95,3008.67
2025-11-21 13:00:00+00:00,short,buy,83240.1,,7947573199506289.0,-0.05,3008.62
2025-11-21 13:17:00+00:00,short,sell - stop_loss,83240.1,84072.501,7864123680911473.0,-1.05,3007.57
2025-11-21 14:00:00+00:00,long,buy,84065.3,,7860191619071016.0,-0.05,3007.52
2025-11-21 15:36:00+00:00,long,sell - stop_loss,84065.3,83224.647,7777659607070770.0,-1.05,3006.47
2025-11-21 16:00:00+00:00,long,buy,82905.0,,7773770777267235.0,-0.05,3006.42
2025-11-21 17:07:00+00:00,long,sell - take_profit,82905.0,85392.15000000001,8003097015196620.0,2.95,3009.37
2025-11-21 18:00:00+00:00,long,buy,84842.8,,7999095466689021.0,-0.05,3009.32
2025-11-21 18:05:00+00:00,long,sell - stop_loss,84842.8,83994.372,7915104964288786.0,-1.05,3008.27
2025-11-21 19:00:00+00:00,long,buy,84534.2,,7911147411806642.0,-0.05,3008.22
2025-11-21 20:23:00+00:00,long,sell - stop_loss,84534.2,83688.858,7828080363982671.0,-1.05,3007.17
2025-11-21 21:00:00+00:00,long,buy,84529.0,,7824166323800681.0,-0.05,3007.12
2025-11-22 00:00:00+00:00,long,sell - direction_change,84529.0,85093.6,7872514699255562.0,0.62,3007.74
2025-11-22 00:00:00+00:00,short,buy,85093.6,,7868578441905934.0,-0.05,3007.69
2025-11-22 01:00:00+00:00,short,sell - direction_change,85093.6,84695.1,7901493322412193.0,0.42,3008.11
2025-11-22 01:00:00+00:00,long,buy,84695.1,,7897542575750988.0,-0.05,3008.06
2025-11-22 02:00:00+00:00,long,sell - direction_change,84695.1,85143.5,7935405645891561.0,0.48,3008.54
2025-11-22 02:00:00+00:00,short,buy,85143.5,,7931437943068614.0,-0.05,3008.49
2025-11-22 05:00:00+00:00,short,sell - direction_change,85143.5,84206.7,8014738675030701.0,1.05,3009.54
2025-11-22 05:00:00+00:00,long,buy,84206.7,,8010731305693187.0,-0.05,3009.49
2025-11-22 08:00:00+00:00,long,sell - direction_change,84206.7,84537.4,8038186012015523.0,0.34,3009.83
2025-11-22 08:00:00+00:00,short,buy,84537.4,,8034166919009516.0,-0.05,3009.78
2025-11-22 10:00:00+00:00,short,sell - direction_change,84537.4,83898.6,8090859365626204.0,0.71,3010.49
2025-11-22 10:00:00+00:00,long,buy,83898.6,,8086813935943391.0,-0.05,3010.44
2025-11-22 12:00:00+00:00,long,sell - direction_change,83898.6,84066.2,8098925149143860.0,0.15,3010.59
2025-11-22 12:00:00+00:00,short,buy,84066.2,,8094875686569289.0,-0.05,3010.54
2025-11-22 14:00:00+00:00,short,sell - direction_change,84066.2,83907.9,8106071221778003.0,0.14,3010.67
2025-11-22 14:00:00+00:00,long,buy,83907.9,,8102018186167114.0,-0.05,3010.62
2025-11-23 04:09:00+00:00,long,sell - take_profit,83907.9,86425.137,8341027722659045.0,2.95,3013.57
2025-11-23 05:00:00+00:00,long,buy,86499.4,,8336857208797715.0,-0.05,3013.52
2025-11-23 07:05:00+00:00,long,sell - stop_loss,86499.4,85634.40599999999,8249320208105338.0,-1.05,3012.47
2025-11-23 08:00:00+00:00,long,buy,85732.1,,8245195548001285.0,-0.05,3012.42
2025-11-24 09:00:00+00:00,long,sell - direction_change,85732.1,86916.4,8354971770943187.0,1.33,3013.76
2025-11-24 09:00:00+00:00,short,buy,86916.4,,8350794285057715.0,-0.05,3013.71
2025-11-24 16:00:00+00:00,short,sell - direction_change,86916.4,86571.1,8379794781838892.0,0.35,3014.05
2025-11-24 16:00:00+00:00,long,buy,86571.1,,8375604884447972.0,-0.05,3014.0
2025-11-24 20:54:00+00:00,long,sell - take_profit,86571.1,89168.23300000001,8622685228539187.0,2.95,3016.95
2025-11-24 21:00:00+00:00,long,buy,89018.6,,8618373885924916.0,-0.05,3016.9
2025-11-25 00:01:00+00:00,long,sell - stop_loss,89018.6,88128.414,8527880960122705.0,-1.05,3015.85
2025-11-25 01:00:00+00:00,long,buy,88058.0,,8523617019642644.0,-0.05,3015.8
2025-11-25 03:00:00+00:00,long,sell - direction_change,88058.0,87864.3,8500605925245059.0,-0.27,3015.53
2025-11-25 03:00:00+00:00,short,buy,87864.3,,8496355622282435.0,-0.05,3015.48
2025-11-25 04:00:00+00:00,short,sell - direction_change,87864.3,87775.0,8500742630287034.0,0.05,3015.53
2025-11-25 04:00:00+00:00,long,buy,87775.0,,8496492258971889.0,-0.05,3015.48
2025-11-25 06:00:00+00:00,long,sell - direction_change,87775.0,88078.3,8521603011442758.0,0.3,3015.78
2025-11-25 06:00:00+00:00,short,buy,88078.3,,8517342209937037.0,-0.05,3015.73
2025-11-25 12:00:00+00:00,short,sell - direction_change,88078.3,87312.0,8587186233087916.0,0.82,3016.55
2025-11-25 12:00:00+00:00,long,buy,87312.0,,8582892639971372.0,-0.05,3016.5
2025-11-25 13:00:00+00:00,long,sell - direction_change,87312.0,87470.6,8594191797150327.0,0.13,3016.63
2025-11-25 13:00:00+00:00,short,buy,87470.6,,8589894701251752.0,-0.05,3016.58
2025-11-25 17:00:00+00:00,short,sell - direction_change,87470.6,87080.9,8623869549296125.0,0.4,3016.98
2025-11-25 17:00:00+00:00,long,buy,87080.9,,8619557614521478.0,-0.05,3016.93
2025-11-25 19:00:00+00:00,long,sell - direction_change,87080.9,87195.6,8626601223866909.0,0.08,3017.01
2025-11-25 19:00:00+00:00,short,buy,87195.6,,8622287923254976.0,-0.05,3016.96
2025-11-25 20:00:00+00:00,short,sell - direction_change,87195.6,86835.1,8653624619279924.0,0.36,3017.32
2025-11-25 20:00:00+00:00,long,buy,86835.1,,8649297806970284.0,-0.05,3017.27
2025-11-25 21:00:00+00:00,long,sell - direction_change,86835.1,87330.6,8694327935839310.0,0.52,3017.79
2025-11-25 21:00:00+00:00,short,buy,87330.6,,8689980771871389.0,-0.05,3017.74
2025-11-25 22:00:00+00:00,short,sell - direction_change,87330.6,86993.4,8719189444420040.0,0.34,3018.08
2025-11-25 22:00:00+00:00,long,buy,86993.4,,8714829849697830.0,-0.05,3018.03
2025-11-26 03:00:00+00:00,long,sell - direction_change,86993.4,87672.6,8778513371601693.0,0.73,3018.76
2025-11-26 03:00:00+00:00,short,buy,87672.6,,8774124114915892.0,-0.05,3018.71
2025-11-26 05:00:00+00:00,short,sell - direction_change,87672.6,87190.0,8818034836862313.0,0.5,3019.21
2025-11-26 05:00:00+00:00,long,buy,87190.0,,8813625819443882.0,-0.05,3019.16
2025-11-26 08:00:00+00:00,long,sell - direction_change,87190.0,87896.2,8880605433345620.0,0.76,3019.92
2025-11-26 08:00:00+00:00,short,buy,87896.2,,8876165130628948.0,-0.05,3019.87
2025-11-26 10:00:00+00:00,short,sell - direction_change,87896.2,86799.9,8982436496625786.0,1.2,3021.07
2025-11-26 10:00:00+00:00,long,buy,86799.9,,8977945278377472.0,-0.05,3021.02
2025-11-26 12:00:00+00:00,long,sell - direction_change,86799.9,87049.1,8999231726716554.0,0.24,3021.25
2025-11-26 12:00:00+00:00,short,buy,87049.1,,8994732110853196.0,-0.05,3021.2
2025-11-26 16:00:00+00:00,short,sell - direction_change,87049.1,86926.3,9002923596298966.0,0.09,3021.3
2025-11-26 16:00:00+00:00,long,buy,86926.3,,8998422134500817.0,-0.05,3021.25
2025-11-26 17:45:00+00:00,long,sell - take_profit,86926.3,89534.089,9263875587468592.0,2.95,3024.2
2025-11-26 18:00:00+00:00,long,buy,89792.4,,9259243649674858.0,-0.05,3024.15
2025-11-28 01:00:00+00:00,long,sell - direction_change,89792.4,91173.2,9396999838135424.0,1.49,3025.63
2025-11-28 01:00:00+00:00,short,buy,91173.2,,9392301338216356.0,-0.05,3025.58
2025-11-28 03:00:00+00:00,short,sell - direction_change,91173.2,91035.8,9401759590418606.0,0.1,3025.68
2025-11-28 03:00:00+00:00,long,buy,91035.8,,9397058710623396.0,-0.05,3025.63
2025-11-28 06:00:00+00:00,long,sell - direction_change,91035.8,91576.7,9448193919825620.0,0.54,3026.18
2025-11-28 06:00:00+00:00,short,buy,91576.7,,9443469822865708.0,-0.05,3026.13
2025-11-28 08:00:00+00:00,short,sell - direction_change,91576.7,90870.2,9511602989144804.0,0.72,3026.85
2025-11-28 08:00:00+00:00,long,buy,90870.2,,9506847187650232.0,-0.05,3026.8
2025-11-28 16:00:00+00:00,long,sell - direction_change,90870.2,92299.8,9651658624037620.0,1.52,3028.32
2025-11-28 16:00:00+00:00,short,buy,92299.8,,9646832794725602.0,-0.05,3028.27
2025-11-29 04:00:00+00:00,short,sell - direction_change,92299.8,90638.1,9815684099779374.0,1.75,3030.02
2025-11-29 04:00:00+00:00,long,buy,90638.1,,9810776257729484.0,-0.05,3029.97
2025-11-29 05:00:00+00:00,long,sell - direction_change,90638.1,90859.5,9829835470176550.0,0.19,3030.17
2025-11-29 05:00:00+00:00,short,buy,90859.5,,9824920552441462.0,-0.05,3030.12
2025-11-29 13:00:00+00:00,short,sell - direction_change,90859.5,90572.6,9851031482195952.0,0.27,3030.38
2025-11-29 13:00:00+00:00,long,buy,90572.6,,9846105966454854.0,-0.05,3030.33
2025-11-29 14:00:00+00:00,long,sell - direction_change,90572.6,90738.5,9859217826677550.0,0.13,3030.47
2025-11-29 14:00:00+00:00,short,buy,90738.5,,9854288217764212.0,-0.05,3030.42
2025-11-29 15:00:00+00:00,short,sell - direction_change,90738.5,90582.2,9866335403718496.0,0.12,3030.54
2025-11-29 15:00:00+00:00,long,buy,90582.2,,9861402236016636.0,-0.05,3030.49
2025-11-29 17:00:00+00:00,long,sell - direction_change,90582.2,90962.1,9897830065707802.0,0.37,3030.86
2025-11-29 17:00:00+00:00,short,buy,90962.1,,9892881150674948.0,-0.05,3030.81
2025-11-29 18:00:00+00:00,short,sell - direction_change,90962.1,90381.1,9951123268285296.0,0.59,3031.4
2025-11-29 18:00:00+00:00,long,buy,90381.1,,9946147706651154.0,-0.05,3031.35
2025-11-29 22:00:00+00:00,long,sell - direction_change,90381.1,90970.0,1.0005981172931184e+16,0.6,3031.95
2025-11-29 22:00:00+00:00,short,buy,90970.0,,1.0000978182344718e+16,-0.05,3031.9
2025-11-29 23:00:00+00:00,short,sell - direction_change,90970.0,90717.2,1.0023769792676396e+16,0.23,3032.13
2025-11-29 23:00:00+00:00,long,buy,90717.2,,1.0018757907780058e+16,-0.05,3032.08
2025-11-30 02:00:00+00:00,long,sell - direction_change,90717.2,90866.0,1.0030181919370384e+16,0.11,3032.19
2025-11-30 02:00:00+00:00,short,buy,90866.0,,1.0025166828410698e+16,-0.05,3032.14
2025-11-30 03:00:00+00:00,short,sell - direction_change,90866.0,90745.2,1.003348200403587e+16,0.08,3032.22
2025-11-30 03:00:00+00:00,long,buy,90745.2,,1.0028465263033852e+16,-0.05,3032.17
2025-11-30 21:00:00+00:00,long,sell - direction_change,90745.2,91272.7,1.0081746294793734e+16,0.53,3032.7
2025-11-30 21:00:00+00:00,short,buy,91272.7,,1.0076705421646338e+16,-0.05,3032.65
2025-11-30 22:00:00+00:00,short,sell - direction_change,91272.7,91139.0,1.0086427840939346e+16,0.1,3032.75
2025-11-30 22:00:00+00:00,long,buy,91139.0,,1.0081384627018876e+16,-0.05,3032.7
2025-11-30 23:00:00+00:00,long,sell - direction_change,91139.0,91179.0,1.008076855407886e+16,-0.01,3032.69
2025-11-30 23:00:00+00:00,short,buy,91179.0,,1.007572816980182e+16,-0.05,3032.64
2025-12-01 00:21:00+00:00,short,sell - take_profit,91179.0,88443.63,1.0372962150810974e+16,2.95,3035.59
2025-12-01 01:00:00+00:00,long,buy,86970.6,,1.0367775669735568e+16,-0.05,3035.54
2025-12-01 02:00:00+00:00,long,sell - direction_change,86970.6,87134.0,1.0382070715522346e+16,0.14,3035.68
2025-12-01 02:00:00+00:00,short,buy,87134.0,,1.0376879680164584e+16,-0.05,3035.63
2025-12-01 05:00:00+00:00,short,sell - direction_change,87134.0,85767.7,1.0534405343969564e+16,1.52,3037.15
2025-12-01 05:00:00+00:00,long,buy,85767.7,,1.052913814129758e+16,-0.05,3037.1
2025-12-01 07:00:00+00:00,long,sell - direction_change,85767.7,86190.0,1.0575716574162042e+16,0.44,3037.54
2025-12-01 07:00:00+00:00,short,buy,86190.0,,1.057042871587496e+16,-0.05,3037.49
2025-12-01 13:00:00+00:00,short,sell - direction_change,86190.0,85396.3,1.066248367174315e+16,0.87,3038.36
2025-12-01 13:00:00+00:00,long,buy,85396.3,,1.0657152429907278e+16,-0.05,3038.31
2025-12-01 15:00:00+00:00,long,sell - direction_change,85396.3,86017.4,1.0729334909490004e+16,0.68,3038.99
2025-12-01 15:00:00+00:00,short,buy,86017.4,,1.0723970242035258e+16,-0.05,3038.94
2025-12-01 21:00:00+00:00,short,sell - direction_change,86017.4,85474.1,1.0786342611039076e+16,0.58,3039.52
2025-12-01 21:00:00+00:00,long,buy,85474.1,,1.0780949439733556e+16,-0.05,3039.47
2025-12-02 14:08:00+00:00,long,sell - take_profit,85474.1,88038.323,1.1098987448205696e+16,2.95,3042.42
2025-12-02 15:00:00+00:00,long,buy,89225.1,,1.1093437954481594e+16,-0.05,3042.37
2025-12-02 17:28:00+00:00,long,sell - take_profit,89225.1,91901.853,1.14206943741388e+16,2.95,3045.32
2025-12-02 18:00:00+00:00,long,buy,91417.5,,1.141498402695173e+16,-0.05,3045.27
2025-12-03 22:49:00+00:00,long,sell - take_profit,91417.5,94160.02500000001,1.1751726055746808e+16,2.95,3048.22
2025-12-03 23:00:00+00:00,long,buy,93738.5,,1.1745850192718936e+16,-0.05,3048.17
2025-12-04 00:26:00+00:00,long,sell - stop_loss,93738.5,92801.115,1.1622518765695386e+16,-1.05,3047.12
2025-12-04 01:00:00+00:00,long,buy,93013.9,,1.1616707506312538e+16,-0.05,3047.07
2025-12-04 05:00:00+00:00,long,sell - direction_change,93013.9,93317.8,1.164885388202636e+16,0.28,3047.35
2025-12-04 05:00:00+00:00,short,buy,93317.8,,1.1643029455085346e+16,-0.05,3047.3
2025-12-04 06:00:00+00:00,short,sell - direction_change,93317.8,92932.4,1.168529333834179e+16,0.36,3047.66
2025-12-04 06:00:00+00:00,long,buy,92932.4,,1.167945069167262e+16,-0.05,3047.61
2025-12-04 11:00:00+00:00,long,sell - direction_change,92932.4,93210.7,1.170858683187521e+16,0.25,3047.86
2025-12-04 11:00:00+00:00,short,buy,93210.7,,1.1702732538459272e+16,-0.05,3047.81
2025-12-04 15:00:00+00:00,short,sell - direction_change,93210.7,91859.3,1.1866551314700224e+16,1.4,3049.21
2025-12-04 15:00:00+00:00,long,buy,91859.3,,1.1860618039042874e+16,-0.05,3049.16
2025-12-04 16:00:00+00:00,long,sell - direction_change,91859.3,92933.4,1.1993372542946332e+16,1.12,3050.28
2025-12-04 16:00:00+00:00,short,buy,92933.4,,1.1987375856674856e+16,-0.05,3050.23
2025-12-05 00:00:00+00:00,short,sell - direction_change,92933.4,92034.7,1.2097304481740488e+16,0.92,3051.15
2025-12-05 00:00:00+00:00,long,buy,92034.7,,1.2091255829499618e+16,-0.05,3051.1
2025-12-05 03:00:00+00:00,long,sell - direction_change,92034.7,92476.1,1.214320007196138e+16,0.43,3051.53
2025-12-05 03:00:00+00:00,short,buy,92476.1,,1.21371284719254e+16,-0.05,3051.48
2025-12-05 07:00:00+00:00,short,sell - direction_change,92476.1,92235.6,1.2162624597349772e+16,0.21,3051.69
2025-12-05 07:00:00+00:00,long,buy,92235.6,,1.2156543285051098e+16,-0.05,3051.64
2025-12-05 08:00:00+00:00,long,sell - direction_change,92235.6,92227.6,1.2149410622844838e+16,-0.06,3051.58
2025-12-05 08:00:00+00:00,short,buy,92227.6,,1.2143335917533416e+16,-0.05,3051.53
2025-12-05 15:00:00+00:00,short,sell - direction_change,92227.6,90246.0,1.2398175673640594e+16,2.1,3053.63
2025-12-05 15:00:00+00:00,long,buy,90246.0,,1.2391976585803774e+16,-0.05,3053.58
2025-12-05 16:00:00+00:00,long,sell - direction_change,90246.0,90413.9,1.240883550153716e+16,0.14,3053.71
2025-12-05 16:00:00+00:00,short,buy,90413.9,,1.2402631083786392e+16,-0.05,3053.66
2025-12-05 17:00:00+00:00,short,sell - direction_change,90413.9,88757.6,1.2623634632364678e+16,1.78,3055.45
2025-12-05 17:00:00+00:00,long,buy,88757.6,,1.2617322815048494e+16,-0.05,3055.4
2025-12-05 18:00:00+00:00,long,sell - direction_change,88757.6,89279.3,1.2685176335951112e+16,0.54,3055.93
2025-12-05 18:00:00+00:00,short,buy,89279.3,,1.2678833747783138e+16,-0.05,3055.88
2025-12-05 19:00:00+00:00,short,sell - direction_change,89279.3,88895.0,1.2727069980687784e+16,0.38,3056.26
2025-12-05 19:00:00+00:00,long,buy,88895.0,,1.2720706445697438e+16,-0.05,3056.21
2025-12-05 20:00:00+00:00,long,sell - direction_change,88895.0,89590.5,1.2813870827645102e+16,0.73,3056.95
2025-12-05 20:00:00+00:00,short,buy,89590.5,,1.280746389223128e+16,-0.05,3056.9
2025-12-05 22:00:00+00:00,short,sell - direction_change,89590.5,89145.1,1.2864732585571322e+16,0.45,3057.34
2025-12-05 22:00:00+00:00,long,buy,89145.1,,1.2858300219278538e+16,-0.05,3057.29
2025-12-06 00:00:00+00:00,long,sell - direction_change,89145.1,89288.6,1.2872569526868382e+16,0.11,3057.4
2025-12-06 00:00:00+00:00,short,buy,89288.6,,1.286613324210495e+16,-0.05,3057.35
2025-12-06 02:00:00+00:00,short,sell - direction_change,89288.6,89296.2,1.2858605045616926e+16,-0.06,3057.3
2025-12-06 02:00:00+00:00,long,buy,89296.2,,1.285217574309412e+16,-0.05,3057.25
2025-12-06 04:00:00+00:00,long,sell - direction_change,89296.2,89636.5,1.2894728171725794e+16,0.33,3057.58
2025-12-06 04:00:00+00:00,short,buy,89636.5,,1.288828080763993e+16,-0.05,3057.53
2025-12-06 06:00:00+00:00,short,sell - direction_change,89636.5,89556.7,1.2893310618232076e+16,0.04,3057.57
2025-12-06 06:00:00+00:00,long,buy,89556.7,,1.288686396292296e+16,-0.05,3057.52
2025-12-06 07:00:00+00:00,long,sell - direction_change,89556.7,89643.1,1.2892853157940892e+16,0.05,3057.56
2025-12-06 07:00:00+00:00,short,buy,89643.1,,1.2886406731361922e+16,-0.05,3057.51
2025-12-06 09:00:00+00:00,short,sell - direction_change,89643.1,89238.3,1.2938154481286068e+16,0.4,3057.91
2025-12-06 09:00:00+00:00,long,buy,89238.3,,1.2931685404045424e+16,-0.05,3057.86
2025-12-06 10:00:00+00:00,long,sell - direction_change,89238.3,89533.0,1.2967925077792866e+16,0.28,3058.14
2025-12-06 10:00:00+00:00,short,buy,89533.0,,1.2961441115253968e+16,-0.05,3058.09
2025-12-06 11:00:00+00:00,short,sell - direction_change,89533.0,89466.0,1.2964659796645588e+16,0.02,3058.12
2025-12-06 11:00:00+00:00,long,buy,89466.0,,1.2958177466747266e+16,-0.05,3058.07
2025-12-06 12:00:00+00:00,long,sell - direction_change,89466.0,89585.4,1.2968992169951942e+16,0.08,3058.15
2025-12-06 12:00:00+00:00,short,buy,89585.4,,1.2962507673866968e+16,-0.05,3058.1
2025-12-06 14:00:00+00:00,short,sell - direction_change,89585.4,89619.5,1.2951092340239366e+16,-0.09,3058.01
2025-12-06 14:00:00+00:00,long,buy,89619.5,,1.2944616794069242e+16,-0.05,3057.96
2025-12-06 19:00:00+00:00,long,sell - direction_change,89619.5,89609.9,1.2936757864220148e+16,-0.06,3057.9
2025-12-06 19:00:00+00:00,short,buy,89609.9,,1.2930289485288036e+16,-0.05,3057.85
2025-12-06 20:00:00+00:00,short,sell - direction_change,89609.9,89369.5,1.2958512936250366e+16,0.22,3058.07
2025-12-06 20:00:00+00:00,long,buy,89369.5,,1.2952033679782242e+16,-0.05,3058.02
2025-12-06 21:00:00+00:00,long,sell - direction_change,89369.5,89509.4,1.2965832919174078e+16,0.11,3058.13
2025-12-06 21:00:00+00:00,short,buy,89509.4,,1.295935000271449e+16,-0.05,3058.08
2025-12-07 03:00:00+00:00,short,sell - direction_change,89509.4,89580.1,1.2942634240272126e+16,-0.13,3057.95
2025-12-07 03:00:00+00:00,long,buy,89580.1,,1.293616292315199e+16,-0.05,3057.9
2025-12-07 04:00:00+00:00,long,sell - direction_change,89580.1,89675.7,1.2943500331698276e+16,0.06,3057.96
2025-12-07 04:00:00+00:00,short,buy,89675.7,,1.2937028581532426e+16,-0.05,3057.91
2025-12-07 06:00:00+00:00,short,sell - direction_change,89675.7,89469.2,1.2960350706200558e+16,0.18,3058.09
2025-12-07 06:00:00+00:00,long,buy,89469.2,,1.2953870530847458e+16,-0.05,3058.04
2025-12-07 07:00:00+00:00,long,sell - direction_change,89469.2,89668.1,1.297619149305497e+16,0.17,3058.21
2025-12-07 07:00:00+00:00,short,buy,89668.1,,1.2969703397308444e+16,-0.05,3058.16
2025-12-07 15:00:00+00:00,short,sell - direction_change,89668.1,88187.5,1.3177374336242746e+16,1.6,3059.76
2025-12-07 15:00:00+00:00,long,buy,88187.5,,1.3170785649074624e+16,-0.05,3059.71
2025-12-07 17:30:00+00:00,long,sell - take_profit,88187.5,90833.125,1.3559323825722328e+16,2.95,3062.66
2025-12-07 18:00:00+00:00,long,buy,90904.2,,1.3552544163809464e+16,-0.05,3062.61
2025-12-07 21:52:00+00:00,long,sell - stop_loss,90904.2,89995.158,1.3410242450089464e+16,-1.05,3061.56
2025-12-07 22:00:00+00:00,long,buy,90189.2,,1.340353732886442e+16,-0.05,3061.51
2025-12-07 22:06:00+00:00,long,sell - stop_loss,90189.2,89287.30799999999,1.3262800186911342e+16,-1.05,3060.46
2025-12-07 23:00:00+00:00,long,buy,89551.7,,1.3256168786817886e+16,-0.05,3060.41
2025-12-08 09:06:00+00:00,long,sell - take_profit,89551.7,92238.251,1.3647225766029016e+16,2.95,3063.36
2025-12-08 10:00:00+00:00,long,buy,91865.3,,1.3640402153146e+16,-0.05,3063.31
2025-12-08 14:36:00+00:00,long,sell - stop_loss,91865.3,90946.647,1.3497177930537966e+16,-1.05,3062.26
2025-12-08 15:00:00+00:00,short,buy,90809.1,,1.3490429341572698e+16,-0.05,3062.21
2025-12-08 16:00:00+00:00,short,sell - direction_change,90809.1,89912.7,1.3616851627315258e+16,0.94,3063.15
2025-12-08 16:00:00+00:00,long,buy,89912.7,,1.3610043201501602e+16,-0.05,3063.1
2025-12-08 18:00:00+00:00,long,sell - direction_change,89912.7,90212.1,1.3648558217387544e+16,0.28,3063.38
2025-12-08 18:00:00+00:00,short,buy,90212.1,,1.364173393827885e+16,-0.05,3063.33
2025-12-08 21:00:00+00:00,short,sell - direction_change,90212.1,90745.7,1.3554222906359936e+16,-0.64,3062.69
2025-12-08 21:00:00+00:00,long,buy,90745.7,,1.3547445794906758e+16,-0.05,3062.64
2025-12-08 23:00:00+00:00,long,sell - direction_change,90745.7,90788.6,1.3547076622578658e+16,-0.0,3062.64
2025-12-08 23:00:00+00:00,short,buy,90788.6,,1.3540303084267368e+16,-0.05,3062.59
2025-12-09 02:00:00+00:00,short,sell - direction_change,90788.6,90017.9,1.3648475905598976e+16,0.8,3063.38
2025-12-09 02:00:00+00:00,long,buy,90017.9,,1.3641651667646178e+16,-0.05,3063.33
2025-12-09 04:00:00+00:00,long,sell - direction_change,90017.9,90364.1,1.3687295293963974e+16,0.33,3063.67
2025-12-09 04:00:00+00:00,short,buy,90364.1,,1.368045164631699e+16,-0.05,3063.62
2025-12-09 08:00:00+00:00,short,sell - direction_change,90364.1,90449.9,1.3660621939590974e+16,-0.14,3063.47
2025-12-09 08:00:00+00:00,long,buy,90449.9,,1.3653791628621178e+16,-0.05,3063.42
2025-12-09 09:00:00+00:00,long,sell - direction_change,90449.9,90459.0,1.3648338415959866e+16,-0.04,3063.38
2025-12-09 09:00:00+00:00,short,buy,90459.0,,1.3641514246751888e+16,-0.05,3063.33
2025-12-09 12:00:00+00:00,short,sell - direction_change,90459.0,90342.0,1.3652337473829862e+16,0.08,3063.41
2025-12-09 12:00:00+00:00,long,buy,90342.0,,1.3645511305092948e+16,-0.05,3063.36
2025-12-09 13:00:00+00:00,long,sell - direction_change,90342.0,90532.7,1.3667492417031128e+16,0.16,3063.52
2025-12-09 13:00:00+00:00,short,buy,90532.7,,1.366065867082261e+16,-0.05,3063.47
2025-12-09 15:00:00+00:00,short,sell - direction_change,90532.7,90327.1,1.3684851733286196e+16,0.18,3063.65
2025-12-09 15:00:00+00:00,long,buy,90327.1,,1.367800930741955e+16,-0.05,3063.6
2025-12-09 16:01:00+00:00,long,sell - take_profit,90327.1,93036.91300000002,1.4081510581988428e+16,2.95,3066.55
2025-12-09 17:00:00+00:00,long,buy,94146.9,,1.4074469826697436e+16,-0.05,3066.5
2025-12-09 20:21:00+00:00,long,sell - stop_loss,94146.9,93205.431,1.3926687893517114e+16,-1.05,3065.45
2025-12-09 21:00:00+00:00,long,buy,93075.2,,1.3919724549570356e+16,-0.05,3065.4
2025-12-10 00:49:00+00:00,long,sell - stop_loss,93075.2,92144.44799999999,1.3773567441799866e+16,-1.05,3064.35
2025-12-10 01:00:00+00:00,long,buy,92084.5,,1.3766680658078966e+16,-0.05,3064.3
2025-12-10 08:00:00+00:00,long,sell - direction_change,92084.5,92744.7,1.385849756122699e+16,0.67,3064.97
2025-12-10 08:00:00+00:00,short,buy,92744.7,,1.3851568312446376e+16,-0.05,3064.92
2025-12-10 09:00:00+00:00,short,sell - direction_change,92744.7,92565.1,1.3871466073667034e+16,0.14,3065.06
2025-12-10 09:00:00+00:00,long,buy,92565.1,,1.38645303406302e+16,-0.05,3065.01
2025-12-10 11:00:00+00:00,long,sell - direction_change,92565.1,92230.4,1.3807466240621386e+16,-0.41,3064.6
2025-12-10 11:00:00+00:00,short,buy,92230.4,,1.3800562507501076e+16,-0.05,3064.55
2025-12-10 18:00:00+00:00,short,sell - direction_change,92230.4,92348.7,1.3775960833380794e+16,-0.18,3064.37
2025-12-10 18:00:00+00:00,long,buy,92348.7,,1.3769072852964104e+16,-0.05,3064.32
2025-12-10 21:00:00+00:00,long,sell - direction_change,92348.7,92409.1,1.3771193879153222e+16,0.02,3064.34
2025-12-10 21:00:00+00:00,short,buy,92409.1,,1.3764308282213644e+16,-0.05,3064.29
2025-12-10 22:00:00+00:00,short,sell - direction_change,92409.1,92308.3,1.3772440258443326e+16,0.06,3064.35
2025-12-10 22:00:00+00:00,long,buy,92308.3,,1.3765554038314104e+16,-0.05,3064.3
2025-12-10 23:00:00+00:00,long,sell - direction_change,92308.3,92472.2,1.3783112988711436e+16,0.13,3064.42
2025-12-10 23:00:00+00:00,short,buy,92472.2,,1.3776221432217082e+16,-0.05,3064.37
2025-12-11 03:09:00+00:00,short,sell - take_profit,92472.2,89698.034,1.4182619964467486e+16,2.95,3067.32
2025-12-11 04:00:00+00:00,short,buy,89833.1,,1.4175528654485254e+16,-0.05,3067.27
2025-12-11 09:00:00+00:00,short,sell - direction_change,89833.1,90152.6,1.411802426861085e+16,-0.41,3066.87
2025-12-11 09:00:00+00:00,long,buy,90152.6,,1.4110965256476544e+16,-0.05,3066.82
2025-12-11 10:00:00+00:00,long,sell - direction_change,90152.6,90196.0,1.4110702876788554e+16,-0.0,3066.82
2025-12-11 10:00:00+00:00,short,buy,90196.0,,1.410364752535016e+16,-0.05,3066.77
2025-12-11 13:00:00+00:00,short,sell - direction_change,90196.0,90000.7,1.4127134110848438e+16,0.17,3066.93
2025-12-11 13:00:00+00:00,long,buy,90000.7,,1.4120070543793014e+16,-0.05,3066.88
2025-12-11 14:00:00+00:00,long,sell - direction_change,90000.7,90062.8,1.4122753281419212e+16,0.02,3066.9
2025-12-11 14:00:00+00:00,short,buy,90062.8,,1.4115691904778504e+16,-0.05,3066.85
2025-12-11 18:00:00+00:00,short,sell - direction_change,90062.8,89935.3,1.412861734513144e+16,0.09,3066.94
2025-12-11 18:00:00+00:00,long,buy,89935.3,,1.4121553036458874e+16,-0.05,3066.89
2025-12-11 21:16:00+00:00,long,sell - take_profit,89935.3,92633.35900000001,1.4538138851034412e+16,2.95,3069.84
2025-12-11 22:00:00+00:00,long,buy,92823.6,,1.4530869781608894e+16,-0.05,3069.79
2025-12-12 00:57:00+00:00,long,sell - stop_loss,92823.6,91895.364,1.4378295648902e+16,-1.05,3068.74
2025-12-12 01:00:00+00:00,long,buy,91521.0,,1.4371106501077548e+16,-0.05,3068.69
2025-12-12 07:00:00+00:00,long,sell - direction_change,91521.0,92468.7,1.4512733762711802e+16,0.99,3069.68
2025-12-12 07:00:00+00:00,short,buy,92468.7,,1.4505477395830446e+16,-0.05,3069.63
2025-12-12 08:00:00+00:00,short,sell - direction_change,92468.7,92389.5,1.451064868612558e+16,0.04,3069.67
2025-12-12 08:00:00+00:00,long,buy,92389.5,,1.450339336178252e+16,-0.05,3069.62
2025-12-12 15:00:00+00:00,long,sell - direction_change,92389.5,92393.0,1.4496691098497914e+16,-0.05,3069.57
2025-12-12 15:00:00+00:00,short,buy,92393.0,,1.4489442752948666e+16,-0.05,3069.52
2025-12-12 16:00:00+00:00,short,sell - direction_change,92393.0,89895.0,1.4873944462544948e+16,2.65,3072.17
2025-12-12 16:00:00+00:00,long,buy,89895.0,,1.4866507490313676e+16,-0.05,3072.12
2025-12-12 18:00:00+00:00,long,sell - direction_change,89895.0,90043.9,1.4883698775923404e+16,0.12,3072.24
2025-12-12 18:00:00+00:00,short,buy,90043.9,,1.4876256926535444e+16,-0.05,3072.19
2025-12-13 02:00:00+00:00,short,sell - direction_change,90043.9,90192.1,1.4844334504560758e+16,-0.21,3071.97
2025-12-13 02:00:00+00:00,long,buy,90192.1,,1.4836912337308478e+16,-0.05,3071.92
2025-12-13 05:00:00+00:00,long,sell - direction_change,90192.1,90334.8,1.485296852460121e+16,0.11,3072.03
2025-12-13 05:00:00+00:00,short,buy,90334.8,,1.4845542040338914e+16,-0.05,3071.98
2025-12-13 06:00:00+00:00,short,sell - direction_change,90334.8,90301.4,1.484360819611271e+16,-0.01,3071.97
2025-12-13 06:00:00+00:00,long,buy,90301.4,,1.483618639201465e+16,-0.05,3071.92
2025-12-13 07:00:00+00:00,long,sell - direction_change,90301.4,90317.5,1.4831413469335508e+16,-0.03,3071.89
2025-12-13 07:00:00+00:00,short,buy,90317.5,,1.482399776260084e+16,-0.05,3071.84
2025-12-13 08:00:00+00:00,short,sell - direction_change,90317.5,90286.0,1.4821755923760748e+16,-0.02,3071.82
2025-12-13 08:00:00+00:00,long,buy,90286.0,,1.4814345045798868e+16,-0.05,3071.77
2025-12-13 09:00:00+00:00,long,sell - direction_change,90286.0,90414.0,1.4827940422573338e+16,0.09,3071.86
2025-12-13 09:00:00+00:00,short,buy,90414.0,,1.4820526452362054e+16,-0.05,3071.81
2025-12-13 10:00:00+00:00,short,sell - direction_change,90414.0,90375.3,1.4819459834740602e+16,-0.01,3071.81
2025-12-13 10:00:00+00:00,long,buy,90375.3,,1.4812050104823234e+16,-0.05,3071.76
2025-12-13 11:00:00+00:00,long,sell - direction_change,90375.3,90546.7,1.4832735664395898e+16,0.14,3071.9
2025-12-13 11:00:00+00:00,short,buy,90546.7,,1.48253192965637e+16,-0.05,3071.85
2025-12-13 12:00:00+00:00,short,sell - direction_change,90546.7,90298.5,1.4858544719246492e+16,0.22,3072.07
2025-12-13 12:00:00+00:00,long,buy,90298.5,,1.4851115446886868e+16,-0.05,3072.02
2025-12-13 13:00:00+00:00,long,sell - direction_change,90298.5,90309.8,1.4845548365268232e+16,-0.04,3071.98
2025-12-13 13:00:00+00:00,short,buy,90309.8,,1.4838125591085598e+16,-0.05,3071.93
2025-12-14 00:00:00+00:00,short,sell - direction_change,90309.8,90191.3,1.4850176374115688e+16,0.08,3072.01
2025-12-14 00:00:00+00:00,long,buy,90191.3,,1.484275128592863e+16,-0.05,3071.96
2025-12-14 03:00:00+00:00,long,sell - direction_change,90191.3,90245.0,1.4844167300854982e+16,0.01,3071.97
2025-12-14 03:00:00+00:00,short,buy,90245.0,,1.4836745217204554e+16,-0.05,3071.92
2025-12-14 05:00:00+00:00,short,sell - direction_change,90245.0,90159.3,1.4843416368282742e+16,0.04,3071.97
2025-12-14 05:00:00+00:00,long,buy,90159.3,,1.48359946600986e+16,-0.05,3071.92
2025-12-14 06:00:00+00:00,long,sell - direction_change,90159.3,90161.1,1.4828872858395494e+16,-0.05,3071.87
2025-12-14 06:00:00+00:00,short,buy,90161.1,,1.4821458421966296e+16,-0.05,3071.82
2025-12-14 07:00:00+00:00,short,sell - direction_change,90161.1,90105.1,1.4823253455236362e+16,0.01,3071.83
2025-12-14 07:00:00+00:00,long,buy,90105.1,,1.4815841828508744e+16,-0.05,3071.78
2025-12-14 08:00:00+00:00,long,sell - direction_change,90105.1,90205.1,1.4824876752481748e+16,0.06,3071.84
2025-12-14 08:00:00+00:00,short,buy,90205.1,,1.4817464314105508e+16,-0.05,3071.79
2025-12-15 01:00:00+00:00,short,sell - direction_change,90205.1,88415.0,1.5104104841565488e+16,1.93,3073.73
2025-12-15 01:00:00+00:00,long,buy,88415.0,,1.5096552789144706e+16,-0.05,3073.68
2025-12-15 14:00:00+00:00,long,sell - direction_change,88415.0,89388.1,1.5255157942814226e+16,1.05,3074.73
2025-12-15 14:00:00+00:00,short,buy,89388.1,,1.5247530363842818e+16,-0.05,3074.68
2025-12-15 15:24:00+00:00,short,sell - take_profit,89388.1,86706.45700000001,1.569733250957618e+16,2.95,3077.63
2025-12-15 16:00:00+00:00,short,buy,86996.5,,1.5689483843321392e+16,-0.05,3077.58
2025-12-16 01:00:00+00:00,short,sell - direction_change,86996.5,85821.1,1.5893617966175208e+16,1.3,3078.88
2025-12-16 01:00:00+00:00,long,buy,85821.1,,1.5885671157192122e+16,-0.05,3078.83
2025-12-16 04:00:00+00:00,long,sell - direction_change,85821.1,85837.6,1.5880782507286906e+16,-0.03,3078.8
2025-12-16 04:00:00+00:00,short,buy,85837.6,,1.5872842116033262e+16,-0.05,3078.75
2025-12-16 06:00:00+00:00,short,sell - direction_change,85837.6,85983.8,1.583787081145842e+16,-0.22,3078.53
2025-12-16 06:00:00+00:00,long,buy,85983.8,,1.5829951876052688e+16,-0.05,3078.48
2025-12-16 07:00:00+00:00,long,sell - direction_change,85983.8,86458.1,1.5909357374143628e+16,0.5,3078.98
2025-12-16 07:00:00+00:00,short,buy,86458.1,,1.5901402695456556e+16,-0.05,3078.93
2025-12-16 08:00:00+00:00,short,sell - direction_change,86458.1,85964.9,1.5984161503216698e+16,0.52,3079.45
2025-12-16 08:00:00+00:00,long,buy,85964.9,,1.5976169422465094e+16,-0.05,3079.4
2025-12-16 09:00:00+00:00,long,sell - direction_change,85964.9,86236.5,1.6018656911099976e+16,0.27,3079.67
2025-12-16 09:00:00+00:00,short,buy,86236.5,,1.6010647582644426e+16,-0.05,3079.62
2025-12-16 10:00:00+00:00,short,sell - direction_change,86236.5,86307.7,1.5989423284197544e+16,-0.13,3079.48
2025-12-16 10:00:00+00:00,long,buy,86307.7,,1.5981428572555446e+16,-0.05,3079.43
2025-12-17 04:00:00+00:00,long,sell - direction_change,86307.7,87178.2,1.613462664643534e+16,0.96,3080.39
2025-12-17 04:00:00+00:00,short,buy,87178.2,,1.6126559333112122e+16,-0.05,3080.34
2025-12-17 06:00:00+00:00,short,sell - direction_change,87178.2,86595.0,1.622637863651187e+16,0.62,3080.96
2025-12-17 06:00:00+00:00,long,buy,86595.0,,1.6218265447193612e+16,-0.05,3080.91
2025-12-17 08:00:00+00:00,long,sell - direction_change,86595.0,87010.4,1.6287956042707956e+16,0.43,3081.34
2025-12-17 08:00:00+00:00,short,buy,87010.4,,1.62798120646866e+16,-0.05,3081.29
2025-12-17 09:00:00+00:00,short,sell - direction_change,87010.4,86366.1,1.6392221919525112e+16,0.69,3081.98
2025-12-17 09:00:00+00:00,long,buy,86366.1,,1.638402580856535e+16,-0.05,3081.93
2025-12-17 10:00:00+00:00,long,sell - direction_change,86366.1,86386.1,1.637962788288014e+16,-0.03,3081.91
2025-12-17 10:00:00+00:00,short,buy,86386.1,,1.63714380689387e+16,-0.05,3081.86
2025-12-17 13:00:00+00:00,short,sell - direction_change,86386.1,86984.0,1.6249941495248006e+16,-0.74,3081.11
2025-12-17 13:00:00+00:00,long,buy,86984.0,,1.624181652450038e+16,-0.05,3081.06
2025-12-17 14:59:00+00:00,long,sell - take_profit,86984.0,89593.52,1.6720950111973144e+16,2.95,3084.01
2025-12-17 15:00:00+00:00,short,buy,89634.0,,1.6712589636917156e+16,-0.05,3083.96
2025-12-17 16:14:00+00:00,short,sell - take_profit,89634.0,86944.98,1.7205611031206214e+16,2.95,3086.91
2025-12-17 17:00:00+00:00,short,buy,86945.8,,1.7197008225690608e+16,-0.05,3086.86
2025-12-18 04:00:00+00:00,short,sell - direction_change,86945.8,86575.1,1.726173046794232e+16,0.38,3087.24
2025-12-18 04:00:00+00:00,long,buy,86575.1,,1.7253099602708346e+16,-0.05,3087.19
2025-12-18 05:00:00+00:00,long,sell - direction_change,86575.1,86715.9,1.7272532349680098e+16,0.11,3087.3
2025-12-18 05:00:00+00:00,short,buy,86715.9,,1.7263896083505256e+16,-0.05,3087.25
2025-12-18 06:00:00+00:00,short,sell - direction_change,86715.9,86400.1,1.7318135401092654e+16,0.31,3087.57
2025-12-18 06:00:00+00:00,long,buy,86400.1,,1.7309476333392108e+16,-0.05,3087.52
2025-12-18 11:00:00+00:00,long,sell - direction_change,86400.1,87307.2,1.7482550852275112e+16,1.0,3088.52
2025-12-18 11:00:00+00:00,short,buy,87307.2,,1.7473809576848972e+16,-0.05,3088.47
2025-12-18 12:00:00+00:00,short,sell - direction_change,87307.2,87257.0,1.7475119784334884e+16,0.01,3088.47
2025-12-18 12:00:00+00:00,long,buy,87257.0,,1.7466382224442716e+16,-0.05,3088.42
2025-12-18 17:00:00+00:00,long,sell - direction_change,87257.0,87984.6,1.7603293963897722e+16,0.78,3089.21
2025-12-18 17:00:00+00:00,short,buy,87984.6,,1.7594492316915774e+16,-0.05,3089.16
2025-12-18 18:00:00+00:00,short,sell - direction_change,87984.6,86443.6,1.7893852551275124e+16,1.7,3090.86
2025-12-18 18:00:00+00:00,long,buy,86443.6,,1.7884905624999486e+16,-0.05,3090.81
2025-12-18 19:00:00+00:00,long,sell - direction_change,86443.6,85946.7,1.7773156144193446e+16,-0.62,3090.18
2025-12-18 19:00:00+00:00,short,buy,85946.7,,1.776426956612135e+16,-0.05,3090.13
2025-12-18 20:00:00+00:00,short,sell - direction_change,85946.7,84447.0,1.806535948457957e+16,1.69,3091.83
2025-12-18 20:00:00+00:00,long,buy,84447.0,,1.805632680483728e+16,-0.05,3091.78
2025-12-18 22:00:00+00:00,long,sell - direction_change,84447.0,85584.3,1.8290474366743536e+16,1.3,3093.08
2025-12-18 22:00:00+00:00,short,buy,85584.3,,1.8281329129560164e+16,-0.05,3093.03
2025-12-19 00:00:00+00:00,short,sell - direction_change,85584.3,85469.8,1.8296646364228476e+16,0.08,3093.11
2025-12-19 00:00:00+00:00,long,buy,85469.8,,1.828749804104636e+16,-0.05,3093.06
2025-12-19 01:00:00+00:00,long,sell - direction_change,85469.8,85572.8,1.8300392629523148e+16,0.07,3093.13
2025-12-19 01:00:00+00:00,short,buy,85572.8,,1.8291242433208388e+16,-0.05,3093.08
2025-12-19 03:00:00+00:00,short,sell - direction_change,85572.8,85600.9,1.8276090418460508e+16,-0.08,3093.0
2025-12-19 03:00:00+00:00,long,buy,85600.9,,1.8266952373251276e+16,-0.05,3092.95
2025-12-19 07:10:00+00:00,long,sell - take_profit,85600.9,88168.927,1.8805827468262188e+16,2.95,3095.9
2025-12-19 08:00:00+00:00,long,buy,87909.7,,1.8796424554528056e+16,-0.05,3095.85
2025-12-19 17:33:00+00:00,long,sell - stop_loss,87909.7,87030.603,1.859906209670551e+16,-1.05,3094.8
2025-12-19 18:00:00+00:00,long,buy,86912.6,,1.858976256565716e+16,-0.05,3094.75
2025-12-20 14:00:00+00:00,long,sell - direction_change,86912.6,88230.9,1.8862439274112824e+16,1.47,3096.21
2025-12-20 14:00:00+00:00,short,buy,88230.9,,1.885300805447577e+16,-0.05,3096.16
2025-12-20 16:00:00+00:00,short,sell - direction_change,88230.9,88134.5,1.886418011599021e+16,0.06,3096.22
2025-12-20 16:00:00+00:00,long,buy,88134.5,,1.8854748025932212e+16,-0.05,3096.17
2025-12-21 01:00:00+00:00,long,sell - direction_change,88134.5,88354.8,1.889244976696628e+16,0.2,3096.37
2025-12-21 01:00:00+00:00,short,buy,88354.8,,1.8883003542082796e+16,-0.05,3096.32
2025-12-21 08:00:00+00:00,short,sell - direction_change,88354.8,88138.8,1.8919725109721564e+16,0.19,3096.52
2025-12-21 08:00:00+00:00,long,buy,88138.8,,1.8910265247166704e+16,-0.05,3096.47
2025-12-21 13:00:00+00:00,long,sell - direction_change,88138.8,88588.6,1.8997315141933732e+16,0.46,3096.93
2025-12-21 13:00:00+00:00,short,buy,88588.6,,1.8987816484362764e+16,-0.05,3096.88
2025-12-21 16:00:00+00:00,short,sell - direction_change,88588.6,88024.7,1.9099187221408264e+16,0.59,3097.46
2025-12-21 16:00:00+00:00,long,buy,88024.7,,1.908963762779756e+16,-0.05,3097.41
2025-12-21 20:00:00+00:00,long,sell - direction_change,88024.7,88448.3,1.9171957598061444e+16,0.43,3097.85
2025-12-21 20:00:00+00:00,short,buy,88448.3,,1.9162371619262412e+16,-0.05,3097.8
2025-12-21 22:00:00+00:00,short,sell - direction_change,88448.3,88121.6,1.922357016362298e+16,0.32,3098.12
2025-12-21 22:00:00+00:00,long,buy,88121.6,,1.921395837854117e+16,-0.05,3098.07
2025-12-22 18:00:00+00:00,long,sell - direction_change,88121.6,89271.0,1.9454965593378052e+16,1.25,3099.32
2025-12-22 18:00:00+00:00,short,buy,89271.0,,1.9445238110581364e+16,-0.05,3099.27
2025-12-23 14:56:00+00:00,short,sell - take_profit,89271.0,86592.87,2.0018872634843516e+16,2.95,3102.22
2025-12-23 15:00:00+00:00,short,buy,86837.2,,2.0008863198526096e+16,-0.05,3102.17
2025-12-23 16:00:00+00:00,short,sell - direction_change,86837.2,87405.2,1.986798128242983e+16,-0.7,3101.47
2025-12-23 16:00:00+00:00,long,buy,87405.2,,1.9858047291788616e+16,-0.05,3101.42
2025-12-23 17:00:00+00:00,long,sell - direction_change,87405.2,87959.8,1.9974120760305956e+16,0.58,3102.0
2025-12-23 17:00:00+00:00,short,buy,87959.8,,1.9964133699925804e+16,-0.05,3101.95
2025-12-23 18:00:00+00:00,short,sell - direction_change,87959.8,87138.1,2.0140651928224636e+16,0.88,3102.83
2025-12-23 18:00:00+00:00,long,buy,87138.1,,2.0130581602260524e+16,-0.05,3102.78
2025-12-23 22:00:00+00:00,long,sell - direction_change,87138.1,87692.7,2.024863960720045e+16,0.59,3103.37
2025-12-23 22:00:00+00:00,short,buy,87692.7,,2.023851528739685e+16,-0.05,3103.32
2025-12-24 12:00:00+00:00,short,sell - direction_change,87692.7,87162.6,2.035073730734922e+16,0.55,3103.87
2025-12-24 12:00:00+00:00,long,buy,87162.6,,2.0340561938695544e+16,-0.05,3103.82
2025-12-24 13:00:00+00:00,long,sell - direction_change,87162.6,87393.0,2.0384158588389984e+16,0.21,3104.04
2025-12-24 13:00:00+00:00,short,buy,87393.0,,2.0373966509095788e+16,-0.05,3103.99
2025-12-24 16:00:00+00:00,short,sell - direction_change,87393.0,87012.0,2.0452602214614544e+16,0.39,3104.38
2025-12-24 16:00:00+00:00,long,buy,87012.0,,2.0442375913507236e+16,-0.05,3104.33
2025-12-25 08:00:00+00:00,long,sell - direction_change,87012.0,87795.9,2.061632217921892e+16,0.85,3105.18
2025-12-25 08:00:00+00:00,short,buy,87795.9,,2.060601401812931e+16,-0.05,3105.13
2025-12-25 12:00:00+00:00,short,sell - direction_change,87795.9,87485.2,2.0668633420429028e+16,0.3,3105.43
2025-12-25 12:00:00+00:00,long,buy,87485.2,,2.0658299103718812e+16,-0.05,3105.38
2025-12-25 22:00:00+00:00,long,sell - direction_change,87485.2,87862.0,2.0736945542063892e+16,0.38,3105.76
2025-12-25 22:00:00+00:00,short,buy,87862.0,,2.072657706929286e+16,-0.05,3105.71
2025-12-26 02:00:00+00:00,short,sell - direction_change,87862.0,87386.7,2.082833667895123e+16,0.49,3106.2
2025-12-26 02:00:00+00:00,long,buy,87386.7,,2.0817922510611756e+16,-0.05,3106.15
2025-12-26 14:00:00+00:00,long,sell - direction_change,87386.7,88959.2,2.118212642692177e+16,1.75,3107.9
2025-12-26 14:00:00+00:00,short,buy,88959.2,,2.1171535363708308e+16,-0.05,3107.85
2025-12-27 00:00:00+00:00,short,sell - direction_change,88959.2,87318.3,2.1551469883734852e+16,1.79,3109.65
2025-12-27 00:00:00+00:00,long,buy,87318.3,,2.1540694148792984e+16,-0.05,3109.6
2025-12-27 02:00:00+00:00,long,sell - direction_change,87318.3,87431.6,2.155787396390748e+16,0.08,3109.68
2025-12-27 02:00:00+00:00,short,buy,87431.6,,2.154709502692553e+16,-0.05,3109.63
2025-12-27 07:00:00+00:00,short,sell - direction_change,87431.6,87426.8,2.15375044162007e+16,-0.04,3109.58
2025-12-27 07:00:00+00:00,long,buy,87426.8,,2.15267356639926e+16,-0.05,3109.53
2025-12-27 10:00:00+00:00,long,sell - direction_change,87426.8,87575.4,2.1552561453257388e+16,0.12,3109.65
2025-12-27 10:00:00+00:00,short,buy,87575.4,,2.154178517253076e+16,-0.05,3109.6
2025-12-27 14:00:00+00:00,short,sell - direction_change,87575.4,87410.6,2.157155176189071e+16,0.14,3109.74
2025-12-27 14:00:00+00:00,long,buy,87410.6,,2.156076598600977e+16,-0.05,3109.69
2025-12-27 16:00:00+00:00,long,sell - direction_change,87410.6,87516.3,2.1576057646507156e+16,0.07,3109.76
2025-12-27 16:00:00+00:00,short,buy,87516.3,,2.1565269617683904e+16,-0.05,3109.71
2025-12-27 17:00:00+00:00,short,sell - direction_change,87516.3,87454.2,2.1569789312192668e+16,0.02,3109.73
2025-12-27 17:00:00+00:00,long,buy,87454.2,,2.1559004417536572e+16,-0.05,3109.68
2025-12-27 18:00:00+00:00,long,sell - direction_change,87454.2,87514.0,2.1562966671174508e+16,0.02,3109.7
2025-12-27 18:00:00+00:00,short,buy,87514.0,,2.155218518783892e+16,-0.05,3109.65
2025-12-27 19:00:00+00:00,short,sell - direction_change,87514.0,87452.8,2.1556480897853676e+16,0.02,3109.67
2025-12-27 19:00:00+00:00,long,buy,87452.8,,2.1545702657404748e+16,-0.05,3109.62
2025-12-28 18:00:00+00:00,long,sell - direction_change,87452.8,87730.1,2.1603248068577628e+16,0.27,3109.89
2025-12-28 18:00:00+00:00,short,buy,87730.1,,2.159244644454334e+16,-0.05,3109.84
2025-12-28 22:00:00+00:00,short,sell - direction_change,87730.1,87556.1,2.1624475724555996e+16,0.15,3109.98
2025-12-28 22:00:00+00:00,long,buy,87556.1,,2.161366348669372e+16,-0.05,3109.93
2025-12-29 04:35:00+00:00,long,sell - take_profit,87556.1,90182.78300000001,2.2251266559551184e+16,2.95,3112.88
2025-12-29 05:00:00+00:00,long,buy,90100.1,,2.224014092627141e+16,-0.05,3112.83
2025-12-29 09:31:00+00:00,long,sell - stop_loss,90100.1,89199.099,2.2006619446545556e+16,-1.05,3111.78
2025-12-29 10:00:00+00:00,short,buy,88068.2,,2.1995616136822284e+16,-0.05,3111.73
2025-12-29 13:00:00+00:00,short,sell - direction_change,88068.2,87343.9,2.2165517050061908e+16,0.77,3112.51
2025-12-29 13:00:00+00:00,long,buy,87343.9,,2.2154434291536876e+16,-0.05,3112.46
2025-12-29 15:00:00+00:00,long,sell - direction_change,87343.9,87400.0,2.2157586617195532e+16,0.01,3112.47
2025-12-29 15:00:00+00:00,short,buy,87400.0,,2.2146507823886936e+16,-0.05,3112.42
2025-12-30 06:00:00+00:00,short,sell - direction_change,87400.0,87216.1,2.2182033457718844e+16,0.16,3112.58
2025-12-30 06:00:00+00:00,long,buy,87216.1,,2.2170942440989984e+16,-0.05,3112.53
2025-12-30 20:00:00+00:00,long,sell - direction_change,87216.1,88189.8,2.2407378317947084e+16,1.07,3113.6
2025-12-30 20:00:00+00:00,short,buy,88189.8,,2.239617462878811e+16,-0.05,3113.55
2025-12-30 21:00:00+00:00,short,sell - direction_change,88189.8,87900.2,2.245852169264196e+16,0.28,3113.83
2025-12-30 21:00:00+00:00,long,buy,87900.2,,2.244729243179564e+16,-0.05,3113.78
2025-12-31 00:00:00+00:00,long,sell - direction_change,87900.2,88455.2,2.2577800514286236e+16,0.58,3114.36
2025-12-31 00:00:00+00:00,short,buy,88455.2,,2.2566511614029092e+16,-0.05,3114.31
2025-12-31 01:00:00+00:00,short,sell - direction_change,88455.2,88226.2,2.2613650374786536e+16,0.21,3114.52
2025-12-31 01:00:00+00:00,long,buy,88226.2,,2.2602343549599144e+16,-0.05,3114.47
2025-12-31 15:00:00+00:00,long,sell - direction_change,88226.2,88443.4,2.2646686041712996e+16,0.2,3114.66
2025-12-31 15:00:00+00:00,short,buy,88443.4,,2.263536269869214e+16,-0.05,3114.61
2026-01-01 05:00:00+00:00,short,sell - direction_change,88443.4,87566.9,2.2848368091822108e+16,0.94,3115.55
2026-01-01 05:00:00+00:00,long,buy,87566.9,,2.2836943907776196e+16,-0.05,3115.5
2026-01-01 06:00:00+00:00,long,sell - direction_change,87566.9,87674.7,2.2853639055846064e+16,0.07,3115.58
2026-01-01 06:00:00+00:00,short,buy,87674.7,,2.284221223631814e+16,-0.05,3115.53
2026-01-01 08:00:00+00:00,short,sell - direction_change,87674.7,87603.7,2.2849289021481944e+16,0.03,3115.56
2026-01-01 08:00:00+00:00,long,buy,87603.7,,2.2837864376971204e+16,-0.05,3115.51
2026-01-01 10:00:00+00:00,long,sell - direction_change,87603.7,87846.8,2.288982044869285e+16,0.23,3115.74
2026-01-01 10:00:00+00:00,short,buy,87846.8,,2.28783755384685e+16,-0.05,3115.69
2026-01-01 11:00:00+00:00,short,sell - direction_change,87846.8,87833.8,2.2870322004838064e+16,-0.04,3115.65
2026-01-01 11:00:00+00:00,long,buy,87833.8,,2.2858886843835644e+16,-0.05,3115.6
2026-01-01 13:00:00+00:00,long,sell - direction_change,87833.8,87898.6,2.286432170399026e+16,0.02,3115.62
2026-01-01 13:00:00+00:00,short,buy,87898.6,,2.2852889543138264e+16,-0.05,3115.57
2026-01-01 14:00:00+00:00,short,sell - direction_change,87898.6,87871.8,2.2848430870774404e+16,-0.02,3115.55
2026-01-01 14:00:00+00:00,long,buy,87871.8,,2.2837006655339016e+16,-0.05,3115.5
2026-01-02 16:32:00+00:00,long,sell - take_profit,87871.8,90507.95400000001,2.351069835167152e+16,2.95,3118.45
2026-01-02 17:00:00+00:00,long,buy,90333.9,,2.3498943002495684e+16,-0.05,3118.4
2026-01-03 07:00:00+00:00,long,sell - direction_change,90333.9,89827.4,2.335543552396978e+16,-0.61,3117.79
2026-01-03 07:00:00+00:00,short,buy,89827.4,,2.33437578062078e+16,-0.05,3117.74
2026-01-03 09:00:00+00:00,short,sell - direction_change,89827.4,89625.2,2.338463234218941e+16,0.18,3117.92
2026-01-03 09:00:00+00:00,long,buy,89625.2,,2.3372940026018316e+16,-0.05,3117.87
2026-01-03 10:00:00+00:00,long,sell - direction_change,89625.2,89756.1,2.3395390359598556e+16,0.1,3117.97
2026-01-03 10:00:00+00:00,short,buy,89756.1,,2.3383692664418756e+16,-0.05,3117.92
2026-01-03 12:00:00+00:00,short,sell - direction_change,89756.1,89706.4,2.338494890212119e+16,0.01,3117.92
2026-01-03 12:00:00+00:00,long,buy,89706.4,,2.3373256427670132e+16,-0.05,3117.87
2026-01-03 15:00:00+00:00,long,sell - direction_change,89706.4,90091.3,2.3461856583888744e+16,0.38,3118.25
2026-01-03 15:00:00+00:00,short,buy,90091.3,,2.3450125655596796e+16,-0.05,3118.2
2026-01-03 16:00:00+00:00,short,sell - direction_change,90091.3,89931.7,2.3479943339456336e+16,0.13,3118.33
2026-01-03 16:00:00+00:00,long,buy,89931.7,,2.3468203367786612e+16,-0.05,3118.28
2026-01-04 18:00:00+00:00,long,sell - direction_change,89931.7,91293.4,2.381181284935439e+16,1.46,3119.74
2026-01-04 18:00:00+00:00,short,buy,91293.4,,2.379990694292972e+16,-0.05,3119.69
2026-01-04 20:00:00+00:00,short,sell - direction_change,91293.4,91102.9,2.3837669750102816e+16,0.16,3119.85
2026-01-04 20:00:00+00:00,long,buy,91102.9,,2.3825750915227764e+16,-0.05,3119.8
2026-01-05 15:41:00+00:00,long,sell - take_profit,91102.9,93835.987,2.4528610567226984e+16,2.95,3122.75
2026-01-05 16:00:00+00:00,long,buy,93900.0,,2.4516346261943372e+16,-0.05,3122.7
2026-01-06 05:00:00+00:00,long,sell - direction_change,93900.0,93758.8,2.4467222187937148e+16,-0.2,3122.5
2026-01-06 05:00:00+00:00,short,buy,93758.8,,2.4454988576843184e+16,-0.05,3122.45
2026-01-06 06:00:00+00:00,short,sell - direction_change,93758.8,93552.0,2.449670046358023e+16,0.17,3122.62
2026-01-06 06:00:00+00:00,long,buy,93552.0,,2.448445211334844e+16,-0.05,3122.57
2026-01-06 07:00:00+00:00,long,sell - direction_change,93552.0,93727.5,2.4518141789826108e+16,0.14,3122.71
2026-01-06 07:00:00+00:00,short,buy,93727.5,,2.4505882718931196e+16,-0.05,3122.66
2026-01-06 09:00:00+00:00,short,sell - direction_change,93727.5,93196.9,2.463235983407238e+16,0.52,3123.17
2026-01-06 09:00:00+00:00,long,buy,93196.9,,2.4620043654155344e+16,-0.05,3123.12
2026-01-06 15:00:00+00:00,long,sell - direction_change,93196.9,93796.2,2.476605211890814e+16,0.59,3123.72
2026-01-06 15:00:00+00:00,short,buy,93796.2,,2.475366909284869e+16,-0.05,3123.67
2026-01-06 21:00:00+00:00,short,sell - direction_change,93796.2,92472.7,2.5090575929116056e+16,1.36,3125.03
2026-01-06 21:00:00+00:00,long,buy,92472.7,,2.50780306411515e+16,-0.05,3124.98
2026-01-07 00:00:00+00:00,long,sell - direction_change,92472.7,93708.1,2.540052454964605e+16,1.29,3126.26
2026-01-07 00:00:00+00:00,short,buy,93708.1,,2.5387824287371224e+16,-0.05,3126.21
2026-01-07 02:00:00+00:00,short,sell - direction_change,93708.1,92405.6,2.5728009594145652e+16,1.34,3127.55
2026-01-07 02:00:00+00:00,long,buy,92405.6,,2.5715145589348584e+16,-0.05,3127.5
2026-01-07 04:00:00+00:00,long,sell - direction_change,92405.6,92778.1,2.5805949393483796e+16,0.35,3127.86
2026-01-07 04:00:00+00:00,short,buy,92778.1,,2.5793046418787056e+16,-0.05,3127.81
2026-01-07 06:00:00+00:00,short,sell - direction_change,92778.1,92504.0,2.5856351865906756e+16,0.25,3128.05
2026-01-07 06:00:00+00:00,long,buy,92504.0,,2.584342368997381e+16,-0.05,3128.0
2026-01-07 07:00:00+00:00,long,sell - direction_change,92504.0,92576.4,2.585072882102376e+16,0.03,3128.03
2026-01-07 07:00:00+00:00,short,buy,92576.4,,2.583780345661325e+16,-0.05,3127.98
2026-01-08 01:00:00+00:00,short,sell - direction_change,92576.4,91356.8,2.6165271360762956e+16,1.27,3129.25
2026-01-08 01:00:00+00:00,long,buy,91356.8,,2.6152188725082576e+16,-0.05,3129.2
2026-01-08 02:00:00+00:00,long,sell - direction_change,91356.8,91386.1,2.6147500174172136e+16,-0.02,3129.18
2026-01-08 02:00:00+00:00,short,buy,91386.1,,2.613442642408505e+16,-0.05,3129.13
2026-01-08 04:00:00+00:00,short,sell - direction_change,91386.1,90780.0,2.6294690558371564e+16,0.61,3129.74
2026-01-08 04:00:00+00:00,long,buy,90780.0,,2.6281543213092376e+16,-0.05,3129.69
2026-01-08 05:00:00+00:00,long,sell - direction_change,90780.0,90988.0,2.632862012146296e+16,0.18,3129.87
2026-01-08 05:00:00+00:00,short,buy,90988.0,,2.6315455811402224e+16,-0.05,3129.82
2026-01-08 15:00:00+00:00,short,sell - direction_change,90988.0,89978.5,2.6594264635587024e+16,1.06,3130.88
2026-01-08 15:00:00+00:00,long,buy,89978.5,,2.658096750326923e+16,-0.05,3130.83
2026-01-09 04:00:00+00:00,long,sell - direction_change,89978.5,91190.1,2.692560141508944e+16,1.3,3132.13
2026-01-09 04:00:00+00:00,short,buy,91190.1,,2.6912138614381896e+16,-0.05,3132.08
2026-01-09 05:00:00+00:00,short,sell - direction_change,91190.1,90978.7,2.6961071182690856e+16,0.18,3132.26
2026-01-09 05:00:00+00:00,long,buy,90978.7,,2.6947590647099508e+16,-0.05,3132.21
2026-01-09 07:00:00+00:00,long,sell - direction_change,90978.7,91103.8,2.6971171058859076e+16,0.09,3132.3
2026-01-09 07:00:00+00:00,short,buy,91103.8,,2.695768547332965e+16,-0.05,3132.25
2026-01-09 10:00:00+00:00,short,sell - direction_change,91103.8,90299.1,2.7182317988191548e+16,0.83,3133.08
2026-01-09 10:00:00+00:00,long,buy,90299.1,,2.7168726829197452e+16,-0.05,3133.03
2026-01-09 11:00:00+00:00,long,sell - direction_change,90299.1,90443.5,2.7198588791982516e+16,0.11,3133.14
2026-01-09 11:00:00+00:00,short,buy,90443.5,,2.7184989497586524e+16,-0.05,3133.09
2026-01-09 15:00:00+00:00,short,sell - direction_change,90443.5,90110.7,2.727142812176609e+16,0.32,3133.41
2026-01-09 15:00:00+00:00,long,buy,90110.7,,2.7257792407705204e+16,-0.05,3133.36
2026-01-09 19:00:00+00:00,long,sell - direction_change,90110.7,90772.3,2.744429241358443e+16,0.68,3134.04
2026-01-09 19:00:00+00:00,short,buy,90772.3,,2.743057026737764e+16,-0.05,3133.99
2026-01-09 21:00:00+00:00,short,sell - direction_change,90772.3,90272.4,2.7567920253000144e+16,0.5,3134.49
2026-01-09 21:00:00+00:00,long,buy,90272.4,,2.755413629287365e+16,-0.05,3134.44
2026-01-10 00:00:00+00:00,long,sell - direction_change,90272.4,90603.7,2.7641482994050156e+16,0.32,3134.76
2026-01-10 00:00:00+00:00,short,buy,90603.7,,2.7627662252553136e+16,-0.05,3134.71
2026-01-10 02:00:00+00:00,short,sell - direction_change,90603.7,90649.6,2.7599852197239628e+16,-0.1,3134.61
2026-01-10 02:00:00+00:00,long,buy,90649.6,,2.758605227114101e+16,-0.05,3134.56
2026-01-10 03:00:00+00:00,long,sell - direction_change,90649.6,90652.7,2.757320262216364e+16,-0.05,3134.51
2026-01-10 03:00:00+00:00,short,buy,90652.7,,2.755941602085256e+16,-0.05,3134.46
2026-01-10 07:00:00+00:00,short,sell - direction_change,90652.7,90475.0,2.7599659063702344e+16,0.15,3134.61
2026-01-10 07:00:00+00:00,long,buy,90475.0,,2.7585859234170492e+16,-0.05,3134.56
2026-01-10 13:00:00+00:00,long,sell - direction_change,90475.0,90696.6,2.763963222227976e+16,0.19,3134.75
2026-01-10 13:00:00+00:00,short,buy,90696.6,,2.7625812406168624e+16,-0.05,3134.7
2026-01-10 16:00:00+00:00,short,sell - direction_change,90696.6,90622.8,2.7634478677305984e+16,0.03,3134.74
2026-01-10 16:00:00+00:00,long,buy,90622.8,,2.7620661437967336e+16,-0.05,3134.69
2026-01-10 17:00:00+00:00,long,sell - direction_change,90622.8,90640.7,2.761230679654221e+16,-0.03,3134.66
2026-01-10 17:00:00+00:00,short,buy,90640.7,,2.7598500643143936e+16,-0.05,3134.61
2026-01-11 00:00:00+00:00,short,sell - direction_change,90640.7,90469.7,2.763676788844715e+16,0.14,3134.74
2026-01-11 00:00:00+00:00,long,buy,90469.7,,2.762294950450293e+16,-0.05,3134.69
2026-01-11 19:00:00+00:00,long,sell - direction_change,90469.7,90840.8,2.772244532004921e+16,0.36,3135.05
2026-01-11 19:00:00+00:00,short,buy,90840.8,,2.7708584097389184e+16,-0.05,3135.0
2026-01-11 21:00:00+00:00,short,sell - direction_change,90840.8,90654.2,2.7751647201406716e+16,0.16,3135.16
2026-01-11 21:00:00+00:00,long,buy,90654.2,,2.7737771377806012e+16,-0.05,3135.11
2026-01-11 22:00:00+00:00,long,sell - direction_change,90654.2,90711.1,2.774131237705787e+16,0.01,3135.12
2026-01-11 22:00:00+00:00,short,buy,90711.1,,2.772744172086935e+16,-0.05,3135.07
2026-01-11 23:00:00+00:00,short,sell - direction_change,90711.1,90482.3,2.7783514740559244e+16,0.2,3135.27
2026-01-11 23:00:00+00:00,long,buy,90482.3,,2.776962298318897e+16,-0.05,3135.22
2026-01-12 09:00:00+00:00,long,sell - direction_change,90482.3,90714.0,2.7826848451223916e+16,0.21,3135.43
2026-01-12 09:00:00+00:00,short,buy,90714.0,,2.7812935026998304e+16,-0.05,3135.38
2026-01-12 15:00:00+00:00,short,sell - direction_change,90714.0,90852.7,2.775650310488855e+16,-0.2,3135.18
2026-01-12 15:00:00+00:00,long,buy,90852.7,,2.774262485333611e+16,-0.05,3135.13
2026-01-12 21:00:00+00:00,long,sell - direction_change,90852.7,91446.5,2.7910075291808544e+16,0.6,3135.73
2026-01-12 21:00:00+00:00,short,buy,91446.5,,2.789612025416264e+16,-0.05,3135.68
2026-01-12 22:00:00+00:00,short,sell - direction_change,91446.5,91005.6,2.8016670500915096e+16,0.43,3136.11
2026-01-12 22:00:00+00:00,long,buy,91005.6,,2.8002662165664644e+16,-0.05,3136.06
2026-01-13 01:00:00+00:00,long,sell - direction_change,91005.6,91436.4,2.8121219126170108e+16,0.42,3136.49
2026-01-13 01:00:00+00:00,short,buy,91436.4,,2.8107158516607024e+16,-0.05,3136.44
2026-01-13 03:00:00+00:00,short,sell - direction_change,91436.4,91093.5,2.819851093162829e+16,0.33,3136.76
2026-01-13 03:00:00+00:00,long,buy,91093.5,,2.818441167616247e+16,-0.05,3136.71
2026-01-13 18:48:00+00:00,long,sell - take_profit,91093.5,93826.30500000001,2.9015851820609268e+16,2.95,3139.66
2026-01-13 19:00:00+00:00,long,buy,93581.1,,2.900134389469896e+16,-0.05,3139.61
2026-01-13 22:10:00+00:00,long,sell - take_profit,93581.1,96388.53300000001,2.9856883539592588e+16,2.95,3142.56
2026-01-13 23:00:00+00:00,long,buy,95730.4,,2.9841955097822788e+16,-0.05,3142.51
2026-01-14 06:06:00+00:00,long,sell - stop_loss,95730.4,94773.09599999999,2.952861456929565e+16,-1.05,3141.46
2026-01-14 07:00:00+00:00,long,buy,94984.7,,2.9513850262010996e+16,-0.05,3141.41
2026-01-14 11:00:00+00:00,long,sell - direction_change,94984.7,95050.0,2.9519383493316868e+16,0.02,3141.43
2026-01-14 11:00:00+00:00,short,buy,95050.0,,2.950462380157021e+16,-0.05,3141.38
2026-01-14 12:00:00+00:00,short,sell - direction_change,95050.0,94763.7,2.9578742334428916e+16,0.25,3141.63
2026-01-14 12:00:00+00:00,long,buy,94763.7,,2.95639529632617e+16,-0.05,3141.58
2026-01-14 16:48:00+00:00,long,sell - take_profit,94763.7,97606.611,3.043608957567793e+16,2.95,3144.53
2026-01-14 17:00:00+00:00,long,buy,97232.1,,3.042087153089009e+16,-0.05,3144.48
2026-01-14 18:39:00+00:00,long,sell - stop_loss,97232.1,96259.77900000001,3.010145237981574e+16,-1.05,3143.43
2026-01-14 19:00:00+00:00,long,buy,96764.5,,3.008640165362583e+16,-0.05,3143.38
2026-01-15 03:38:00+00:00,long,sell - stop_loss,96764.5,95796.855,2.977049443626276e+16,-1.05,3142.33
2026-01-15 04:00:00+00:00,long,buy,95943.1,,2.9755609189044628e+16,-0.05,3142.28
2026-01-15 14:00:00+00:00,long,sell - direction_change,95943.1,96800.9,3.0006767832744588e+16,0.84,3143.13
2026-01-15 14:00:00+00:00,short,buy,96800.9,,2.9991764448828212e+16,-0.05,3143.08
2026-01-15 15:00:00+00:00,short,sell - direction_change,96800.9,96013.6,3.0220697250640436e+16,0.76,3143.84
2026-01-15 15:00:00+00:00,long,buy,96013.6,,3.0205586902015116e+16,-0.05,3143.79
2026-01-15 17:00:00+00:00,long,sell - direction_change,96013.6,96684.7,3.04016101299813e+16,0.65,3144.44
2026-01-15 17:00:00+00:00,short,buy,96684.7,,3.038640932491631e+16,-0.05,3144.39
2026-01-15 21:00:00+00:00,short,sell - direction_change,96684.7,95220.8,3.0831295787571896e+16,1.46,3145.85
2026-01-15 21:00:00+00:00,long,buy,95220.8,,3.081588013967811e+16,-0.05,3145.8
2026-01-15 22:00:00+00:00,long,sell - direction_change,95220.8,95545.3,3.0905488678206704e+16,0.29,3146.09
2026-01-15 22:00:00+00:00,short,buy,95545.3,,3.08900359338676e+16,-0.05,3146.04
2026-01-16 05:00:00+00:00,short,sell - direction_change,95545.3,95233.4,3.097542897081047e+16,0.28,3146.32
2026-01-16 05:00:00+00:00,long,buy,95233.4,,3.0959941256325064e+16,-0.05,3146.27
2026-01-16 07:00:00+00:00,long,sell - direction_change,95233.4,95702.5,3.1096963542713268e+16,0.44,3146.71
2026-01-16 07:00:00+00:00,short,buy,95702.5,,3.108141506094191e+16,-0.05,3146.66
2026-01-16 08:00:00+00:00,short,sell - direction_change,95702.5,95608.4,3.1096435322636228e+16,0.05,3146.71
2026-01-16 08:00:00+00:00,long,buy,95608.4,,3.1080887104974904e+16,-0.05,3146.66
2026-01-16 09:00:00+00:00,long,sell - direction_change,95608.4,95628.4,3.1071848367779804e+16,-0.03,3146.63
2026-01-16 09:00:00+00:00,short,buy,95628.4,,3.1056312443595916e+16,-0.05,3146.58
2026-01-16 20:00:00+00:00,short,sell - direction_change,95628.4,94961.0,3.1257529343496104e+16,0.65,3147.23
2026-01-16 20:00:00+00:00,long,buy,94961.0,,3.1241900578824356e+16,-0.05,3147.18
2026-01-17 01:00:00+00:00,long,sell - direction_change,94961.0,95416.8,3.1376236540149484e+16,0.43,3147.61
2026-01-17 01:00:00+00:00,short,buy,95416.8,,3.136054842187941e+16,-0.05,3147.56
2026-01-17 03:00:00+00:00,short,sell - direction_change,95416.8,95318.8,3.1377077713964384e+16,0.05,3147.61
2026-01-17 03:00:00+00:00,long,buy,95318.8,,3.13613891751074e+16,-0.05,3147.56
2026-01-17 04:00:00+00:00,long,sell - direction_change,95318.8,95324.1,3.13474522641452e+16,-0.04,3147.52
2026-01-17 04:00:00+00:00,short,buy,95324.1,,3.1331778538013124e+16,-0.05,3147.47
2026-01-17 05:00:00+00:00,short,sell - direction_change,95324.1,95267.4,3.1334749193365108e+16,0.01,3147.48
2026-01-17 05:00:00+00:00,long,buy,95267.4,,3.1319081818768424e+16,-0.05,3147.43
2026-01-17 06:00:00+00:00,long,sell - direction_change,95267.4,95270.4,3.130440852546794e+16,-0.05,3147.38
2026-01-17 06:00:00+00:00,short,buy,95270.4,,3.128875632120521e+16,-0.05,3147.33
2026-01-17 11:00:00+00:00,short,sell - direction_change,95270.4,95076.7,3.1336727001860536e+16,0.15,3147.48
2026-01-17 11:00:00+00:00,long,buy,95076.7,,3.1321058638359604e+16,-0.05,3147.43
2026-01-17 12:00:00+00:00,long,sell - direction_change,95076.7,95283.8,3.1373622934302604e+16,0.17,3147.6
2026-01-17 12:00:00+00:00,short,buy,95283.8,,3.1357936122835444e+16,-0.05,3147.55
2026-01-17 13:00:00+00:00,short,sell - direction_change,95283.8,95212.7,3.136565619278819e+16,0.02,3147.58
2026-01-17 13:00:00+00:00,long,buy,95212.7,,3.134997336469179e+16,-0.05,3147.53
2026-01-17 21:00:00+00:00,long,sell - direction_change,95212.7,95332.9,3.1373875732694652e+16,0.08,3147.6
2026-01-17 21:00:00+00:00,short,buy,95332.9,,3.1358188794828304e+16,-0.05,3147.55
2026-01-18 08:00:00+00:00,short,sell - direction_change,95332.9,94989.9,3.145533390651951e+16,0.31,3147.86
2026-01-18 08:00:00+00:00,long,buy,94989.9,,3.1439606239566256e+16,-0.05,3147.81
2026-01-18 11:00:00+00:00,long,sell - direction_change,94989.9,95139.9,3.1473533198217296e+16,0.11,3147.92
2026-01-18 11:00:00+00:00,short,buy,95139.9,,3.145779643161819e+16,-0.05,3147.87
2026-01-18 17:00:00+00:00,short,sell - direction_change,95139.9,95123.6,3.1447457092166212e+16,-0.03,3147.84
2026-01-18 17:00:00+00:00,long,buy,95123.6,,3.143173336362013e+16,-0.05,3147.79
2026-01-18 23:00:00+00:00,long,sell - direction_change,95123.6,95442.9,3.1521523937642868e+16,0.29,3148.07
2026-01-18 23:00:00+00:00,short,buy,95442.9,,3.1505763175674052e+16,-0.05,3148.02
2026-01-19 00:02:00+00:00,short,sell - take_profit,95442.9,92579.613,3.2435183189356436e+16,2.95,3150.97
2026-01-19 01:00:00+00:00,short,buy,92658.2,,3.2418965597761756e+16,-0.05,3150.92
2026-01-19 10:00:00+00:00,short,sell - direction_change,92658.2,93000.0,3.2283168183821164e+16,-0.42,3150.5
2026-01-19 10:00:00+00:00,long,buy,93000.0,,3.2267026599729256e+16,-0.05,3150.45
2026-01-19 12:00:00+00:00,long,sell - direction_change,93000.0,93136.8,3.2298356841685764e+16,0.1,3150.55
2026-01-19 12:00:00+00:00,short,buy,93136.8,,3.228220766326492e+16,-0.05,3150.5
2026-01-19 15:00:00+00:00,short,sell - direction_change,93136.8,92779.8,3.238980656484238e+16,0.33,3150.83
2026-01-19 15:00:00+00:00,long,buy,92779.8,,3.237361166155996e+16,-0.05,3150.78
2026-01-19 17:00:00+00:00,long,sell - direction_change,92779.8,93265.0,3.2526725461876084e+16,0.47,3151.26
2026-01-19 17:00:00+00:00,short,buy,93265.0,,3.2510462099145148e+16,-0.05,3151.21
2026-01-19 19:00:00+00:00,short,sell - direction_change,93265.0,93023.0,3.2578563613155276e+16,0.21,3151.42
2026-01-19 19:00:00+00:00,long,buy,93023.0,,3.25622743313487e+16,-0.05,3151.37
2026-01-19 21:00:00+00:00,long,sell - direction_change,93023.0,93107.5,3.257557203147057e+16,0.04,3151.41
2026-01-19 21:00:00+00:00,short,buy,93107.5,,3.255928424545483e+16,-0.05,3151.36
2026-01-20 01:00:00+00:00,short,sell - direction_change,93107.5,92676.1,3.269386329058597e+16,0.41,3151.77
2026-01-20 01:00:00+00:00,long,buy,92676.1,,3.2677516358940676e+16,-0.05,3151.72
2026-01-20 02:00:00+00:00,long,sell - direction_change,92676.1,92688.8,3.2665655610277776e+16,-0.04,3151.68
2026-01-20 02:00:00+00:00,short,buy,92688.8,,3.2649322782472636e+16,-0.05,3151.63
2026-01-20 15:09:00+00:00,short,sell - take_profit,92688.8,89908.136,3.361247780455558e+16,2.95,3154.58
2026-01-20 16:00:00+00:00,short,buy,90644.3,,3.3595671565653304e+16,-0.05,3154.53
2026-01-20 22:33:00+00:00,short,sell - take_profit,90644.3,87924.971,3.4586743876840076e+16,2.95,3157.48
2026-01-20 23:00:00+00:00,short,buy,88468.9,,3.4569450504901656e+16,-0.05,3157.43
2026-01-21 00:00:00+00:00,short,sell - direction_change,88468.9,88390.7,3.458272263103408e+16,0.04,3157.47
2026-01-21 00:00:00+00:00,long,buy,88390.7,,3.4565431269718564e+16,-0.05,3157.42
2026-01-21 01:00:00+00:00,long,sell - direction_change,88390.7,88895.5,3.4745552010611984e+16,0.52,3157.94
2026-01-21 01:00:00+00:00,short,buy,88895.5,,3.472817923460668e+16,-0.05,3157.89
2026-01-21 02:00:00+00:00,short,sell - direction_change,88895.5,88985.3,3.46757336111067e+16,-0.15,3157.74
2026-01-21 02:00:00+00:00,long,buy,88985.3,,3.4658395744301144e+16,-0.05,3157.69
2026-01-21 06:00:00+00:00,long,sell - direction_change,88985.3,89919.9,3.500507876712863e+16,1.0,3158.69
2026-01-21 06:00:00+00:00,short,buy,89919.9,,3.498757622774507e+16,-0.05,3158.64
2026-01-21 09:00:00+00:00,short,sell - direction_change,89919.9,89160.4,3.5265601720068256e+16,0.79,3159.44
2026-01-21 09:00:00+00:00,long,buy,89160.4,,3.5247968919208216e+16,-0.05,3159.39
2026-01-21 11:00:00+00:00,long,sell - direction_change,89160.4,89200.8,3.5246316351928624e+16,-0.0,3159.38
2026-01-21 11:00:00+00:00,short,buy,89200.8,,3.5228693193752656e+16,-0.05,3159.33
2026-01-21 14:00:00+00:00,short,sell - direction_change,89200.8,88631.1,3.543607443590029e+16,0.59,3159.92
2026-01-21 14:00:00+00:00,long,buy,88631.1,,3.5418356398682336e+16,-0.05,3159.87
2026-01-21 16:00:00+00:00,long,sell - direction_change,88631.1,90237.2,3.604246958545334e+16,1.76,3161.63
2026-01-21 16:00:00+00:00,short,buy,90237.2,,3.602444835066062e+16,-0.05,3161.58
2026-01-21 17:13:00+00:00,short,sell - take_profit,90237.2,87530.08399999999,3.70871695770051e+16,2.95,3164.53
2026-01-21 18:00:00+00:00,long,buy,87897.0,,3.70686259922166e+16,-0.05,3164.48
2026-01-22 07:00:00+00:00,long,sell - direction_change,87897.0,90122.9,3.79888160338182e+16,2.48,3166.97
2026-01-22 07:00:00+00:00,short,buy,90122.9,,3.796982162580129e+16,-0.05,3166.92
2026-01-22 08:00:00+00:00,short,sell - direction_change,90122.9,89772.6,3.809842216236655e+16,0.34,3167.26
2026-01-22 08:00:00+00:00,long,buy,89772.6,,3.807937295128537e+16,-0.05,3167.21
2026-01-22 11:00:00+00:00,long,sell - direction_change,89772.6,90046.6,3.8176557460039144e+16,0.26,3167.46
2026-01-22 11:00:00+00:00,short,buy,90046.6,,3.815746918130913e+16,-0.05,3167.41
2026-01-22 12:00:00+00:00,short,sell - direction_change,90046.6,89909.7,3.819640215988612e+16,0.1,3167.51
2026-01-22 12:00:00+00:00,long,buy,89909.7,,3.817730395880618e+16,-0.05,3167.46
2026-01-22 13:00:00+00:00,long,sell - direction_change,89909.7,89985.7,3.8190486297619416e+16,0.03,3167.5
2026-01-22 13:00:00+00:00,short,buy,89985.7,,3.817139105447061e+16,-0.05,3167.45
2026-01-22 19:00:00+00:00,short,sell - direction_change,89985.7,89295.4,3.8445126454349656e+16,0.72,3168.16
2026-01-22 19:00:00+00:00,long,buy,89295.4,,3.842590389112248e+16,-0.05,3168.11
2026-01-22 20:00:00+00:00,long,sell - direction_change,89295.4,89732.8,3.859491441274865e+16,0.44,3168.55
2026-01-22 20:00:00+00:00,short,buy,89732.8,,3.857561695554227e+16,-0.05,3168.5
2026-01-23 01:00:00+00:00,short,sell - direction_change,89732.8,89484.6,3.8663028905997304e+16,0.23,3168.73
2026-01-23 01:00:00+00:00,long,buy,89484.6,,3.86436973915443e+16,-0.05,3168.68
2026-01-23 02:00:00+00:00,long,sell - direction_change,89484.6,89893.7,3.8801044339522824e+16,0.41,3169.09
2026-01-23 02:00:00+00:00,short,buy,89893.7,,3.8781643817353064e+16,-0.05,3169.04
2026-01-23 03:00:00+00:00,short,sell - direction_change,89893.7,89611.3,3.888408507282045e+16,0.26,3169.3
2026-01-23 03:00:00+00:00,long,buy,89611.3,,3.886464303028404e+16,-0.05,3169.25
2026-01-23 05:00:00+00:00,long,sell - direction_change,89611.3,89922.6,3.898022229073822e+16,0.3,3169.55
2026-01-23 05:00:00+00:00,short,buy,89922.6,,3.8960732179592856e+16,-0.05,3169.5
2026-01-23 07:00:00+00:00,short,sell - direction_change,89922.6,89475.0,3.9135183302623544e+16,0.45,3169.95
2026-01-23 07:00:00+00:00,long,buy,89475.0,,3.911561571097223e+16,-0.05,3169.9
2026-01-23 08:00:00+00:00,long,sell - direction_change,89475.0,89497.3,3.910580675173764e+16,-0.03,3169.87
2026-01-23 08:00:00+00:00,short,buy,89497.3,,3.908625384836177e+16,-0.05,3169.82
2026-01-23 15:00:00+00:00,short,sell - direction_change,89497.3,88976.0,3.929437864137653e+16,0.53,3170.35
2026-01-23 15:00:00+00:00,long,buy,88976.0,,3.927473145205584e+16,-0.05,3170.3
2026-01-23 23:00:00+00:00,long,sell - direction_change,88976.0,89585.4,3.952408821223885e+16,0.63,3170.94
2026-01-23 23:00:00+00:00,short,buy,89585.4,,3.950432616813273e+16,-0.05,3170.89
2026-01-24 02:00:00+00:00,short,sell - direction_change,89585.4,89512.8,3.951658830737701e+16,0.03,3170.92
2026-01-24 02:00:00+00:00,long,buy,89512.8,,3.949683001322332e+16,-0.05,3170.87
2026-01-24 05:00:00+00:00,long,sell - direction_change,89512.8,89806.8,3.960680682213874e+16,0.28,3171.15
2026-01-24 05:00:00+00:00,short,buy,89806.8,,3.958700341872766e+16,-0.05,3171.1
2026-01-24 06:00:00+00:00,short,sell - direction_change,89806.8,89744.5,3.959467187215963e+16,0.02,3171.12
2026-01-24 06:00:00+00:00,long,buy,89744.5,,3.957487453622355e+16,-0.05,3171.07
2026-01-24 07:00:00+00:00,long,sell - direction_change,89744.5,89612.4,3.9496834605195544e+16,-0.2,3170.87
2026-01-24 07:00:00+00:00,short,buy,89612.4,,3.947708618789294e+16,-0.05,3170.82
2026-01-24 08:00:00+00:00,short,sell - direction_change,89612.4,89581.3,3.947104817486451e+16,-0.02,3170.81
2026-01-24 08:00:00+00:00,long,buy,89581.3,,3.945131265077708e+16,-0.05,3170.76
2026-01-24 09:00:00+00:00,long,sell - direction_change,89581.3,89635.3,3.945536841851165e+16,0.01,3170.77
2026-01-24 09:00:00+00:00,short,buy,89635.3,,3.943564073430239e+16,-0.05,3170.72
2026-01-24 10:00:00+00:00,short,sell - direction_change,89635.3,89567.5,3.944575197058798e+16,0.03,3170.74
2026-01-24 10:00:00+00:00,long,buy,89567.5,,3.942602909460269e+16,-0.05,3170.69
2026-01-24 11:00:00+00:00,long,sell - direction_change,89567.5,89590.2,3.941630821850346e+16,-0.02,3170.67
2026-01-24 11:00:00+00:00,short,buy,89590.2,,3.939660006439421e+16,-0.05,3170.62
2026-01-25 18:44:00+00:00,short,sell - take_profit,89590.2,86902.49399999999,4.055879976629384e+16,2.95,3173.57
2026-01-25 19:00:00+00:00,short,buy,87370.2,,4.0538520366410696e+16,-0.05,3173.52
2026-01-26 04:00:00+00:00,short,sell - direction_change,87370.2,87233.1,4.058186354092759e+16,0.11,3173.62
2026-01-26 04:00:00+00:00,long,buy,87233.1,,4.056157260915713e+16,-0.05,3173.57
2026-01-26 09:00:00+00:00,long,sell - direction_change,87233.1,87947.4,4.087342642903667e+16,0.77,3174.34
2026-01-26 09:00:00+00:00,short,buy,87947.4,,4.085298971582215e+16,-0.05,3174.29
2026-01-26 10:00:00+00:00,short,sell - direction_change,87947.4,87630.4,4.097981484795851e+16,0.31,3174.6
2026-01-26 10:00:00+00:00,long,buy,87630.4,,4.0959324940534536e+16,-0.05,3174.55
2026-01-26 15:00:00+00:00,long,sell - direction_change,87630.4,88137.0,4.117563518219429e+16,0.53,3175.08
2026-01-26 15:00:00+00:00,short,buy,88137.0,,4.115504736460319e+16,-0.05,3175.03
2026-01-26 17:00:00+00:00,short,sell - direction_change,88137.0,87579.5,4.139479114645394e+16,0.58,3175.61
2026-01-26 17:00:00+00:00,long,buy,87579.5,,4.137409375088071e+16,-0.05,3175.56
2026-01-26 20:00:00+00:00,long,sell - direction_change,87579.5,87965.5,4.1535759882407064e+16,0.39,3175.95
2026-01-26 20:00:00+00:00,short,buy,87965.5,,4.1514992002465864e+16,-0.05,3175.9
2026-01-26 21:00:00+00:00,short,sell - direction_change,87965.5,87595.3,4.1668949025671736e+16,0.37,3176.28
2026-01-26 21:00:00+00:00,long,buy,87595.3,,4.1648114551158904e+16,-0.05,3176.23
2026-01-27 09:00:00+00:00,long,sell - direction_change,87595.3,88137.6,4.188513278132447e+16,0.57,3176.79
2026-01-27 09:00:00+00:00,short,buy,88137.6,,4.186419021493381e+16,-0.05,3176.74
2026-01-27 12:00:00+00:00,short,sell - direction_change,88137.6,87947.4,4.1933600595442664e+16,0.17,3176.91
2026-01-27 12:00:00+00:00,long,buy,87947.4,,4.191263379514494e+16,-0.05,3176.86
2026-01-27 13:00:00+00:00,long,sell - direction_change,87947.4,87952.1,4.18939173327381e+16,-0.04,3176.82
2026-01-27 13:00:00+00:00,short,buy,87952.1,,4.187297037407173e+16,-0.05,3176.77
2026-01-27 16:00:00+00:00,short,sell - direction_change,87952.1,88000.1,4.182918164797225e+16,-0.1,3176.66
2026-01-27 16:00:00+00:00,long,buy,88000.1,,4.1808267057148264e+16,-0.05,3176.61
2026-01-27 17:00:00+00:00,long,sell - direction_change,88000.1,88604.9,4.207469941433007e+16,0.64,3177.25
2026-01-27 17:00:00+00:00,short,buy,88604.9,,4.2053662064622904e+16,-0.05,3177.2
2026-01-27 18:00:00+00:00,short,sell - direction_change,88604.9,87510.3,4.255215434027584e+16,1.19,3178.38
2026-01-27 18:00:00+00:00,long,buy,87510.3,,4.2530878263105704e+16,-0.05,3178.33
2026-01-28 08:00:00+00:00,long,sell - direction_change,87510.3,89106.8,4.3285527740813064e+16,1.77,3180.11
2026-01-28 08:00:00+00:00,short,buy,89106.8,,4.326388497694266e+16,-0.05,3180.06
2026-01-28 09:00:00+00:00,short,sell - direction_change,89106.8,88901.1,4.3342126233129896e+16,0.18,3180.24
2026-01-28 09:00:00+00:00,long,buy,88901.1,,4.332045517001333e+16,-0.05,3180.19
2026-01-28 19:00:00+00:00,long,sell - direction_change,88901.1,89500.9,4.359107039246182e+16,0.62,3180.81
2026-01-28 19:00:00+00:00,short,buy,89500.9,,4.356927485726559e+16,-0.05,3180.76
2026-01-28 21:00:00+00:00,short,sell - direction_change,89500.9,89100.0,4.3742649400250536e+16,0.4,3181.16
2026-01-28 21:00:00+00:00,long,buy,89100.0,,4.372077807555041e+16,-0.05,3181.11
2026-01-28 23:00:00+00:00,long,sell - direction_change,89100.0,89347.1,4.38201680149354e+16,0.23,3181.34
2026-01-28 23:00:00+00:00,short,buy,89347.1,,4.379825793092794e+16,-0.05,3181.29
2026-01-29 04:00:00+00:00,short,sell - direction_change,89347.1,88003.2,4.44351432374212e+16,1.45,3182.74
2026-01-29 04:00:00+00:00,long,buy,88003.2,,4.441292566580249e+16,-0.05,3182.69
2026-01-29 05:00:00+00:00,long,sell - direction_change,88003.2,88270.0,4.452536622225566e+16,0.25,3182.95
2026-01-29 05:00:00+00:00,short,buy,88270.0,,4.4503103539144536e+16,-0.05,3182.9
2026-01-29 12:00:00+00:00,short,sell - direction_change,88270.0,87795.1,4.472028241527504e+16,0.49,3183.38
2026-01-29 12:00:00+00:00,long,buy,87795.1,,4.46979222740674e+16,-0.05,3183.33
2026-01-29 13:00:00+00:00,long,sell - direction_change,87795.1,88073.9,4.48175149558012e+16,0.27,3183.6
2026-01-29 13:00:00+00:00,short,buy,88073.9,,4.47951061983233e+16,-0.05,3183.55
2026-01-29 15:14:00+00:00,short,sell - take_profit,88073.9,85431.68299999999,4.611656183117383e+16,2.95,3186.5
2026-01-29 16:00:00+00:00,short,buy,84897.9,,4.609350355025825e+16,-0.05,3186.45
2026-01-29 19:00:00+00:00,short,sell - direction_change,84897.9,83440.8,4.686155815697469e+16,1.67,3188.12
2026-01-29 19:00:00+00:00,long,buy,83440.8,,4.683812737789619e+16,-0.05,3188.07
2026-01-30 00:00:00+00:00,long,sell - direction_change,83440.8,84604.7,4.7468044529285864e+16,1.34,3189.41
2026-01-30 00:00:00+00:00,short,buy,84604.7,,4.744431050702123e+16,-0.05,3189.36
2026-01-30 01:41:00+00:00,short,sell - take_profit,84604.7,82066.559,4.884391766697835e+16,2.95,3192.31
2026-01-30 02:00:00+00:00,short,buy,82434.7,,4.881949570814487e+16,-0.05,3192.26
2026-01-30 03:00:00+00:00,short,sell - direction_change,82434.7,82128.0,4.897671990004782e+16,0.32,3192.58
2026-01-30 03:00:00+00:00,long,buy,82128.0,,4.895223154009779e+16,-0.05,3192.53
2026-01-30 06:00:00+00:00,long,sell - direction_change,82128.0,82873.5,4.937210922100054e+16,0.86,3193.39
2026-01-30 06:00:00+00:00,short,buy,82873.5,,4.934742316639004e+16,-0.05,3193.34
2026-01-30 11:00:00+00:00,short,sell - direction_change,82873.5,82793.2,4.937056447505168e+16,0.05,3193.39
2026-01-30 11:00:00+00:00,long,buy,82793.2,,4.934587919281415e+16,-0.05,3193.34
2026-01-30 15:00:00+00:00,long,sell - direction_change,82793.2,83061.5,4.948111672155853e+16,0.27,3193.61
2026-01-30 15:00:00+00:00,short,buy,83061.5,,4.945637616319774e+16,-0.05,3193.56
2026-01-30 16:00:00+00:00,short,sell - direction_change,83061.5,82850.1,4.955751950309121e+16,0.2,3193.77
2026-01-30 16:00:00+00:00,long,buy,82850.1,,4.953274074333966e+16,-0.05,3193.72
2026-01-30 18:22:00+00:00,long,sell - stop_loss,82850.1,82021.599,4.90126469655346e+16,-1.05,3192.67
2026-01-30 19:00:00+00:00,long,buy,83897.3,,4.8988140642051816e+16,-0.05,3192.62
2026-01-31 07:00:00+00:00,long,sell - direction_change,83897.3,83739.1,4.887127263538753e+16,-0.24,3192.38
2026-01-31 07:00:00+00:00,short,buy,83739.1,,4.884683699906983e+16,-0.05,3192.33
2026-01-31 10:00:00+00:00,short,sell - direction_change,83739.1,83075.3,4.920962254746847e+16,0.74,3193.07
2026-01-31 10:00:00+00:00,long,buy,83075.3,,4.918501773619474e+16,-0.05,3193.02
2026-01-31 11:00:00+00:00,long,sell - direction_change,83075.3,83121.0,4.918748206986038e+16,0.01,3193.03
2026-01-31 11:00:00+00:00,short,buy,83121.0,,4.916288832882546e+16,-0.05,3192.98
2026-01-31 16:16:00+00:00,short,sell - take_profit,83121.0,80627.37,5.061319353452581e+16,2.95,3195.93
2026-01-31 17:00:00+00:00,short,buy,80321.0,,5.058788693775854e+16,-0.05,3195.88
2026-01-31 18:21:00+00:00,short,sell - take_profit,80321.0,77911.37,5.2080229602422424e+16,2.95,3198.83
2026-01-31 19:00:00+00:00,short,buy,77996.8,,5.205418948762122e+16,-0.05,3198.78
2026-01-31 23:00:00+00:00,short,sell - direction_change,77996.8,78114.4,5.194967747190958e+16,-0.2,3198.58
2026-01-31 23:00:00+00:00,long,buy,78114.4,,5.1923702633173624e+16,-0.05,3198.53
2026-02-01 01:00:00+00:00,long,sell - direction_change,78114.4,78861.3,5.239421535628528e+16,0.91,3199.43
2026-02-01 01:00:00+00:00,short,buy,78861.3,,5.236801824860714e+16,-0.05,3199.38
2026-02-01 04:00:00+00:00,short,sell - direction_change,78861.3,78826.3,5.236507606581211e+16,-0.01,3199.38
2026-02-01 04:00:00+00:00,long,buy,78826.3,,5.233889352777921e+16,-0.05,3199.33
2026-02-01 05:00:00+00:00,long,sell - direction_change,78826.3,78938.3,5.238708956658437e+16,0.09,3199.42
2026-02-01 05:00:00+00:00,short,buy,78938.3,,5.236089602180107e+16,-0.05,3199.37
2026-02-01 07:00:00+00:00,short,sell - direction_change,78938.3,78263.0,5.2782651659106456e+16,0.81,3200.17
2026-02-01 07:00:00+00:00,long,buy,78263.0,,5.2756260333276904e+16,-0.05,3200.12
2026-02-01 10:00:00+00:00,long,sell - direction_change,78263.0,78996.9,5.322459642897168e+16,0.89,3201.01
2026-02-01 10:00:00+00:00,short,buy,78996.9,,5.319798413075719e+16,-0.05,3200.96
2026-02-01 11:00:00+00:00,short,sell - direction_change,78996.9,78240.0,5.368109569934128e+16,0.91,3201.87
2026-02-01 11:00:00+00:00,long,buy,78240.0,,5.365425515149161e+16,-0.05,3201.82
2026-02-01 12:00:00+00:00,long,sell - direction_change,78240.0,78712.1,5.395117768977756e+16,0.55,3202.37
2026-02-01 12:00:00+00:00,short,buy,78712.1,,5.392420210093267e+16,-0.05,3202.32
2026-02-01 18:00:00+00:00,short,sell - direction_change,78712.1,77711.1,5.4583006563130216e+16,1.22,3203.55
2026-02-01 18:00:00+00:00,long,buy,77711.1,,5.455571505984866e+16,-0.05,3203.5
2026-02-01 19:00:00+00:00,long,sell - direction_change,77711.1,77995.9,5.472837604823706e+16,0.32,3203.81
2026-02-01 19:00:00+00:00,short,buy,77995.9,,5.470101186021294e+16,-0.05,3203.76
2026-02-01 22:00:00+00:00,short,sell - direction_change,77995.9,76489.0,5.573049837741038e+16,1.88,3205.64
2026-02-01 22:00:00+00:00,long,buy,76489.0,,5.570263312822167e+16,-0.05,3205.59
2026-02-01 23:00:00+00:00,long,sell - direction_change,76489.0,77211.4,5.62008650677052e+16,0.89,3206.49
2026-02-01 23:00:00+00:00,short,buy,77211.4,,5.617276463517135e+16,-0.05,3206.44
2026-02-02 00:00:00+00:00,short,sell - direction_change,77211.4,76931.6,5.63482380839787e+16,0.31,3206.75
2026-02-02 00:00:00+00:00,long,buy,76931.6,,5.63200639649367e+16,-0.05,3206.7
2026-02-02 01:00:00+00:00,long,sell - direction_change,76931.6,77638.5,5.680941108498037e+16,0.87,3207.57
2026-02-02 01:00:00+00:00,short,buy,77638.5,,5.678100637943787e+16,-0.05,3207.52
2026-02-02 03:21:00+00:00,short,sell - take_profit,77638.5,75309.345,5.84560460676313e+16,2.95,3210.47
2026-02-02 04:00:00+00:00,short,buy,76256.2,,5.842681804459748e+16,-0.05,3210.42
2026-02-02 06:00:00+00:00,short,sell - direction_change,76256.2,75449.6,5.9015614337537416e+16,1.01,3211.43
2026-02-02 06:00:00+00:00,long,buy,75449.6,,5.898610653036863e+16,-0.05,3211.38
2026-02-02 09:47:00+00:00,long,sell - take_profit,75449.6,77713.088,6.0726196673014504e+16,2.95,3214.33
2026-02-02 10:00:00+00:00,long,buy,77666.0,,6.069583357467801e+16,-0.05,3214.28
2026-02-03 02:00:00+00:00,long,sell - direction_change,77666.0,78980.0,6.169237419749779e+16,1.64,3215.92
2026-02-03 02:00:00+00:00,short,buy,78980.0,,6.166152801039904e+16,-0.05,3215.87
2026-02-03 03:00:00+00:00,short,sell - direction_change,78980.0,77774.8,6.2571624994660904e+16,1.48,3217.35
2026-02-03 03:00:00+00:00,long,buy,77774.8,,6.2540339182163576e+16,-0.05,3217.3
2026-02-03 05:00:00+00:00,long,sell - direction_change,77774.8,78767.5,6.330731979182405e+16,1.23,3218.52
2026-02-03 05:00:00+00:00,short,buy,78767.5,,6.3275666131928136e+16,-0.05,3218.47
2026-02-03 06:00:00+00:00,short,sell - direction_change,78767.5,78202.8,6.3697664235824744e+16,0.67,3219.14
2026-02-03 06:00:00+00:00,long,buy,78202.8,,6.366581540370683e+16,-0.05,3219.09
2026-02-03 09:00:00+00:00,long,sell - direction_change,78202.8,78708.7,6.404584161118672e+16,0.6,3219.69
2026-02-03 09:00:00+00:00,short,buy,78708.7,,6.401381869038113e+16,-0.05,3219.64
2026-02-03 12:00:00+00:00,short,sell - direction_change,78708.7,78040.1,6.452558444119153e+16,0.8,3220.44
2026-02-03 12:00:00+00:00,long,buy,78040.1,,6.4493321648970936e+16,-0.05,3220.39
2026-02-03 13:00:00+00:00,long,sell - direction_change,78040.1,78289.8,6.466743021341843e+16,0.27,3220.66
2026-02-03 13:00:00+00:00,short,buy,78289.8,,6.463509649831172e+16,-0.05,3220.61
2026-02-03 17:11:00+00:00,short,sell - take_profit,78289.8,75941.106,6.654183184501192e+16,2.95,3223.56
2026-02-03 18:00:00+00:00,short,buy,74882.4,,6.6508560929089416e+16,-0.05,3223.51
2026-02-03 19:00:00+00:00,short,sell - direction_change,74882.4,73111.7,6.804799540909647e+16,2.31,3225.82
2026-02-03 19:00:00+00:00,long,buy,73111.7,,6.801397141139192e+16,-0.05,3225.77
2026-02-03 20:20:00+00:00,long,sell - take_profit,73111.7,75305.05099999999,7.0020383568027976e+16,2.95,3228.72
2026-02-03 21:00:00+00:00,short,buy,76431.9,,6.998537337624396e+16,-0.05,3228.67
2026-02-03 23:00:00+00:00,short,sell - direction_change,76431.9,75672.5,7.0645730308522776e+16,0.94,3229.61
2026-02-03 23:00:00+00:00,long,buy,75672.5,,7.061040744336851e+16,-0.05,3229.56
2026-02-04 02:00:00+00:00,long,sell - direction_change,75672.5,76392.1,7.124656478147178e+16,0.9,3230.46
2026-02-04 02:00:00+00:00,short,buy,76392.1,,7.121094149908104e+16,-0.05,3230.41
2026-02-04 03:00:00+00:00,short,sell - direction_change,76392.1,75926.9,7.160898466458281e+16,0.56,3230.97
2026-02-04 03:00:00+00:00,long,buy,75926.9,,7.157318017225052e+16,-0.05,3230.92
2026-02-04 07:00:00+00:00,long,sell - direction_change,75926.9,76616.8,7.218773406756333e+16,0.86,3231.78
2026-02-04 07:00:00+00:00,short,buy,76616.8,,7.215164020052955e+16,-0.05,3231.73
2026-02-04 08:00:00+00:00,short,sell - direction_change,76616.8,76478.9,7.224542768956845e+16,0.13,3231.86
2026-02-04 08:00:00+00:00,long,buy,76478.9,,7.220930497572366e+16,-0.05,3231.81
2026-02-04 09:00:00+00:00,long,sell - direction_change,76478.9,76541.2,7.223202229504747e+16,0.03,3231.84
2026-02-04 09:00:00+00:00,short,buy,76541.2,,7.219590628389995e+16,-0.05,3231.79
2026-02-04 10:00:00+00:00,short,sell - direction_change,76541.2,76082.0,7.25929392480361e+16,0.55,3232.34
2026-02-04 10:00:00+00:00,long,buy,76082.0,,7.255664277841208e+16,-0.05,3232.29
2026-02-04 11:00:00+00:00,long,sell - direction_change,76082.0,76266.7,7.269650614521683e+16,0.19,3232.49
2026-02-04 11:00:00+00:00,short,buy,76266.7,,7.266015789214422e+16,-0.05,3232.44
2026-02-04 12:00:00+00:00,short,sell - direction_change,76266.7,75987.6,7.28897295772406e+16,0.32,3232.75
2026-02-04 12:00:00+00:00,long,buy,75987.6,,7.285328471245198e+16,-0.05,3232.7
2026-02-04 13:00:00+00:00,long,sell - direction_change,75987.6,76160.0,7.298214696307864e+16,0.18,3232.88
2026-02-04 13:00:00+00:00,short,buy,76160.0,,7.29456558895971e+16,-0.05,3232.83
2026-02-04 15:02:00+00:00,short,sell - take_profit,76160.0,73875.2,7.509755273834022e+16,2.95,3235.78
2026-02-04 16:00:00+00:00,short,buy,74107.0,,7.506000396197106e+16,-0.05,3235.73
2026-02-04 18:00:00+00:00,short,sell - direction_change,74107.0,72544.3,7.660527002772149e+16,2.06,3237.79
2026-02-04 18:00:00+00:00,long,buy,72544.3,,7.656696739270763e+16,-0.05,3237.74
2026-02-04 19:00:00+00:00,long,sell - direction_change,72544.3,73398.4,7.743014476603397e+16,1.13,3238.86
2026-02-04 19:00:00+00:00,short,buy,73398.4,,7.739142969365094e+16,-0.05,3238.81
2026-02-04 20:04:00+00:00,short,sell - stop_loss,73398.4,74132.38399999999,7.657881968186762e+16,-1.05,3237.76
2026-02-04 21:00:00+00:00,short,buy,73488.9,,7.654053027202669e+16,-0.05,3237.71
2026-02-04 23:00:00+00:00,short,sell - direction_change,73488.9,72511.0,7.752076735361942e+16,1.28,3239.0
2026-02-04 23:00:00+00:00,long,buy,72511.0,,7.748200696994261e+16,-0.05,3238.95
2026-02-05 00:00:00+00:00,long,sell - direction_change,72511.0,73137.5,7.811271580671179e+16,0.81,3239.76
2026-02-05 00:00:00+00:00,short,buy,73137.5,,7.807365944880843e+16,-0.05,3239.71
2026-02-05 04:06:00+00:00,short,sell - take_profit,73137.5,70943.375,8.037683240254829e+16,2.95,3242.66
2026-02-05 05:00:00+00:00,short,buy,70863.9,,8.0336643986347e+16,-0.05,3242.61
2026-02-05 06:00:00+00:00,short,sell - direction_change,70863.9,70694.8,8.048818013585611e+16,0.19,3242.8
2026-02-05 06:00:00+00:00,long,buy,70694.8,,8.044793604578818e+16,-0.05,3242.75
2026-02-05 07:00:00+00:00,long,sell - direction_change,70694.8,70911.5,8.065430825939565e+16,0.26,3243.0
2026-02-05 07:00:00+00:00,short,buy,70911.5,,8.061398110526595e+16,-0.05,3242.95
2026-02-05 09:08:00+00:00,short,sell - stop_loss,70911.5,71620.615,7.976753430366066e+16,-1.05,3241.9
2026-02-05 10:00:00+00:00,short,buy,71531.6,,7.972765053650883e+16,-0.05,3241.85
2026-02-05 12:19:00+00:00,short,sell - take_profit,71531.6,69385.652,8.207961622733584e+16,2.95,3244.8
2026-02-05 13:00:00+00:00,short,buy,69532.9,,8.203857641922218e+16,-0.05,3244.75
2026-02-05 14:02:00+00:00,short,sell - stop_loss,69532.9,70228.22899999999,8.117717136682035e+16,-1.05,3243.7
2026-02-05 15:00:00+00:00,short,buy,69365.4,,8.113658278113694e+16,-0.05,3243.65
2026-02-05 15:23:00+00:00,short,sell - take_profit,69365.4,67284.438,8.353011197318048e+16,2.95,3246.6
2026-02-05 16:00:00+00:00,short,buy,67452.0,,8.348834691719389e+16,-0.05,3246.55
2026-02-05 16:24:00+00:00,short,sell - stop_loss,67452.0,68126.52,8.261171927456334e+16,-1.05,3245.5
2026-02-05 17:00:00+00:00,short,buy,68262.7,,8.257041341492606e+16,-0.05,3245.45
2026-02-05 17:57:00+00:00,short,sell - take_profit,68262.7,66214.81899999999,8.50062406106664e+16,2.95,3248.4
2026-02-05 18:00:00+00:00,short,buy,66153.8,,8.496373749036107e+16,-0.05,3248.35
2026-02-05 20:17:00+00:00,short,sell - take_profit,66153.8,64169.186,8.747016774632672e+16,2.95,3251.3
2026-02-05 21:00:00+00:00,short,buy,63750.9,,8.742643266245355e+16,-0.05,3251.25
2026-02-05 21:00:00+00:00,short,sell - stop_loss,63750.9,64388.409,8.65084551194978e+16,-1.05,3250.2
2026-02-05 22:00:00+00:00,short,buy,63188.8,,8.646520089193805e+16,-0.05,3250.15
2026-02-05 22:28:00+00:00,short,sell - stop_loss,63188.8,63820.688,8.55573162825727e+16,-1.05,3249.1
2026-02-05 23:00:00+00:00,short,buy,63878.7,,8.551453762443142e+16,-0.05,3249.05
2026-02-05 23:04:00+00:00,short,sell - stop_loss,63878.7,64517.487,8.46166349793749e+16,-1.05,3248.0
2026-02-06 00:00:00+00:00,long,buy,62868.1,,8.457432666188522e+16,-0.05,3247.95
2026-02-06 00:03:00+00:00,long,sell - stop_loss,62868.1,62239.418999999994,8.368629623193541e+16,-1.05,3246.9
2026-02-06 01:00:00+00:00,long,buy,63460.4,,8.364445308381944e+16,-0.05,3246.85
2026-02-06 01:48:00+00:00,long,sell - take_profit,63460.4,65364.21200000001,8.611196444979213e+16,2.95,3249.8
2026-02-06 02:00:00+00:00,short,buy,65666.0,,8.606890846756723e+16,-0.05,3249.75
2026-02-06 04:00:00+00:00,short,sell - direction_change,65666.0,64138.1,8.802850376461411e+16,2.28,3252.03
2026-02-06 04:00:00+00:00,long,buy,64138.1,,8.79844895127318e+16,-0.05,3251.98
2026-02-06 05:50:00+00:00,long,sell - take_profit,64138.1,66062.243,9.05800319533574e+16,2.95,3254.93
2026-02-06 06:00:00+00:00,long,buy,66365.3,,9.053474193738074e+16,-0.05,3254.88
2026-02-06 06:20:00+00:00,long,sell - stop_loss,66365.3,65701.647,8.958412714703822e+16,-1.05,3253.83
2026-02-06 07:00:00+00:00,long,buy,64947.6,,8.95393350834647e+16,-0.05,3253.78
2026-02-06 13:12:00+00:00,long,sell - take_profit,64947.6,66896.028,9.218074546842693e+16,2.95,3256.73
2026-02-06 14:00:00+00:00,long,buy,67274.9,,9.213465509569272e+16,-0.05,3256.68
2026-02-06 14:21:00+00:00,long,sell - stop_loss,67274.9,66602.151,9.116724121718795e+16,-1.05,3255.63
2026-02-06 15:00:00+00:00,long,buy,68149.1,,9.112165759657936e+16,-0.05,3255.58
2026-02-06 17:10:00+00:00,long,sell - take_profit,68149.1,70193.573,9.380974649567845e+16,2.95,3258.53
2026-02-06 18:00:00+00:00,long,buy,70707.3,,9.376284162243062e+16,-0.05,3258.48
2026-02-06 18:07:00+00:00,long,sell - stop_loss,70707.3,70000.227,9.27783317853951e+16,-1.05,3257.43
2026-02-06 19:00:00+00:00,long,buy,69728.7,,9.273194261950238e+16,-0.05,3257.38
2026-02-07 06:00:00+00:00,long,sell - direction_change,69728.7,70124.6,9.321208260747571e+16,0.52,3257.9
2026-02-07 06:00:00+00:00,short,buy,70124.6,,9.316547656617197e+16,-0.05,3257.85
2026-02-07 07:00:00+00:00,short,sell - direction_change,70124.6,68733.6,9.49669354267507e+16,1.93,3259.78
2026-02-07 07:00:00+00:00,long,buy,68733.6,,9.491945195903734e+16,-0.05,3259.73
2026-02-07 07:14:00+00:00,long,sell - stop_loss,68733.6,68046.26400000001,9.392279771346744e+16,-1.05,3258.68
2026-02-07 08:00:00+00:00,long,buy,68050.5,,9.38758363146107e+16,-0.05,3258.63
2026-02-07 10:00:00+00:00,long,sell - direction_change,68050.5,68107.3,9.390725413965395e+16,0.03,3258.67
2026-02-07 10:00:00+00:00,short,buy,68107.3,,9.386030051258414e+16,-0.05,3258.62
2026-02-07 12:00:00+00:00,short,sell - direction_change,68107.3,67935.0,9.405082111692125e+16,0.2,3258.82
2026-02-07 12:00:00+00:00,long,buy,67935.0,,9.400379570636278e+16,-0.05,3258.77
2026-02-07 12:19:00+00:00,long,sell - take_profit,67935.0,69973.05,9.67769076797005e+16,2.95,3261.72
2026-02-07 13:00:00+00:00,long,buy,68988.7,,9.672851922586066e+16,-0.05,3261.67
2026-02-07 14:00:00+00:00,long,sell - direction_change,68988.7,69062.9,9.67841902086361e+16,0.06,3261.73
2026-02-07 14:00:00+00:00,short,buy,69062.9,,9.673579811353176e+16,-0.05,3261.68
2026-02-07 15:00:00+00:00,short,sell - direction_change,69062.9,68615.8,9.73136792618877e+16,0.6,3262.27
2026-02-07 15:00:00+00:00,long,buy,68615.8,,9.726502242225674e+16,-0.05,3262.22
2026-02-07 16:00:00+00:00,long,sell - direction_change,68615.8,69122.1,9.79340858477306e+16,0.69,3262.91
2026-02-07 16:00:00+00:00,short,buy,69122.1,,9.788511880480672e+16,-0.05,3262.86
2026-02-07 16:05:00+00:00,short,sell - stop_loss,69122.1,69813.32100000001,9.685732505735624e+16,-1.05,3261.81
2026-02-07 17:00:00+00:00,long,buy,68924.4,,9.680889639482757e+16,-0.05,3261.76
2026-02-07 23:00:00+00:00,long,sell - direction_change,68924.4,69368.2,9.738383851504459e+16,0.59,3262.36
2026-02-07 23:00:00+00:00,short,buy,69368.2,,9.733514659578707e+16,-0.05,3262.31
2026-02-08 01:00:00+00:00,short,sell - direction_change,69368.2,69100.3,9.766238737491885e+16,0.34,3262.64
2026-02-08 01:00:00+00:00,long,buy,69100.3,,9.76135561812314e+16,-0.05,3262.59
2026-02-08 03:00:00+00:00,long,sell - direction_change,69100.3,69335.7,9.789728386572722e+16,0.29,3262.88
2026-02-08 03:00:00+00:00,short,buy,69335.7,,9.784833522379437e+16,-0.05,3262.83
2026-02-08 04:00:00+00:00,short,sell - direction_change,69335.7,69064.7,9.818185327347669e+16,0.34,3263.17
2026-02-08 04:00:00+00:00,long,buy,69064.7,,9.813276234683997e+16,-0.05,3263.12
2026-02-08 05:00:00+00:00,long,sell - direction_change,69064.7,69303.4,9.842286040672237e+16,0.3,3263.42
2026-02-08 05:00:00+00:00,short,buy,69303.4,,9.837364897651902e+16,-0.05,3263.37
2026-02-08 06:00:00+00:00,short,sell - direction_change,69303.4,69190.8,9.848429374578744e+16,0.11,3263.48
2026-02-08 06:00:00+00:00,long,buy,69190.8,,9.843505159891451e+16,-0.05,3263.43
2026-02-08 12:57:00+00:00,long,sell - take_profit,69190.8,71266.524,1.0133888562108253e+17,2.95,3266.38
2026-02-08 13:00:00+00:00,long,buy,71203.4,,1.0128821617827197e+17,-0.05,3266.33
2026-02-08 16:49:00+00:00,long,sell - stop_loss,71203.4,70491.366,1.0022468990840011e+17,-1.05,3265.28
2026-02-08 17:00:00+00:00,long,buy,70388.6,,1.001745775634459e+17,-0.05,3265.23
2026-02-09 07:00:00+00:00,long,sell - direction_change,70388.6,70622.4,1.0045722620398133e+17,0.28,3265.51
2026-02-09 07:00:00+00:00,short,buy,70622.4,,1.0040699759087933e+17,-0.05,3265.46
2026-02-09 10:41:00+00:00,short,sell - take_profit,70622.4,68503.72799999999,1.0336900401981029e+17,2.95,3268.41
2026-02-09 11:00:00+00:00,short,buy,68694.1,,1.0331731951780038e+17,-0.05,3268.36
2026-02-09 14:40:00+00:00,short,sell - stop_loss,68694.1,69381.04100000001,1.0223248766286346e+17,-1.05,3267.31
2026-02-09 15:00:00+00:00,short,buy,69232.5,,1.0218137141903205e+17,-0.05,3267.26
2026-02-09 16:00:00+00:00,short,sell - direction_change,69232.5,69528.9,1.016928191583599e+17,-0.48,3266.79
2026-02-09 16:00:00+00:00,long,buy,69528.9,,1.0164197274878074e+17,-0.05,3266.74
2026-02-10 00:00:00+00:00,long,sell - direction_change,69528.9,70110.6,1.0244151953103157e+17,0.79,3267.52
2026-02-10 00:00:00+00:00,short,buy,70110.6,,1.0239029877126605e+17,-0.05,3267.47
2026-02-10 01:30:00+00:00,short,sell - end_of_backtest,70110.6,70309.7,1.0204833577100824e+17,-0.33,3267.14
